2 0.000000 100.000000 5791.461216
573 478 
1 -20.101635 0.000000 -20.151635 95.128131 -0.000006 30.818501 0.000086 
2 20.964375 0.000000 -20.151635 95.132134 0.000000 30.793035 0.000167 
3 20.964375 0.000000 20.168012 95.166370 -0.000028 30.727687 -0.000083 
4 -20.101635 0.000000 20.168012 95.141830 -0.000004 30.817179 -0.000167 
5 0.431370 0.000000 0.008188 85.810409 0.388299 -5.456023 0.260665 
6 -20.101635 0.000000 0.008188 95.136037 -0.000011 30.826097 -0.000111 
7 0.431370 0.000000 -20.151635 95.118599 -0.000003 30.802317 0.000367 
8 20.964375 0.000000 0.008188 95.248214 -0.000023 30.442898 0.000101 
9 0.431370 0.000000 20.168012 95.160654 0.000000 30.790514 -0.000361 
10 10.697873 0.000000 -10.071724 95.128808 0.000011 30.722570 0.000663 
11 0.431370 0.000000 -10.071724 95.074794 0.000007 30.759063 0.001466 
12 10.697873 0.000000 -20.151635 95.125344 0.000001 30.792251 0.000301 
13 20.964375 0.000000 -10.071724 95.143119 -0.000001 30.752549 0.000207 
14 10.697873 0.000000 0.008188 95.544042 0.000171 29.472004 0.000274 
15 -9.835133 0.000000 -10.071724 95.112448 -0.000017 30.824126 0.000350 
16 -20.101635 0.000000 -10.071724 95.128858 -0.000010 30.822782 0.000046 
17 -9.835133 0.000000 -20.151635 95.122339 -0.000007 30.814811 0.000219 
18 -9.835133 0.000000 0.008188 95.143658 -0.000026 30.854873 -0.000434 
19 10.697873 0.000000 10.088100 95.258676 -0.000110 30.481066 -0.000331 
20 0.431370 0.000000 10.088100 95.240606 0.000035 30.714959 -0.001418 
21 20.964375 0.000000 10.088100 95.484536 -0.000515 29.738531 -0.000168 
22 10.697873 0.000000 20.168012 95.162199 -0.000008 30.761527 -0.000212 
23 5.564621 0.000000 -5.031768 95.115130 0.000047 30.449307 0.002595 
24 0.431370 0.000000 -5.031768 94.905115 0.000102 30.589070 0.005733 
25 5.564621 0.000000 -10.071724 95.101842 0.000018 30.719370 0.001196 
26 10.697873 0.000000 -5.031768 95.171868 0.000026 30.563482 0.000819 
27 5.564621 0.000000 0.008188 96.323184 0.000356 26.831100 0.000194 
28 -9.835133 0.000000 10.088100 95.167332 -0.000005 30.819152 -0.000664 
29 -20.101635 0.000000 10.088100 95.142455 -0.000007 30.821744 -0.000207 
30 -9.835133 0.000000 20.168012 95.150814 -0.000002 30.811003 -0.000300 
31 -4.701881 0.000000 -5.031768 95.049010 -0.001908 30.844232 0.001432 
32 -9.835133 0.000000 -5.031768 95.115052 -0.000026 30.841295 0.000194 
33 -4.701881 0.000000 -10.071724 95.089275 -0.000013 30.809024 0.000883 
34 -4.701881 0.000000 0.008188 95.168755 0.000029 30.969588 -0.001621 
35 5.564621 0.000000 5.048144 95.564115 0.000603 29.680815 -0.001345 
36 0.431370 0.000000 5.048144 95.539424 0.011103 30.438634 -0.005429 
37 10.697873 0.000000 5.048144 96.062470 -0.000492 27.970922 -0.001037 
38 5.564621 0.000000 10.088100 95.245105 -0.000012 30.604825 -0.000829 
39 2.997996 0.000000 -2.511790 95.026034 0.001097 29.467069 0.010174 
40 0.431370 0.000000 -2.511790 94.216363 0.006394 29.966312 0.022530 
41 2.997996 0.000000 -5.031768 95.011382 0.004355 30.437293 0.004641 
42 5.564621 0.000000 -2.511790 95.269485 -0.010811 29.862137 0.003198 
43 2.997996 0.000000 0.008188 97.874711 -0.000739 20.868271 -0.001494 
44 -4.701881 0.000000 5.048144 95.266900 0.003788 30.827019 -0.002609 
45 -9.835133 0.000000 5.048144 95.169640 -0.000012 30.837523 -0.000821 
46 -4.701881 0.000000 10.088100 95.202768 0.000012 30.794787 -0.001189 
47 -2.135256 0.000000 -2.511790 94.793467 0.000394 30.912047 0.005864 
48 -4.701881 0.000000 -2.511790 95.056732 -0.000018 30.913309 0.000859 
49 -2.135256 0.000000 -5.031768 94.957801 0.000013 30.783207 0.003541 
50 -2.135256 0.000000 0.008188 95.232550 0.004117 31.479527 -0.006020 
51 2.997996 0.000000 2.528166 96.339430 0.000280 27.767781 -0.005234 
52 0.431370 0.000000 2.528166 96.576026 -0.003176 29.595817 -0.020284 
53 5.564621 0.000000 2.528166 96.936121 0.002757 25.323697 -0.003790 
54 2.997996 0.000000 5.048144 95.541810 0.011001 30.058682 -0.003176 
55 1.714683 0.000000 -1.251801 94.682367 -0.001088 26.884059 0.031250 
56 0.431370 0.000000 -1.251801 92.453556 0.012073 28.163363 0.065916 
57 1.714683 0.000000 -2.511790 94.672378 0.002351 29.469437 0.016869 
58 2.997996 0.000000 -1.251801 95.477856 0.001986 27.776809 0.011243 
59 1.714683 0.000000 0.008188 98.842251 0.093761 9.649416 0.013709 
60 -2.135256 0.000000 2.528166 95.639848 0.006604 30.863693 -0.009955 
61 -4.701881 0.000000 2.528166 95.273957 0.000101 30.901504 -0.003203 
62 -2.135256 0.000000 5.048144 95.401529 0.000282 30.735137 -0.004610 
63 -0.851943 0.000000 -1.251801 93.741973 0.003178 31.154062 0.024187 
64 -2.135256 0.000000 -1.251801 94.804206 0.000043 31.183140 0.003977 
65 -0.851943 0.000000 -2.511790 94.457772 -0.004638 30.657134 0.013787 
66 -0.851943 0.000000 0.008188 95.199802 0.002017 33.654655 -0.019564 
67 1.714683 0.000000 1.268177 97.625326 0.011212 24.560065 -0.013390 
68 0.431370 0.000000 1.268177 99.263469 0.006520 27.488030 -0.060883 
69 2.997996 0.000000 1.268177 97.861093 0.004445 22.438966 -0.008030 
70 1.714683 0.000000 2.528166 96.394679 -0.000073 28.585162 -0.010905 
71 1.073026 0.000000 -0.621806 93.448834 0.023027 21.694905 0.079665 
72 0.431370 0.000000 -0.621806 88.415180 0.026264 23.598458 0.162587 
73 1.073026 0.000000 -1.251801 93.648677 0.013615 26.920466 0.050521 
74 1.714683 0.000000 -0.621806 95.466156 0.003643 23.278903 0.034431 
75 1.073026 0.000000 0.008188 97.833381 0.051805 3.066624 0.041922 
76 -0.851943 0.000000 1.268177 96.956611 0.001996 31.113238 -0.036862 
77 -2.135256 0.000000 1.268177 95.656423 0.007452 31.162870 -0.012128 
78 -0.851943 0.000000 2.528166 96.108539 0.000608 30.543906 -0.016978 
79 -0.210286 0.000000 -0.621806 89.573480 0.031427 31.434575 0.098846 
80 -0.851943 0.000000 -0.621806 93.467040 0.011113 32.419199 0.021291 
81 -0.210286 0.000000 -1.251801 92.828791 0.004881 30.153645 0.047357 
82 -0.210286 0.000000 0.008188 93.212384 0.014655 42.657292 -0.050819 
83 1.073026 0.000000 0.638183 99.540946 0.006171 19.255564 -0.027918 
84 0.431370 0.000000 0.638183 104.618690 0.014154 22.256928 -0.144044 
85 1.714683 0.000000 0.638183 98.568147 0.004787 18.761923 -0.006769 
86 1.073026 0.000000 1.268177 98.205876 0.000646 25.561533 -0.029779 
87 0.752198 0.000000 -0.306809 90.705740 0.041323 13.523862 0.158957 
88 0.431370 0.000000 -0.306809 84.156861 0.075621 15.948177 0.266327 
89 0.752198 0.000000 -0.621806 91.154566 0.018874 21.639144 0.122259 
90 1.073026 0.000000 -0.306809 94.547234 0.013505 15.894126 0.080820 
91 0.752198 0.000000 0.008188 95.425455 0.054673 -2.039943 0.088982 
92 -0.210286 0.000000 0.638183 101.238869 0.012611 31.741497 -0.125683 
93 -0.851943 0.000000 0.638183 97.153382 -0.003538 32.546704 -0.049807 
94 -0.210286 0.000000 1.268177 98.415590 -0.005782 30.036198 -0.058780 
95 0.110542 0.000000 -0.306809 79.920739 0.039526 25.973588 0.293805 
96 -0.210286 0.000000 -0.306809 87.426733 -0.000276 34.756634 0.114854 
97 0.110542 0.000000 -0.621806 88.085705 0.028268 27.842643 0.146569 
98 0.110542 0.000000 0.008188 20.196847 -7.031990 -5.056423 0.951707 
99 0.752198 0.000000 0.323185 101.734711 0.012436 10.719592 -0.046486 
100 0.431370 0.000000 0.323185 109.513205 0.056628 12.338800 -0.214539 
101 1.073026 0.000000 0.323185 99.313550 0.013082 12.880141 -0.002908 
102 0.752198 0.000000 0.638183 101.368654 0.022018 19.803079 -0.066777 
103 0.591784 0.000000 -0.149310 87.429839 0.084554 5.712615 0.232338 
104 0.431370 0.000000 -0.149310 81.006617 0.077368 7.876458 0.337588 
105 0.591784 0.000000 -0.306809 87.801703 0.055702 14.074110 0.209278 
106 0.752198 0.000000 -0.149310 92.104079 0.074640 6.476587 0.147489 
107 0.591784 0.000000 0.008188 70.822973 1.174613 -12.787394 0.481921 
108 0.110542 0.000000 0.323185 114.537208 0.045412 28.024513 -0.390415 
109 -0.210286 0.000000 0.323185 102.942403 0.020927 36.730141 -0.194624 
110 0.110542 0.000000 0.638183 104.819965 0.010952 27.957639 -0.176885 
111 0.270956 0.000000 -0.149310 75.461433 0.059970 13.369931 0.412681 
112 0.110542 0.000000 -0.149310 71.375934 0.074924 21.759578 0.443199 
113 0.270956 0.000000 -0.306809 80.893630 0.049089 19.968665 0.305747 
114 0.270956 0.000000 0.008188 76.903086 0.072983 0.548601 0.408561 
115 0.591784 0.000000 0.165687 102.709753 0.048862 0.456942 -0.054950 
116 0.431370 0.000000 0.165687 112.534574 0.101273 -1.207087 -0.266550 
117 0.752198 0.000000 0.165687 99.432241 0.025945 4.529427 0.009271 
118 0.591784 0.000000 0.323185 104.579921 0.054508 10.676685 -0.105095 
119 0.511577 0.000000 -0.070561 82.606819 0.171779 -0.305147 0.317599 
120 0.431370 0.000000 -0.070561 79.010741 0.151077 2.178294 0.375253 
121 0.511577 0.000000 -0.149310 84.000249 0.107300 5.973005 0.290827 
122 0.591784 0.000000 -0.070561 87.380229 0.128445 -0.813385 0.236402 
123 0.511577 0.000000 0.008188 89.833036 1.096564 -13.990766 0.173308 
124 15.831124 0.000000 -5.031768 95.171743 0.000000 30.641013 0.000347 
125 15.831124 0.000000 -10.071724 95.139863 0.000003 30.738214 0.000357 
126 20.964375 0.000000 -5.031768 95.165151 -0.000008 30.688279 0.000182 
127 15.831124 0.000000 0.008188 95.331671 0.000009 30.170440 0.000162 
128 8.131247 0.000000 -2.511790 95.277745 0.000044 30.145276 0.001341 
129 8.131247 0.000000 -5.031768 95.158988 -0.002621 30.507114 0.001408 
130 10.697873 0.000000 -2.511790 95.255776 0.000044 30.318886 0.000710 
131 8.131247 0.000000 0.008188 95.792536 0.002333 28.645248 0.000324 
132 4.281308 0.000000 -1.251801 95.584880 0.001535 28.543525 0.004880 
133 4.281308 0.000000 -2.511790 95.214999 0.000556 29.672823 0.005363 
134 5.564621 0.000000 -1.251801 95.546668 0.000557 29.067701 0.002590 
135 4.281308 0.000000 0.008188 96.849361 -0.000919 24.953350 -0.000247 
136 2.356339 0.000000 -0.621806 96.030943 0.000055 24.704274 0.016776 
137 2.356339 0.000000 -1.251801 95.225102 0.002317 27.284264 0.018775 
138 2.997996 0.000000 -0.621806 96.144941 0.001269 25.828479 0.008904 
139 2.356339 0.000000 0.008188 98.446026 0.024532 16.346924 0.004116 
140 1.393855 0.000000 -0.306809 95.889999 0.017068 17.856408 0.048626 
141 1.393855 0.000000 -0.621806 94.684644 0.009034 22.341724 0.053567 
142 1.714683 0.000000 -0.306809 96.533746 0.005559 19.749452 0.029120 
143 1.393855 0.000000 0.008188 98.627174 0.047630 6.301131 0.023297 
144 0.912612 0.000000 -0.149310 94.530012 0.062073 8.487363 0.099204 
145 0.912612 0.000000 -0.306809 93.138735 0.036331 14.670916 0.110994 
146 1.073026 0.000000 -0.149310 95.919360 0.035933 10.844798 0.068187 
147 0.912612 0.000000 0.008188 96.906399 0.059392 0.660253 0.060871 
148 0.671991 0.000000 -0.070561 91.348707 0.089080 0.241892 0.165535 
149 0.671991 0.000000 -0.149310 90.183899 0.074251 5.936829 0.183161 
150 0.752198 0.000000 -0.070561 93.496453 0.125412 1.430607 0.125635 
151 0.671991 0.000000 0.008188 93.963409 0.056603 -3.511201 0.115855 
152 0.270956 0.000000 0.165687 125.477084 0.082310 6.886875 -0.579193 
153 0.110542 0.000000 0.165687 129.740727 0.107504 29.706431 -0.771514 
154 0.270956 0.000000 0.323185 114.423675 0.080661 18.492889 -0.343477 
155 0.511577 0.000000 0.086937 104.920492 0.003324 -11.417479 -0.113867 
156 0.431370 0.000000 0.086937 117.299867 0.164434 -25.318497 -0.440031 
157 0.591784 0.000000 0.086937 99.087899 0.027714 -6.219791 0.014290 
158 0.511577 0.000000 0.165687 106.723259 0.069022 -0.892905 -0.139066 
159 0.551681 0.000000 -0.031187 83.898145 0.182173 -5.482388 0.293101 
160 0.511577 0.000000 -0.031187 81.085540 0.187568 -4.826171 0.340181 
161 0.551681 0.000000 -0.070561 84.857604 0.152880 -0.921827 0.279831 
162 0.591784 0.000000 -0.031187 87.437521 0.127925 -5.312786 0.232644 
163 0.551681 0.000000 0.008188 83.800076 1.940170 -18.501587 0.263147 
164 15.831124 0.000000 5.048144 99.020919 -0.009201 18.814591 -0.015913 
165 20.964375 0.000000 5.048144 96.432318 -0.000274 26.801767 -0.001753 
166 15.831124 0.000000 10.088100 95.319162 -0.000250 30.261138 -0.000148 
167 8.131247 0.000000 2.528166 99.152466 -0.011021 18.399066 -0.016974 
168 10.697873 0.000000 2.528166 98.323607 -0.001510 20.947434 -0.010633 
169 8.131247 0.000000 5.048144 95.712664 0.000382 29.095243 -0.000745 
170 4.281308 0.000000 1.268177 99.242029 -0.011921 18.043139 -0.017454 
171 5.564621 0.000000 1.268177 101.515387 0.007289 11.017479 -0.042676 
172 4.281308 0.000000 2.528166 96.504705 0.000917 26.807746 -0.003181 
173 2.356339 0.000000 0.638183 99.073853 -0.007430 17.073025 -0.010712 
174 2.997996 0.000000 0.638183 100.399099 -0.026503 13.836734 -0.027143 
175 2.356339 0.000000 1.268177 97.572711 0.006135 23.651190 -0.007981 
176 1.393855 0.000000 0.323185 99.087597 -0.003601 13.034997 0.001174 
177 1.714683 0.000000 0.323185 99.287959 -0.012822 12.696213 -0.001929 
178 1.393855 0.000000 0.638183 98.810850 0.013359 19.051175 -0.012653 
179 0.912612 0.000000 0.165687 98.893613 0.021225 6.389409 0.017923 
180 1.073026 0.000000 0.165687 98.797349 -0.000582 8.002024 0.017505 
181 0.912612 0.000000 0.323185 100.090322 0.018327 11.951603 -0.016091 
182 0.671991 0.000000 0.086937 97.642611 0.030908 -1.611755 0.046332 
183 0.752198 0.000000 0.086937 97.558068 -0.002047 0.633366 0.048202 
184 0.671991 0.000000 0.165687 100.425211 0.038402 2.820652 -0.009318 
185 0.631888 0.000000 -0.031187 90.615411 0.095693 -3.697185 0.177517 
186 0.631888 0.000000 -0.070561 89.653467 0.092730 -0.328321 0.196214 
187 0.671991 0.000000 -0.031187 92.425684 0.076470 -2.512996 0.145117 
188 0.631888 0.000000 0.008188 92.590708 0.061584 -5.477454 0.139695 
189 0.551681 0.000000 0.047563 98.393364 -0.047821 -14.991458 0.009400 
190 0.511577 0.000000 0.047563 105.707089 0.736096 -29.442060 -0.204137 
191 0.591784 0.000000 0.047563 95.513406 -0.002675 -9.811165 0.078093 
192 0.551681 0.000000 0.086937 101.372741 0.020279 -8.837130 -0.035453 
193 0.571732 0.000000 -0.011499 74.489240 1.511005 -13.364090 0.427047 
194 0.551681 0.000000 -0.011499 78.655224 1.818620 -12.058006 0.366465 
195 0.571732 0.000000 -0.031187 85.483349 0.159757 -5.494796 0.266238 
196 0.591784 0.000000 -0.011499 87.682617 0.098332 -7.374802 0.225736 
197 0.571732 0.000000 0.008188 73.077521 1.374563 -13.563234 0.447383 
198 0.351163 0.000000 -0.070561 75.624677 0.128705 4.587710 0.425984 
199 0.270956 0.000000 -0.070561 71.413657 0.031571 8.671365 0.482490 
200 0.351163 0.000000 -0.149310 78.113054 0.112466 10.009151 0.379816 
201 0.351163 0.000000 0.008188 84.733072 0.146923 -3.127971 0.281050 
202 0.471473 0.000000 -0.031187 78.767039 0.679759 -1.137121 0.379400 
203 0.431370 0.000000 -0.031187 77.341301 0.386952 -0.106014 0.401816 
204 0.471473 0.000000 -0.070561 80.677725 0.148203 0.723028 0.349056 
205 0.471473 0.000000 0.008188 87.816596 0.588048 -8.966358 0.220750 
206 0.531629 0.000000 -0.011499 82.357424 1.701636 -7.891320 0.315209 
207 0.511577 0.000000 -0.011499 82.805986 1.106626 -5.357479 0.311324 
208 0.531629 0.000000 -0.031187 82.418259 0.189862 -5.322303 0.317887 
209 0.531629 0.000000 0.008188 89.004921 1.543411 -17.435174 0.177176 
210 0.631888 0.000000 0.047563 95.449583 0.007210 -5.493338 0.085920 
211 0.671991 0.000000 0.047563 95.816523 0.011335 -3.670249 0.080572 
212 0.631888 0.000000 0.086937 98.035951 0.032205 -3.528949 0.037650 
213 0.571732 0.000000 0.027875 93.222246 -0.009450 -15.591406 0.106652 
214 0.551681 0.000000 0.027875 87.379452 1.711452 -27.112384 0.162682 
215 0.591784 0.000000 0.027875 92.769473 0.021813 -11.225022 0.126782 
216 0.571732 0.000000 0.047563 96.431660 -0.019055 -12.672301 0.054035 
217 0.561706 0.000000 -0.001656 75.649328 1.543908 -12.966715 0.410666 
218 0.551681 0.000000 -0.001656 79.585906 2.019289 -11.095477 0.353890 
219 0.561706 0.000000 -0.011499 75.434641 1.643735 -11.260549 0.418011 
220 0.571732 0.000000 -0.001656 72.786888 1.352711 -13.021852 0.453067 
221 0.561706 0.000000 0.008188 77.355567 1.638759 -14.702094 0.379728 
222 -14.968384 0.000000 -5.031768 95.128201 -0.000017 30.830645 0.000010 
223 -20.101635 0.000000 -5.031768 95.131628 -0.000011 30.825206 -0.000022 
224 -14.968384 0.000000 -10.071724 95.123980 -0.000013 30.824562 0.000127 
225 -14.968384 0.000000 0.008188 95.138091 -0.000017 30.833542 -0.000196 
226 -7.268507 0.000000 -2.511790 95.111732 0.000035 30.871436 0.000071 
227 -9.835133 0.000000 -2.511790 95.126003 -0.000028 30.851133 -0.000075 
228 -7.268507 0.000000 -5.031768 95.095122 -0.000029 30.848095 0.000531 
229 -7.268507 0.000000 0.008188 95.150978 0.000903 30.883747 -0.000751 
230 -3.418569 0.000000 -1.251801 95.035375 0.000039 31.036618 0.000501 
231 -4.701881 0.000000 -1.251801 95.098928 -0.000003 30.953364 -0.000192 
232 -3.418569 0.000000 -2.511790 94.975248 0.000007 30.937601 0.002257 
233 -3.418569 0.000000 0.008188 95.189401 0.000111 31.088706 -0.002753 
234 -1.493599 0.000000 -0.621806 94.687812 0.000602 31.596726 0.003587 
235 -2.135256 0.000000 -0.621806 94.955466 0.003813 31.360451 -0.000002 
236 -1.493599 0.000000 -1.251801 94.472740 -0.003915 31.255109 0.009802 
237 -1.493599 0.000000 0.008188 95.255766 0.001398 31.826390 -0.008658 
238 -0.531115 0.000000 -0.306809 92.496975 0.010578 34.248475 0.027135 
239 -0.851943 0.000000 -0.306809 94.027002 0.008844 33.205365 0.005633 
240 -0.531115 0.000000 -0.621806 92.123873 0.011270 32.424414 0.046185 
241 -0.531115 0.000000 0.008188 94.998732 0.008076 35.327753 -0.027281 
242 -0.049872 0.000000 -0.149310 77.244324 0.081441 36.967536 0.266671 
243 -0.210286 0.000000 -0.149310 87.889089 0.023328 38.567839 0.078803 
244 -0.049872 0.000000 -0.306809 82.668954 0.035229 32.182893 0.213010 
245 -0.049872 0.000000 0.008188 84.463690 0.103389 65.767535 -0.145949 
246 0.190749 0.000000 -0.070561 71.081031 -0.090083 17.531748 0.464012 
247 0.110542 0.000000 -0.070561 63.891089 -0.091248 6.710287 0.587289 
248 0.190749 0.000000 -0.149310 73.550901 0.071509 17.242646 0.429295 
249 0.190749 0.000000 0.008188 77.624451 -0.413592 3.314152 0.396329 
250 0.351163 0.000000 0.086937 127.145570 0.089687 -18.755563 -0.651778 
251 0.270956 0.000000 0.086937 134.771279 0.160642 -11.482896 -0.829518 
252 0.351163 0.000000 0.165687 119.091181 0.127937 1.146760 -0.418404 
253 0.311059 0.000000 -0.031187 72.539035 0.108276 1.893205 0.473449 
254 0.270956 0.000000 -0.031187 69.002098 0.051978 2.160819 0.523404 
255 0.311059 0.000000 -0.070561 73.651006 0.051568 6.495292 0.453334 
256 0.351163 0.000000 -0.031187 73.969035 0.154889 1.406240 0.452658 
257 0.311059 0.000000 0.008188 83.893211 0.099323 -1.627144 0.295927 
258 -14.968384 0.000000 5.048144 95.147356 -0.000013 30.829324 -0.000347 
259 -20.101635 0.000000 5.048144 95.140233 -0.000010 30.824606 -0.000182 
260 -14.968384 0.000000 10.088100 95.150131 -0.000008 30.822466 -0.000357 
261 -7.268507 0.000000 2.528166 95.188378 0.002165 30.866829 -0.001359 
262 -9.835133 0.000000 2.528166 95.160589 -0.000019 30.848993 -0.000720 
263 -7.268507 0.000000 5.048144 95.199903 0.000000 30.840644 -0.001417 
264 -3.418569 0.000000 1.268177 95.340050 0.000198 31.025041 -0.005228 
265 -4.701881 0.000000 1.268177 95.236830 0.000071 30.947034 -0.002777 
266 -3.418569 0.000000 2.528166 95.389042 0.000234 30.915795 -0.005486 
267 -1.493599 0.000000 0.638183 95.842587 0.002135 31.601187 -0.018444 
268 -2.135256 0.000000 0.638183 95.509862 0.003732 31.343439 -0.010454 
269 -1.493599 0.000000 1.268177 96.082070 0.002756 31.245425 -0.020804 
270 -0.531115 0.000000 0.323185 97.742899 0.006104 34.377068 -0.073546 
271 -0.851943 0.000000 0.323185 96.452815 -0.004533 33.334355 -0.041432 
272 -0.531115 0.000000 0.638183 98.619202 -0.006034 32.678834 -0.079365 
273 -0.049872 0.000000 0.165687 110.935982 0.067744 44.697730 -0.430468 
274 -0.210286 0.000000 0.165687 100.358235 -0.001091 40.606640 -0.172067 
275 -0.049872 0.000000 0.323185 108.501414 -0.005310 35.018874 -0.299888 
276 0.190749 0.000000 0.086937 143.821589 0.418087 3.136388 -1.069466 
277 0.110542 0.000000 0.086937 150.303619 0.618103 23.361594 -1.313732 
278 0.190749 0.000000 0.165687 130.296396 0.107904 16.700037 -0.725605 
279 0.230852 0.000000 -0.031187 68.084762 0.036791 2.231037 0.535949 
280 0.190749 0.000000 -0.031187 50.054841 -0.325404 44.903775 0.547806 
281 0.230852 0.000000 -0.070561 69.247693 -0.024846 12.525567 0.504787 
282 0.230852 0.000000 0.008188 69.808722 -0.140565 1.483487 0.512452 
283 0.030335 0.000000 -0.070561 56.710172 0.063974 27.930381 0.600385 
284 -0.049872 0.000000 -0.070561 72.791089 0.086607 45.494432 0.263171 
285 0.030335 0.000000 -0.149310 71.565364 0.077325 29.942880 0.398182 
286 0.030335 0.000000 0.008188 76.893632 0.978637 51.814804 0.140164 
287 0.150645 0.000000 -0.031187 78.422227 -0.314365 3.039808 0.384062 
288 0.110542 0.000000 -0.031187 40.787570 -0.397181 -32.263452 0.729529 
289 0.150645 0.000000 -0.070561 82.707146 -0.310472 2.183626 0.315466 
290 0.150645 0.000000 0.008188 16.415702 -6.739823 0.182553 0.968507 
291 0.230852 0.000000 0.047563 134.886436 0.297224 -2.447880 -0.820043 
292 0.190749 0.000000 0.047563 143.910205 0.422492 3.303641 -1.072124 
293 0.270956 0.000000 0.047563 122.358291 0.145829 -9.193846 -0.505610 
294 0.230852 0.000000 0.086937 140.493630 0.297696 -3.084416 -0.974806 
295 0.210801 0.000000 -0.011499 38.642980 -0.444001 13.568989 0.832241 
296 0.190749 0.000000 -0.011499 24.925833 -0.406001 31.310625 0.839818 
297 0.210801 0.000000 -0.031187 68.099060 0.038109 2.231499 0.535754 
298 0.230852 0.000000 -0.011499 63.831665 -0.176024 2.340018 0.592001 
299 0.210801 0.000000 0.008188 59.024557 -0.497934 2.596702 0.650911 
300 0.030335 0.000000 0.086937 133.244896 0.124692 54.172853 -1.068892 
301 -0.049872 0.000000 0.086937 107.774963 0.088698 56.033712 -0.475523 
302 0.030335 0.000000 0.165687 121.769858 0.092166 40.993247 -0.650835 
303 0.070438 0.000000 -0.031187 48.354364 0.007447 2.369101 0.765624 
304 0.030335 0.000000 -0.031187 38.245725 0.723972 -1.641051 0.853405 
305 0.070438 0.000000 -0.070561 57.775535 -0.002591 16.521274 0.638904 
306 0.070438 0.000000 0.008188 47.774118 -0.143529 2.614215 0.771078 
307 0.070438 0.000000 0.047563 152.155329 0.750321 49.536581 -1.560568 
308 0.030335 0.000000 0.047563 147.884010 0.865768 74.343991 -1.739746 
309 0.110542 0.000000 0.047563 151.471616 0.682690 32.677560 -1.401194 
310 0.070438 0.000000 0.086937 152.636799 0.768893 42.464335 -1.510180 
311 0.090490 0.000000 -0.011499 47.140138 -0.506302 3.279880 0.776679 
312 0.070438 0.000000 -0.011499 47.372372 0.032676 1.999714 0.775186 
313 0.090490 0.000000 -0.031187 47.036444 -0.335467 2.925831 0.777890 
314 0.110542 0.000000 -0.011499 22.020844 -0.417813 -25.186344 0.888056 
315 0.090490 0.000000 0.008188 46.984846 -0.348893 2.947627 0.778361 
316 -0.370701 0.000000 -0.149310 91.843060 0.002889 36.679677 0.021945 
317 -0.531115 0.000000 -0.149310 93.544084 0.012193 34.931366 0.002930 
318 -0.370701 0.000000 -0.306809 90.943408 0.015344 34.505736 0.053865 
319 -0.370701 0.000000 0.008188 94.488136 0.019262 38.138747 -0.038257 
320 -0.130079 0.000000 -0.070561 85.033338 -0.008590 43.982434 0.083488 
321 -0.210286 0.000000 -0.070561 89.757152 0.020011 40.958610 0.026605 
322 -0.130079 0.000000 -0.149310 83.843428 0.006318 38.887741 0.145802 
323 -0.130079 0.000000 0.008188 91.185900 0.078273 48.738594 -0.069033 
324 -0.009769 0.000000 -0.031187 48.363269 0.114274 51.574203 0.500108 
325 -0.049872 0.000000 -0.031187 73.197712 0.095906 55.212696 0.159364 
326 -0.009769 0.000000 -0.070561 62.549040 0.087839 40.079700 0.448123 
327 -0.009769 0.000000 0.008188 31.082613 1.442082 83.596588 0.204340 
328 -0.370701 0.000000 0.165687 97.630709 0.013176 37.608267 -0.094614 
329 -0.531115 0.000000 0.165687 96.574748 0.010745 35.203209 -0.056595 
330 -0.370701 0.000000 0.323185 99.511954 0.018474 35.678884 -0.117561 
331 -0.130079 0.000000 0.086937 99.406403 0.016357 47.520106 -0.213979 
332 -0.210286 0.000000 0.086937 97.300825 -0.000558 42.460899 -0.127038 
333 -0.130079 0.000000 0.165687 103.823091 0.020762 43.021807 -0.263011 
334 -0.009769 0.000000 0.047563 115.972228 0.129987 75.985164 -0.922332 
335 -0.049872 0.000000 0.047563 100.125542 0.100562 63.626894 -0.407352 
336 -0.009769 0.000000 0.086937 118.677669 0.108478 58.891701 -0.755263 
337 0.010283 0.000000 -0.011499 15.100564 1.313673 32.946028 0.868481 
338 -0.009769 0.000000 -0.011499 2.014207 1.487633 52.791526 0.720678 
339 0.010283 0.000000 -0.031187 13.268157 1.159066 5.679385 0.979036 
340 0.030335 0.000000 -0.011499 32.914740 0.821154 0.008376 0.891595 
341 0.010283 0.000000 0.008188 61.762791 1.302303 92.628127 -0.239631 
342 -0.089976 0.000000 -0.031187 82.987157 0.081815 50.449257 0.056800 
343 -0.130079 0.000000 -0.031187 87.387011 0.078222 46.859648 0.016768 
344 -0.089976 0.000000 -0.070561 80.424816 0.079607 45.420909 0.146878 
345 -0.089976 0.000000 0.008188 89.029406 0.081651 54.286437 -0.087326 
346 -0.029821 0.000000 -0.011499 66.381941 0.115233 68.326184 0.092496 
347 -0.049872 0.000000 -0.011499 77.059379 0.100326 61.384729 0.029376 
348 -0.029821 0.000000 -0.031187 63.371798 0.102396 56.410182 0.280190 
349 -0.029821 0.000000 0.008188 79.890712 0.124133 78.078441 -0.247878 
350 0.010283 0.000000 0.027875 120.914363 1.118075 110.314696 -1.679087 
351 -0.009769 0.000000 0.027875 81.214826 1.344797 131.159228 -1.380040 
352 0.030335 0.000000 0.027875 143.745422 0.922566 84.349716 -1.777847 
353 0.010283 0.000000 0.047563 132.368360 0.176522 75.448278 -1.321386 
354 0.000257 0.000000 -0.001656 10.649660 1.527472 74.797488 0.428959 
355 -0.009769 0.000000 -0.001656 27.078412 1.447762 79.176473 0.299575 
356 0.000257 0.000000 -0.011499 12.477249 1.381894 43.972021 0.790887 
357 0.010283 0.000000 -0.001656 24.986785 1.338639 48.499274 0.702169 
358 0.000257 0.000000 0.008188 54.230526 1.410338 113.921290 -0.592100 
359 0.050386 0.000000 0.027875 150.305086 0.820540 62.375474 -1.648299 
360 0.050386 0.000000 0.008188 46.796280 0.422137 0.736436 0.780939 
361 0.070438 0.000000 0.027875 151.868093 0.789448 52.685856 -1.584034 
362 0.050386 0.000000 0.047563 150.650247 0.814312 60.897297 -1.640464 
363 0.311059 0.000000 0.047563 117.044879 0.097474 -11.604514 -0.383418 
364 0.351163 0.000000 0.047563 120.598942 0.108410 -16.598184 -0.481962 
365 0.311059 0.000000 0.086937 130.814398 0.097732 -15.792585 -0.736182 
366 0.471473 0.000000 0.047563 113.004359 0.281907 -27.198940 -0.350985 
367 0.431370 0.000000 0.047563 113.655862 0.200238 -23.344536 -0.346266 
368 0.471473 0.000000 0.086937 108.907637 -0.002655 -12.361169 -0.201367 
369 0.531629 0.000000 0.027875 99.935559 1.311596 -29.378654 -0.085194 
370 0.511577 0.000000 0.027875 102.897582 0.802068 -26.049085 -0.126711 
371 0.531629 0.000000 0.047563 100.968427 -0.083154 -17.134450 -0.048822 
372 -4.701881 0.000000 -15.111679 95.110009 -0.000008 30.807672 0.000497 
373 -9.835133 0.000000 -15.111679 95.117742 -0.000010 30.816989 0.000293 
374 -4.701881 0.000000 -20.151635 95.119354 -0.000005 30.809577 0.000308 
375 0.431370 0.000000 -15.111679 95.107205 -0.000002 30.791129 0.000653 
376 -2.135256 0.000000 -7.551746 95.040715 -0.003004 30.778990 0.001992 
377 -4.701881 0.000000 -7.551746 95.070576 -0.000017 30.817394 0.001187 
378 -2.135256 0.000000 -10.071724 95.077532 -0.000005 30.787967 0.001236 
379 0.431370 0.000000 -7.551746 95.030555 -0.003751 30.713505 0.002587 
380 -0.851943 0.000000 -3.771779 94.768403 -0.000921 30.664930 0.007861 
381 -2.135256 0.000000 -3.771779 94.882662 0.000048 30.814027 0.004778 
382 -0.851943 0.000000 -5.031768 94.913595 0.000057 30.700266 0.004890 
383 0.431370 0.000000 -3.771779 94.738303 -0.008404 30.415054 0.009958 
384 -0.210286 0.000000 -1.881795 93.812345 -0.004473 30.227855 0.028552 
385 -0.851943 0.000000 -1.881795 94.140609 0.000903 30.778177 0.019025 
386 -0.210286 0.000000 -2.511790 94.310046 0.002805 30.363069 0.018370 
387 0.431370 0.000000 -1.881795 93.759587 -0.004381 29.436204 0.034265 
388 0.110542 0.000000 -0.936804 90.683112 0.019314 28.716666 0.095193 
389 -0.210286 0.000000 -0.936804 91.434246 0.030117 30.473759 0.071113 
390 0.110542 0.000000 -1.251801 92.357237 0.010867 29.226285 0.061596 
391 0.431370 0.000000 -0.936804 91.009000 0.017155 26.712679 0.100379 
392 0.270956 0.000000 -0.464308 85.032891 0.031489 23.674023 0.220895 
393 0.110542 0.000000 -0.464308 84.710221 0.018581 27.240889 0.208211 
394 0.270956 0.000000 -0.621806 87.575399 0.051876 25.526055 0.167897 
395 0.431370 0.000000 -0.464308 86.506672 0.036243 20.810963 0.208350 
396 0.190749 0.000000 -0.228060 77.145986 0.077967 20.675674 0.362101 
397 0.110542 0.000000 -0.228060 76.555659 0.074850 24.884079 0.352001 
398 0.190749 0.000000 -0.306809 79.637868 0.054279 22.511237 0.315105 
399 0.270956 0.000000 -0.228060 78.354499 0.088121 16.947255 0.357336 
400 0.150645 0.000000 -0.109936 71.214743 0.026226 15.905088 0.467549 
401 0.110542 0.000000 -0.109936 68.179145 0.037177 17.581315 0.504250 
402 0.150645 0.000000 -0.149310 72.563083 0.069423 19.137946 0.436833 
403 0.190749 0.000000 -0.109936 72.096563 0.033570 15.478621 0.456250 
404 0.130593 0.000000 -0.050874 72.236428 -0.332539 -16.390396 0.451314 
405 0.110542 0.000000 -0.050874 55.209028 -0.373196 -29.175550 0.610061 
406 0.130593 0.000000 -0.070561 68.568891 -0.341182 -22.045564 0.481218 
407 0.150645 0.000000 -0.050874 79.558799 -0.313521 3.152222 0.366036 
408 0.130593 0.000000 -0.031187 63.827125 -0.352124 -21.318613 0.547149 
409 -0.049872 0.000000 -0.464308 86.288720 0.001980 30.560184 0.162033 
410 -0.210286 0.000000 -0.464308 88.951143 0.024865 32.296591 0.104462 
411 -0.049872 0.000000 -0.621806 88.763365 0.032589 29.845809 0.123029 
412 0.030335 0.000000 -0.228060 77.687193 0.075328 29.738391 0.308032 
413 -0.049872 0.000000 -0.228060 80.873225 0.010759 33.660790 0.232647 
414 0.030335 0.000000 -0.306809 81.024216 0.024079 29.337232 0.257440 
415 0.070438 0.000000 -0.109936 65.753609 0.061208 22.700112 0.516116 
416 0.030335 0.000000 -0.109936 66.065838 0.074150 29.575479 0.476059 
417 0.070438 0.000000 -0.149310 70.757852 0.071818 25.482903 0.434394 
418 0.090490 0.000000 -0.050874 53.151716 -0.181209 4.347127 0.715596 
419 0.070438 0.000000 -0.050874 52.103929 -0.076937 11.737174 0.714741 
420 0.090490 0.000000 -0.070561 59.843844 -0.053698 11.302568 0.629096 
421 0.150645 0.000000 0.047563 147.858596 0.571480 15.163891 -1.209243 
422 0.150645 0.000000 0.086937 147.705903 0.563395 14.650119 -1.203198 
423 0.130593 0.000000 -0.011499 68.568891 -0.341182 -22.045564 0.481218 
424 0.150645 0.000000 -0.011499 82.707146 -0.310472 2.183626 0.315466 
425 0.130593 0.000000 0.008188 17.333731 -6.740806 -3.498505 0.964186 
426 0.120568 0.000000 -0.041030 56.197751 -0.373603 -28.575184 0.602513 
427 0.110542 0.000000 -0.041030 48.467241 -0.384762 -30.773226 0.670379 
428 0.120568 0.000000 -0.050874 61.039324 -0.360649 -23.516184 0.572106 
429 0.130593 0.000000 -0.041030 65.138241 -0.349450 -21.115366 0.531103 
430 0.120568 0.000000 -0.031187 52.699627 -0.375737 -26.933491 0.649720 
431 0.170697 0.000000 -0.050874 78.167407 -0.301227 23.352468 0.334443 
432 0.170697 0.000000 -0.070561 76.794169 -0.298426 29.145975 0.325308 
433 0.190749 0.000000 -0.050874 65.081318 -0.299834 39.077339 0.423729 
434 0.170697 0.000000 -0.031187 69.105034 -0.301239 31.751181 0.421627 
435 2.035511 0.000000 0.323185 99.729819 -0.018178 11.620223 -0.008107 
436 2.035511 0.000000 0.008188 98.661384 0.050285 13.309064 0.008880 
437 2.356339 0.000000 0.323185 100.246796 -0.015806 10.841899 -0.016697 
438 2.035511 0.000000 0.638183 98.704291 0.001784 18.066524 -0.006894 
439 5.564621 0.000000 -15.111679 95.114040 0.000003 30.776733 0.000611 
440 5.564621 0.000000 -20.151635 95.121088 -0.000000 30.795743 0.000360 
441 10.697873 0.000000 -15.111679 95.124109 0.000004 30.772302 0.000447 
442 15.831124 0.000000 -15.111679 95.131268 0.000002 30.774722 0.000296 
443 15.831124 0.000000 -20.151635 95.129309 0.000001 30.791781 0.000228 
444 20.964375 0.000000 -15.111679 95.135114 0.000000 30.779327 0.000194 
445 -14.968384 0.000000 -15.111679 95.124091 -0.000009 30.819980 0.000154 
446 -20.101635 0.000000 -15.111679 95.127945 -0.000008 30.820313 0.000078 
447 -14.968384 0.000000 -20.151635 95.125594 -0.000007 30.817494 0.000140 
448 2.997996 0.000000 -7.551746 95.057914 -0.004400 30.657418 0.002412 
449 2.997996 0.000000 -10.071724 95.084880 0.000016 30.733091 0.001434 
450 5.564621 0.000000 -7.551746 95.097124 0.003445 30.640462 0.001770 
451 8.131247 0.000000 -7.551746 95.125324 0.000029 30.650221 0.001174 
452 8.131247 0.000000 -10.071724 95.117586 0.000016 30.717570 0.000908 
453 10.697873 0.000000 -7.551746 95.140594 0.000018 30.668318 0.000772 
454 -7.268507 0.000000 -7.551746 95.095998 -0.000023 30.829792 0.000628 
455 -9.835133 0.000000 -7.551746 95.111568 -0.000021 30.831363 0.000322 
456 -7.268507 0.000000 -10.071724 95.102255 -0.000017 30.819950 0.000569 
457 1.714683 0.000000 -3.771779 94.842476 -0.011803 30.209694 0.009228 
458 1.714683 0.000000 -5.031768 94.945901 0.003956 30.489424 0.005567 
459 2.997996 0.000000 -3.771779 94.988727 -0.014511 30.144320 0.006846 
460 4.281308 0.000000 -3.771779 95.097682 -0.013074 30.175154 0.004589 
461 4.281308 0.000000 -5.031768 95.071439 0.000078 30.430887 0.003538 
462 5.564621 0.000000 -3.771779 95.158405 -0.000208 30.242284 0.003028 
463 -3.418569 0.000000 -3.771779 94.981932 -0.000006 30.865605 0.002575 
464 -4.701881 0.000000 -3.771779 95.044285 -0.000022 30.873611 0.001340 
465 -3.418569 0.000000 -5.031768 95.008332 -0.000012 30.827463 0.002308 
466 1.073026 0.000000 -1.881795 94.118040 -0.003318 28.812402 0.031164 
467 1.073026 0.000000 -2.511790 94.444658 0.002974 29.648177 0.020119 
468 1.714683 0.000000 -1.881795 94.576638 0.001952 28.581352 0.023837 
469 2.356339 0.000000 -1.881795 94.955607 0.002526 28.665848 0.016170 
470 2.356339 0.000000 -2.511790 94.882857 0.007391 29.432067 0.013100 
471 2.997996 0.000000 -1.881795 95.171213 0.006026 28.841981 0.011058 
472 -1.493599 0.000000 -1.881795 94.529445 -0.002016 30.971070 0.010498 
473 -2.135256 0.000000 -1.881795 94.751176 0.003421 31.045028 0.005842 
474 -1.493599 0.000000 -2.511790 94.615475 0.003408 30.855341 0.009586 
475 0.752198 0.000000 -0.936804 91.993687 0.048011 25.308928 0.089662 
476 0.752198 0.000000 -1.251801 93.024026 0.017301 27.361974 0.059785 
477 1.073026 0.000000 -0.936804 93.284062 0.005510 24.924060 0.067688 
478 1.393855 0.000000 -0.936804 94.338228 0.012239 25.129049 0.046883 
479 1.393855 0.000000 -1.251801 94.193208 0.004418 26.770084 0.041100 
480 1.714683 0.000000 -0.936804 94.919739 0.003734 25.422173 0.034396 
481 -0.531115 0.000000 -0.936804 92.471791 0.017619 31.455094 0.045954 
482 -0.851943 0.000000 -0.936804 93.643840 0.008822 31.506257 0.023819 
483 -0.531115 0.000000 -1.251801 93.276765 0.011001 30.802660 0.035064 
484 0.591784 0.000000 -0.464308 88.331012 0.000868 18.763996 0.184554 
485 0.591784 0.000000 -0.621806 89.702648 0.033143 22.260875 0.145789 
486 0.752198 0.000000 -0.464308 90.781560 0.020999 18.439963 0.141868 
487 0.912612 0.000000 -0.464308 92.594439 0.029510 18.764299 0.107417 
488 0.912612 0.000000 -0.621806 92.531016 0.011498 21.603889 0.097128 
489 1.073026 0.000000 -0.464308 93.820217 0.004801 19.293739 0.082552 
490 0.351163 0.000000 -0.228060 80.206575 0.064753 14.208600 0.336502 
491 0.351163 0.000000 -0.306809 82.201725 0.070318 17.609647 0.293277 
492 0.431370 0.000000 -0.228060 82.707150 0.086595 12.419287 0.300528 
493 2.035511 0.000000 -0.306809 96.741790 -0.000376 20.994000 0.020028 
494 2.035511 0.000000 -0.621806 95.840434 0.000161 24.037804 0.023680 
495 2.356339 0.000000 -0.306809 96.834799 -0.001037 22.219108 0.012933 
496 0.391266 0.000000 -0.031187 75.187233 0.195107 0.990462 0.434586 
497 0.391266 0.000000 -0.070561 77.447360 0.126237 3.485413 0.398974 
498 0.391266 0.000000 0.008188 86.148845 0.251985 -4.483967 0.255821 
499 -0.370701 0.000000 -0.464308 90.882405 0.026029 33.035846 0.064902 
500 -0.531115 0.000000 -0.464308 92.106136 0.014337 33.288234 0.040835 
501 -0.370701 0.000000 -0.621806 90.998146 0.014404 32.195374 0.068280 
502 -0.130079 0.000000 -0.228060 84.474780 0.041730 35.690710 0.159018 
503 -0.210286 0.000000 -0.228060 86.924002 0.016924 36.781802 0.109132 
504 -0.130079 0.000000 -0.306809 84.954152 0.025577 34.014879 0.162578 
505 0.230852 0.000000 -0.109936 72.488013 0.049364 13.528370 0.456247 
506 0.230852 0.000000 -0.149310 74.351213 0.064057 15.219600 0.424026 
507 0.270956 0.000000 -0.109936 73.651994 0.058065 11.131054 0.445148 
508 0.391266 0.000000 0.047563 117.934504 0.125799 -21.486364 -0.437023 
509 0.391266 0.000000 0.086937 123.907616 0.084972 -21.380016 -0.581021 
510 0.210801 0.000000 -0.050874 64.852010 -0.180133 17.659496 0.548233 
511 0.210801 0.000000 -0.070561 69.226581 -0.061794 15.257066 0.497490 
512 0.230852 0.000000 -0.050874 67.712203 0.002453 2.219010 0.541013 
513 -0.009769 0.000000 -0.109936 69.602217 0.081262 36.129999 0.385015 
514 -0.049872 0.000000 -0.109936 75.027344 0.075657 40.152922 0.275863 
515 -0.009769 0.000000 -0.149310 73.942346 0.076173 34.092069 0.337025 
516 0.170697 0.000000 -0.011499 63.655587 -0.307423 38.127978 0.449413 
517 0.170697 0.000000 0.008188 144.897143 0.525069 5.112916 -1.102160 
518 0.050386 0.000000 -0.011499 42.986051 0.552830 -0.281192 0.815181 
519 0.050386 0.000000 -0.031187 46.769451 0.423494 0.724480 0.781191 
520 0.090490 0.000000 0.027875 152.335763 0.678992 39.201362 -1.474339 
521 0.110542 0.000000 0.027875 150.977458 0.658011 28.865079 -1.362782 
522 0.090490 0.000000 0.047563 152.086461 0.732559 40.792666 -1.479487 
523 -0.089976 0.000000 -0.109936 80.065578 0.080112 41.450401 0.187136 
524 -0.130079 0.000000 -0.109936 83.997564 -0.005183 41.248726 0.124295 
525 -0.089976 0.000000 -0.149310 80.740198 0.074948 38.532054 0.199630 
526 -0.089976 0.000000 0.047563 96.495345 0.077922 54.309791 -0.226091 
527 -0.130079 0.000000 0.047563 95.559971 0.006254 48.834984 -0.151656 
528 -0.089976 0.000000 0.086937 102.094095 0.076053 51.341447 -0.305915 
529 -0.029821 0.000000 0.027875 95.762790 0.118585 76.732071 -0.505834 
530 -0.049872 0.000000 0.027875 93.097960 0.103148 66.224242 -0.305289 
531 -0.029821 0.000000 0.047563 105.324732 0.111347 70.118792 -0.600996 
532 0.130593 0.000000 0.027875 150.306172 0.613404 23.364433 -1.313822 
533 0.150645 0.000000 0.027875 149.070991 0.589259 19.191759 -1.259083 
534 0.130593 0.000000 0.047563 149.669556 0.627914 21.246661 -1.285279 
535 0.170697 0.000000 0.027875 144.871216 0.437693 5.149971 -1.101438 
536 0.190749 0.000000 0.027875 144.871027 0.437055 5.150241 -1.101433 
537 0.170697 0.000000 0.047563 147.165212 0.545923 12.830437 -1.182252 
538 0.511577 0.000000 -0.228060 85.125043 0.079957 11.033071 0.263199 
539 0.511577 0.000000 -0.306809 86.013395 0.049672 14.766606 0.238364 
540 0.591784 0.000000 -0.228060 87.545181 0.053110 10.432626 0.222700 
541 0.671991 0.000000 -0.228060 89.645703 0.057239 10.383417 0.185583 
542 0.671991 0.000000 -0.306809 89.316537 0.053223 13.553866 0.183885 
543 0.752198 0.000000 -0.228060 91.178517 0.055295 10.276662 0.158087 
544 2.035511 0.000000 -0.936804 95.309057 0.000009 25.835582 0.024871 
545 2.035511 0.000000 -1.251801 95.011629 -0.000608 27.073656 0.023981 
546 2.356339 0.000000 -0.936804 95.529902 0.002485 26.212932 0.018692 
547 0.311059 0.000000 -0.109936 75.292579 0.068002 9.263468 0.424521 
548 0.311059 0.000000 -0.149310 76.576900 0.077242 11.217780 0.401013 
549 0.351163 0.000000 -0.109936 76.861014 0.129299 7.425445 0.403723 
550 0.391266 0.000000 -0.109936 78.532092 0.117343 6.294553 0.379308 
551 0.391266 0.000000 -0.149310 79.434079 0.100472 8.670046 0.361505 
552 0.431370 0.000000 -0.109936 80.009969 0.095761 5.122301 0.357216 
553 0.210801 0.000000 0.027875 117.837962 0.233553 -0.108436 -0.388585 
554 0.230852 0.000000 0.027875 101.674173 0.119338 -2.831526 -0.034567 
555 0.210801 0.000000 0.047563 141.515146 0.353316 -1.212934 -1.002813 
556 0.050386 0.000000 -0.050874 50.690735 0.002586 17.904087 0.710989 
557 0.030335 0.000000 -0.050874 49.385562 0.056118 25.358644 0.691800 
558 0.050386 0.000000 -0.070561 56.696672 0.033954 21.908478 0.630550 
559 0.010283 0.000000 -0.050874 50.795481 0.085470 35.050255 0.619129 
560 -0.009769 0.000000 -0.050874 56.908457 0.094434 43.932145 0.483139 
561 0.010283 0.000000 -0.070561 58.568707 0.082104 34.395700 0.538664 
562 0.471473 0.000000 -0.109936 81.717317 0.105574 4.140765 0.330512 
563 0.471473 0.000000 -0.149310 82.568015 0.093057 7.068749 0.313255 
564 0.511577 0.000000 -0.109936 83.518612 0.135370 3.318019 0.301361 
565 0.551681 0.000000 -0.109936 85.398651 0.116613 2.739826 0.269955 
566 0.551681 0.000000 -0.149310 85.773734 0.096236 5.815435 0.260904 
567 0.591784 0.000000 -0.109936 87.403166 0.097911 2.796257 0.235286 
568 0.631888 0.000000 -0.109936 89.162514 0.073306 2.828582 0.204204 
569 0.631888 0.000000 -0.149310 88.891467 0.069243 5.680204 0.206604 
570 0.671991 0.000000 -0.109936 90.657451 0.080701 3.184998 0.177108 
571 -0.029821 0.000000 -0.050874 65.142480 0.093778 48.584127 0.339603 
572 -0.049872 0.000000 -0.050874 72.268836 0.090995 49.698370 0.230728 
573 -0.029821 0.000000 -0.070561 67.729511 0.087983 43.781667 0.349587 
1 19 21 3 22 
2 20 19 22 9 
3 28 20 9 30 
4 29 28 30 4 
5 35 37 19 38 
6 36 35 38 20 
7 44 36 20 46 
8 45 44 46 28 
9 51 53 35 54 
10 52 51 54 36 
11 60 52 36 62 
12 61 60 62 44 
13 67 69 51 70 
14 68 67 70 52 
15 76 68 52 78 
16 77 76 78 60 
17 83 85 67 86 
18 84 83 86 68 
19 92 84 68 94 
20 93 92 94 76 
21 99 101 83 102 
22 100 99 102 84 
23 108 100 84 110 
24 109 108 110 92 
25 115 117 99 118 
26 116 115 118 100 
27 10 125 124 26 
28 125 13 126 124 
29 124 126 8 127 
30 26 124 127 14 
31 23 129 128 42 
32 129 26 130 128 
33 128 130 14 131 
34 42 128 131 27 
35 39 133 132 58 
36 133 42 134 132 
37 132 134 27 135 
38 58 132 135 43 
39 137 58 138 136 
40 136 138 43 139 
41 71 141 140 90 
42 141 74 142 140 
43 140 142 59 143 
44 90 140 143 75 
45 87 145 144 106 
46 145 90 146 144 
47 144 146 75 147 
48 106 144 147 91 
49 149 106 150 148 
50 148 150 91 151 
51 152 116 100 154 
52 153 152 154 108 
53 155 157 115 158 
54 156 155 158 116 
55 119 161 159 160 
56 161 122 162 159 
57 14 127 164 37 
58 127 8 165 164 
59 164 165 21 166 
60 37 164 166 19 
61 27 131 167 53 
62 131 14 168 167 
63 167 168 37 169 
64 53 167 169 35 
65 43 135 170 69 
66 135 27 171 170 
67 170 171 53 172 
68 69 170 172 51 
69 139 43 174 173 
70 173 174 69 175 
71 85 173 175 67 
72 75 143 176 101 
73 143 59 177 176 
74 176 177 85 178 
75 101 176 178 83 
76 91 147 179 117 
77 147 75 180 179 
78 179 180 101 181 
79 117 179 181 99 
80 151 91 183 182 
81 182 183 117 184 
82 157 182 184 115 
83 122 186 185 162 
84 186 148 187 185 
85 185 187 151 188 
86 162 185 188 107 
87 189 191 157 192 
88 190 189 192 155 
89 159 195 193 194 
90 195 162 196 193 
91 193 196 107 197 
92 120 204 202 203 
93 204 119 160 202 
94 202 160 123 205 
95 203 202 205 5 
96 160 208 206 207 
97 208 159 194 206 
98 206 194 163 209 
99 207 206 209 123 
100 107 188 210 191 
101 188 151 211 210 
102 210 211 182 212 
103 191 210 212 157 
104 163 197 213 214 
105 197 107 215 213 
106 213 215 191 216 
107 214 213 216 189 
108 194 219 217 218 
109 219 193 220 217 
110 217 220 197 221 
111 218 217 221 163 
112 16 224 222 223 
113 224 15 32 222 
114 222 32 18 225 
115 223 222 225 6 
116 32 228 226 227 
117 228 31 48 226 
118 226 48 34 229 
119 227 226 229 18 
120 48 232 230 231 
121 232 47 64 230 
122 230 64 50 233 
123 231 230 233 34 
124 64 236 234 235 
125 236 63 80 234 
126 234 80 66 237 
127 235 234 237 50 
128 80 240 238 239 
129 239 238 241 66 
130 250 156 116 252 
131 251 250 252 152 
132 199 255 253 254 
133 255 198 256 253 
134 253 256 201 257 
135 254 253 257 114 
136 6 225 258 259 
137 225 18 45 258 
138 258 45 28 260 
139 259 258 260 29 
140 18 229 261 262 
141 229 34 61 261 
142 261 61 44 263 
143 262 261 263 45 
144 34 233 264 265 
145 233 50 77 264 
146 264 77 60 266 
147 265 264 266 61 
148 50 237 267 268 
149 237 66 93 267 
150 267 93 76 269 
151 268 267 269 77 
152 66 241 270 271 
153 270 109 92 272 
154 271 270 272 93 
155 273 153 108 275 
156 274 273 275 109 
157 276 251 152 278 
158 277 276 278 153 
159 281 199 254 279 
160 279 254 114 282 
161 282 114 293 291 
162 291 293 251 294 
163 292 291 294 276 
164 280 297 295 296 
165 297 279 298 295 
166 295 298 282 299 
167 296 295 299 249 
168 300 277 153 302 
169 301 300 302 273 
170 307 309 277 310 
171 308 307 310 300 
172 303 313 311 312 
173 313 288 314 311 
174 311 314 98 315 
175 312 311 315 306 
176 238 318 316 317 
177 318 96 243 316 
178 316 243 82 319 
179 317 316 319 241 
180 243 322 320 321 
181 321 320 323 82 
182 241 319 328 329 
183 319 82 274 328 
184 328 274 109 330 
185 329 328 330 270 
186 82 323 331 332 
187 331 301 273 333 
188 332 331 333 274 
189 334 308 300 336 
190 335 334 336 301 
191 324 339 337 338 
192 339 304 340 337 
193 337 340 286 341 
194 320 344 342 343 
195 344 284 325 342 
196 342 325 245 345 
197 343 342 345 323 
198 325 348 346 347 
199 348 324 338 346 
200 346 338 327 349 
201 347 346 349 245 
202 327 341 350 351 
203 341 286 352 350 
204 350 352 308 353 
205 351 350 353 334 
206 338 356 354 355 
207 356 337 357 354 
208 354 357 341 358 
209 355 354 358 327 
210 286 360 359 352 
211 360 306 361 359 
212 359 361 307 362 
213 352 359 362 308 
214 114 257 363 293 
215 257 201 364 363 
216 363 364 250 365 
217 293 363 365 251 
218 5 205 366 367 
219 205 123 190 366 
220 366 190 155 368 
221 367 366 368 156 
222 123 209 369 370 
223 209 163 214 369 
224 369 214 189 371 
225 370 369 371 190 
226 17 374 372 373 
227 374 7 375 372 
228 372 375 11 33 
229 373 372 33 15 
230 33 378 376 377 
231 378 11 379 376 
232 376 379 24 49 
233 377 376 49 31 
234 49 382 380 381 
235 382 24 383 380 
236 380 383 40 65 
237 381 380 65 47 
238 65 386 384 385 
239 386 40 387 384 
240 384 387 56 81 
241 385 384 81 63 
242 81 390 388 389 
243 390 56 391 388 
244 388 391 72 97 
245 389 388 97 79 
246 97 394 392 393 
247 394 72 395 392 
248 392 395 88 113 
249 393 392 113 95 
250 95 398 396 397 
251 398 113 399 396 
252 396 399 111 248 
253 397 396 248 112 
254 112 402 400 401 
255 402 248 403 400 
256 400 403 246 289 
257 401 400 289 247 
258 247 406 404 405 
259 406 289 407 404 
260 404 407 287 408 
261 79 411 409 410 
262 411 97 393 409 
263 409 393 95 244 
264 410 409 244 96 
265 244 414 412 413 
266 414 95 397 412 
267 412 397 112 285 
268 413 412 285 242 
269 285 417 415 416 
270 417 112 401 415 
271 415 401 247 305 
272 416 415 305 283 
273 305 420 418 419 
274 420 247 405 418 
275 418 405 288 313 
276 419 418 313 303 
277 421 292 276 422 
278 309 421 422 277 
279 288 408 423 314 
280 408 287 424 423 
281 423 424 290 425 
282 314 423 425 98 
283 405 428 426 427 
284 428 404 429 426 
285 426 429 408 430 
286 427 426 430 288 
287 289 432 431 407 
288 432 246 433 431 
289 431 433 280 434 
290 407 431 434 287 
291 59 436 435 177 
292 436 139 437 435 
293 435 437 173 438 
294 177 435 438 85 
295 7 440 439 375 
296 440 12 441 439 
297 439 441 10 25 
298 375 439 25 11 
299 12 443 442 441 
300 443 2 444 442 
301 442 444 13 125 
302 441 442 125 10 
303 1 447 445 446 
304 447 17 373 445 
305 445 373 15 224 
306 446 445 224 16 
307 11 449 448 379 
308 449 25 450 448 
309 448 450 23 41 
310 379 448 41 24 
311 25 452 451 450 
312 452 10 453 451 
313 451 453 26 129 
314 450 451 129 23 
315 15 456 454 455 
316 456 33 377 454 
317 454 377 31 228 
318 455 454 228 32 
319 24 458 457 383 
320 458 41 459 457 
321 457 459 39 57 
322 383 457 57 40 
323 41 461 460 459 
324 461 23 462 460 
325 460 462 42 133 
326 459 460 133 39 
327 31 465 463 464 
328 465 49 381 463 
329 463 381 47 232 
330 464 463 232 48 
331 40 467 466 387 
332 467 57 468 466 
333 466 468 55 73 
334 387 466 73 56 
335 57 470 469 468 
336 470 39 471 469 
337 469 471 58 137 
338 468 469 137 55 
339 47 474 472 473 
340 474 65 385 472 
341 472 385 63 236 
342 473 472 236 64 
343 56 476 475 391 
344 476 73 477 475 
345 475 477 71 89 
346 391 475 89 72 
347 73 479 478 477 
348 479 55 480 478 
349 478 480 74 141 
350 477 478 141 71 
351 63 483 481 482 
352 483 81 389 481 
353 481 389 79 240 
354 482 481 240 80 
355 72 485 484 395 
356 485 89 486 484 
357 484 486 87 105 
358 395 484 105 88 
359 89 488 487 486 
360 488 71 489 487 
361 487 489 90 145 
362 486 487 145 87 
363 113 491 490 399 
364 491 88 492 490 
365 490 492 104 200 
366 399 490 200 111 
367 74 494 493 142 
368 494 136 495 493 
369 493 495 139 436 
370 142 493 436 59 
371 198 497 496 256 
372 497 120 203 496 
373 496 203 5 498 
374 256 496 498 201 
375 240 501 499 500 
376 501 79 410 499 
377 499 410 96 318 
378 500 499 318 238 
379 96 504 502 503 
380 504 244 413 502 
381 502 413 242 322 
382 503 502 322 243 
383 248 506 505 403 
384 506 111 507 505 
385 505 507 199 281 
386 403 505 281 246 
387 201 498 508 364 
388 498 5 367 508 
389 508 367 156 509 
390 364 508 509 250 
391 246 511 510 433 
392 511 281 512 510 
393 510 512 279 297 
394 433 510 297 280 
395 242 515 513 514 
396 515 285 416 513 
397 513 416 283 326 
398 514 513 326 284 
399 287 434 516 424 
400 434 280 296 516 
401 516 296 249 517 
402 424 516 517 290 
403 304 519 518 340 
404 519 303 312 518 
405 518 312 306 360 
406 340 518 360 286 
407 306 315 520 361 
408 315 98 521 520 
409 520 521 309 522 
410 361 520 522 307 
411 322 525 523 524 
412 525 242 514 523 
413 523 514 284 344 
414 524 523 344 320 
415 323 345 526 527 
416 345 245 335 526 
417 526 335 301 528 
418 527 526 528 331 
419 245 349 529 530 
420 349 327 351 529 
421 529 351 334 531 
422 530 529 531 335 
423 98 425 532 521 
424 425 290 533 532 
425 532 533 421 534 
426 521 532 534 309 
427 290 517 535 533 
428 517 249 536 535 
429 535 536 292 537 
430 533 535 537 421 
431 88 539 538 492 
432 539 105 540 538 
433 538 540 103 121 
434 492 538 121 104 
435 105 542 541 540 
436 542 87 543 541 
437 541 543 106 149 
438 540 541 149 103 
439 55 545 544 480 
440 545 137 546 544 
441 544 546 136 494 
442 480 544 494 74 
443 111 548 547 507 
444 548 200 549 547 
445 547 549 198 255 
446 507 547 255 199 
447 200 551 550 549 
448 551 104 552 550 
449 550 552 120 497 
450 549 550 497 198 
451 249 299 553 536 
452 299 282 554 553 
453 553 554 291 555 
454 536 553 555 292 
455 283 558 556 557 
456 558 305 419 556 
457 556 419 303 519 
458 557 556 519 304 
459 326 561 559 560 
460 561 283 557 559 
461 559 557 304 339 
462 560 559 339 324 
463 104 563 562 552 
464 563 121 564 562 
465 562 564 119 204 
466 552 562 204 120 
467 121 566 565 564 
468 566 103 567 565 
469 565 567 122 161 
470 564 565 161 119 
471 103 569 568 567 
472 569 149 570 568 
473 568 570 148 186 
474 567 568 186 122 
475 284 573 571 572 
476 573 326 560 571 
477 571 560 324 348 
478 572 571 348 325 
