2 0.000000 100.000000 5791.461216
573 478 
1 -20.101635 0.000000 -20.151635 98.554203 -0.000007 16.924815 0.000062 
2 20.964375 0.000000 -20.151635 98.555959 0.000006 16.907346 0.000086 
3 20.964375 0.000000 20.168012 98.566208 -0.000004 16.890908 -0.000060 
4 -20.101635 0.000000 20.168012 98.561834 -0.000003 16.924420 -0.000087 
5 0.431370 0.000000 0.008188 91.460609 0.424511 -5.399999 0.160562 
6 -20.101635 0.000000 0.008188 98.558321 -0.000013 16.929264 -0.000034 
7 0.431370 0.000000 -20.151635 98.548185 -0.000000 16.914570 0.000215 
8 20.964375 0.000000 0.008188 98.668462 0.000479 16.266871 -0.000008 
9 0.431370 0.000000 20.168012 98.570567 0.000006 16.910989 -0.000214 
10 10.697873 0.000000 -10.071724 98.551398 0.000038 16.857948 0.000343 
11 0.431370 0.000000 -10.071724 98.520453 0.000022 16.886311 0.000857 
12 10.697873 0.000000 -20.151635 98.551919 0.000006 16.907770 0.000165 
13 20.964375 0.000000 -10.071724 98.561337 0.000017 16.872340 0.000099 
14 10.697873 0.000000 0.008188 98.899946 0.001892 14.885046 -0.000276 
15 -9.835133 0.000000 -10.071724 98.544173 -0.000019 16.927385 0.000251 
16 -20.101635 0.000000 -10.071724 98.554410 -0.000011 16.927251 0.000050 
17 -9.835133 0.000000 -20.151635 98.550642 -0.000007 16.922410 0.000140 
18 -9.835133 0.000000 0.008188 98.560463 -0.000036 16.945441 -0.000131 
19 10.697873 0.000000 10.088100 98.591447 -0.000026 16.795506 -0.000236 
20 0.431370 0.000000 10.088100 98.609196 0.000047 16.872808 -0.000847 
21 20.964375 0.000000 10.088100 98.594097 -0.000122 16.724355 -0.000050 
22 10.697873 0.000000 20.168012 98.568729 0.000005 16.898957 -0.000137 
23 5.564621 0.000000 -5.031768 98.533440 0.000239 16.668036 0.001334 
24 0.431370 0.000000 -5.031768 98.413825 0.002423 16.775084 0.003332 
25 5.564621 0.000000 -10.071724 98.535407 0.000045 16.859575 0.000653 
26 10.697873 0.000000 -5.031768 98.572247 0.000130 16.721946 0.000389 
27 5.564621 0.000000 0.008188 99.396098 0.001671 11.851215 -0.002004 
28 -9.835133 0.000000 10.088100 98.574831 -0.000006 16.925962 -0.000349 
29 -20.101635 0.000000 10.088100 98.562024 -0.000008 16.926952 -0.000099 
30 -9.835133 0.000000 20.168012 98.566363 -0.000001 16.921258 -0.000166 
31 -4.701881 0.000000 -5.031768 98.503784 -0.001838 16.936138 0.001017 
32 -9.835133 0.000000 -5.031768 98.544829 -0.000033 16.937169 0.000205 
33 -4.701881 0.000000 -10.071724 98.529952 -0.000012 16.917580 0.000564 
34 -4.701881 0.000000 0.008188 98.566574 -0.000180 17.010243 -0.000472 
35 5.564621 0.000000 5.048144 98.682979 -0.001801 16.454360 -0.000908 
36 0.431370 0.000000 5.048144 98.757708 0.000396 16.728572 -0.003293 
37 10.697873 0.000000 5.048144 98.685883 -0.000557 16.227859 -0.000225 
38 5.564621 0.000000 10.088100 98.601536 0.000027 16.826138 -0.000538 
39 2.997996 0.000000 -2.511790 98.444477 0.001715 15.995284 0.005284 
40 0.431370 0.000000 -2.511790 97.979247 0.007259 16.372197 0.013202 
41 2.997996 0.000000 -5.031768 98.470893 -0.000293 16.672831 0.002550 
42 5.564621 0.000000 -2.511790 98.606458 -0.013702 16.175351 0.001512 
43 2.997996 0.000000 0.008188 100.493578 0.019305 4.615706 -0.012026 
44 -4.701881 0.000000 5.048144 98.626133 0.002494 16.931763 -0.001380 
45 -9.835133 0.000000 5.048144 98.575512 -0.000018 16.936194 -0.000397 
46 -4.701881 0.000000 10.088100 98.592854 0.000014 16.913362 -0.000661 
47 -2.135256 0.000000 -2.511790 98.344692 0.000882 16.961363 0.004063 
48 -4.701881 0.000000 -2.511790 98.504977 -0.000185 16.975761 0.000859 
49 -2.135256 0.000000 -5.031768 98.448079 -0.000102 16.896848 0.002247 
50 -2.135256 0.000000 0.008188 98.573389 0.002212 17.305149 -0.001618 
51 2.997996 0.000000 2.528166 98.979345 -0.000330 15.451101 -0.003565 
52 0.431370 0.000000 2.528166 99.315167 -0.003550 16.247986 -0.012750 
53 5.564621 0.000000 2.528166 98.925828 -0.000841 14.964900 -0.001027 
54 2.997996 0.000000 5.048144 98.725336 0.007437 16.556732 -0.002082 
55 1.714683 0.000000 -1.251801 98.162566 0.000441 14.256999 0.016085 
56 0.431370 0.000000 -1.251801 96.910529 0.014644 15.211848 0.037695 
57 1.714683 0.000000 -2.511790 98.247404 0.003148 16.046411 0.008996 
58 2.997996 0.000000 -1.251801 98.657751 0.003764 14.645639 0.005215 
59 1.714683 0.000000 0.008188 99.985972 0.048973 -1.348547 0.000098 
60 -2.135256 0.000000 2.528166 98.820560 0.003420 16.953607 -0.005293 
61 -4.701881 0.000000 2.528166 98.627952 -0.000075 16.973729 -0.001558 
62 -2.135256 0.000000 5.048144 98.695983 0.000136 16.883361 -0.002594 
63 -0.851943 0.000000 -1.251801 97.701275 0.003528 17.051012 0.016372 
64 -2.135256 0.000000 -1.251801 98.339871 -0.000079 17.113140 0.003641 
65 -0.851943 0.000000 -2.511790 98.143843 -0.003401 16.803882 0.008542 
66 -0.851943 0.000000 0.008188 98.430547 0.001188 18.623681 -0.003541 
67 1.714683 0.000000 1.268177 99.594376 0.009390 13.400444 -0.009861 
68 0.431370 0.000000 1.268177 100.926216 0.006143 14.928949 -0.040897 
69 2.997996 0.000000 1.268177 99.345376 0.000127 12.832317 -0.003417 
70 1.714683 0.000000 2.528166 99.114410 -0.000442 15.745346 -0.007158 
71 1.073026 0.000000 -0.621806 97.263623 0.029620 10.820956 0.042269 
72 0.431370 0.000000 -0.621806 94.341507 0.033285 12.402872 0.094585 
73 1.073026 0.000000 -1.251801 97.577191 0.016721 14.390255 0.027161 
74 1.714683 0.000000 -0.621806 98.490167 0.008029 11.456012 0.016845 
75 1.073026 0.000000 0.008188 99.045016 0.027586 -3.604627 0.017709 
76 -0.851943 0.000000 1.268177 99.541443 0.001719 17.102493 -0.020099 
77 -2.135256 0.000000 1.268177 98.821664 0.004138 17.121063 -0.005885 
78 -0.851943 0.000000 2.528166 99.069877 0.000237 16.775820 -0.009627 
79 -0.210286 0.000000 -0.621806 95.151411 0.034205 17.088624 0.065419 
80 -0.851943 0.000000 -0.621806 97.437109 0.011663 17.842749 0.018765 
81 -0.210286 0.000000 -1.251801 97.204789 0.005993 16.415625 0.028176 
82 -0.210286 0.000000 0.008188 96.278040 0.010643 23.507613 0.017793 
83 1.073026 0.000000 0.638183 100.701534 0.004705 9.717573 -0.023523 
84 0.431370 0.000000 0.638183 104.434156 0.013816 11.485591 -0.103841 
85 1.714683 0.000000 0.638183 99.831608 0.005365 9.838429 -0.006314 
86 1.073026 0.000000 1.268177 100.073362 -0.001198 13.839765 -0.020622 
87 0.752198 0.000000 -0.306809 95.031978 0.054099 5.287789 0.094096 
88 0.431370 0.000000 -0.306809 91.404247 0.094771 7.967609 0.158177 
89 0.752198 0.000000 -0.621806 95.819038 0.025379 10.941974 0.069898 
90 1.073026 0.000000 -0.306809 97.612618 0.021724 6.294509 0.043216 
91 0.752198 0.000000 0.008188 97.269631 0.054464 -6.639202 0.049454 
92 -0.210286 0.000000 0.638183 102.004123 0.012371 17.585106 -0.071408 
93 -0.851943 0.000000 0.638183 99.672120 -0.004679 18.028755 -0.025957 
94 -0.210286 0.000000 1.268177 100.411107 -0.007066 16.480336 -0.035399 
95 0.110542 0.000000 -0.306809 89.722839 0.042692 13.889925 0.175688 
96 -0.210286 0.000000 -0.306809 93.823890 -0.003314 18.761069 0.084510 
97 0.110542 0.000000 -0.621806 94.380244 0.032460 14.949486 0.086888 
98 0.110542 0.000000 0.008188 20.796481 -7.874131 -4.303560 0.948698 
99 0.752198 0.000000 0.323185 102.190851 0.014646 3.430852 -0.045474 
100 0.431370 0.000000 0.323185 107.770333 0.067817 4.803357 -0.163752 
101 1.073026 0.000000 0.323185 100.341362 0.016491 5.286744 -0.009634 
102 0.752198 0.000000 0.638183 102.069468 0.021892 9.887297 -0.051594 
103 0.591784 0.000000 -0.149310 92.235263 0.104145 0.364939 0.149251 
104 0.431370 0.000000 -0.149310 88.461063 0.113385 3.202414 0.216437 
105 0.591784 0.000000 -0.306809 93.269928 0.072043 6.157379 0.126280 
106 0.752198 0.000000 -0.149310 95.494585 0.081136 -0.074632 0.088077 
107 0.591784 0.000000 0.008188 73.204102 1.359090 -13.119106 0.446720 
108 0.110542 0.000000 0.323185 110.567716 0.054828 16.090369 -0.248412 
109 -0.210286 0.000000 0.323185 102.767945 0.021358 20.836956 -0.099543 
110 0.110542 0.000000 0.638183 104.478185 0.011866 15.307953 -0.115002 
111 0.270956 0.000000 -0.149310 86.229027 0.092702 7.758803 0.250435 
112 0.110542 0.000000 -0.149310 85.751421 0.096193 11.480396 0.251489 
113 0.270956 0.000000 -0.306809 89.842513 0.060951 10.614535 0.181565 
114 0.270956 0.000000 0.008188 85.511371 0.132189 0.883074 0.268701 
115 0.591784 0.000000 0.165687 102.855914 0.073505 -4.312838 -0.059794 
116 0.431370 0.000000 0.165687 110.571606 0.146070 -5.164551 -0.225277 
117 0.752198 0.000000 0.165687 100.336129 0.039323 -1.030347 -0.006840 
118 0.591784 0.000000 0.323185 104.268753 0.062530 3.389500 -0.088347 
119 0.511577 0.000000 -0.070561 88.179622 0.172298 -2.911967 0.221585 
120 0.431370 0.000000 -0.070561 86.285380 0.174382 -0.243672 0.255474 
121 0.511577 0.000000 -0.149310 90.022339 0.136750 1.118753 0.189471 
122 0.591784 0.000000 -0.070561 91.403633 0.124997 -4.365873 0.162630 
123 0.511577 0.000000 0.008188 93.264858 1.175240 -14.102252 0.110141 
124 15.831124 0.000000 -5.031768 98.576514 0.000073 16.766655 0.000155 
125 15.831124 0.000000 -10.071724 98.558647 0.000026 16.864930 0.000177 
126 20.964375 0.000000 -5.031768 98.575092 0.000045 16.798020 0.000078 
127 15.831124 0.000000 0.008188 98.739627 0.000952 15.843812 -0.000054 
128 8.131247 0.000000 -2.511790 98.626554 0.000585 16.338297 0.000586 
129 8.131247 0.000000 -5.031768 98.561739 -0.001580 16.692970 0.000693 
130 10.697873 0.000000 -2.511790 98.623072 0.000360 16.448423 0.000294 
131 8.131247 0.000000 0.008188 99.066523 0.003098 13.879560 -0.000682 
132 4.281308 0.000000 -1.251801 98.757944 0.003014 15.046136 0.002048 
133 4.281308 0.000000 -2.511790 98.563782 0.001213 16.085600 0.002643 
134 5.564621 0.000000 -1.251801 98.763412 0.001794 15.351148 0.001013 
135 4.281308 0.000000 0.008188 99.731169 0.002550 9.743433 -0.004124 
136 2.356339 0.000000 -0.621806 98.884758 0.003169 12.143927 0.007433 
137 2.356339 0.000000 -1.251801 98.483877 0.004158 14.397848 0.009363 
138 2.997996 0.000000 -0.621806 99.015910 0.003924 12.758426 0.003307 
139 2.356339 0.000000 0.008188 100.307942 0.047537 1.031075 -0.006275 
140 1.393855 0.000000 -0.306809 98.523943 0.025666 7.210107 0.024105 
141 1.393855 0.000000 -0.621806 97.978199 0.014094 10.990268 0.027949 
142 1.714683 0.000000 -0.306809 99.001335 0.012942 8.179864 0.013183 
143 1.393855 0.000000 0.008188 99.661436 0.035591 -2.285058 0.006238 
144 0.912612 0.000000 -0.149310 97.220110 0.063786 0.697813 0.054776 
145 0.912612 0.000000 -0.306809 96.659417 0.046795 5.713231 0.062431 
146 1.073026 0.000000 -0.149310 98.232234 0.037698 1.921646 0.034673 
147 0.912612 0.000000 0.008188 98.391732 0.042076 -5.221204 0.029180 
148 0.671991 0.000000 -0.070561 94.459029 0.090546 -4.526227 0.105700 
149 0.671991 0.000000 -0.149310 94.120100 0.084253 -0.073571 0.114139 
150 0.752198 0.000000 -0.070561 96.128709 0.090198 -4.070215 0.074270 
151 0.671991 0.000000 0.008188 96.070717 0.068739 -7.324891 0.071676 
152 0.270956 0.000000 0.165687 120.050123 0.125425 2.036297 -0.441619 
153 0.110542 0.000000 0.165687 120.894327 0.138920 19.445785 -0.499360 
154 0.270956 0.000000 0.323185 111.134941 0.095427 9.460724 -0.244049 
155 0.511577 0.000000 0.086937 104.876680 0.112275 -13.576925 -0.118346 
156 0.431370 0.000000 0.086937 115.453942 0.355629 -24.952793 -0.395238 
157 0.591784 0.000000 0.086937 99.960807 0.085529 -9.487580 -0.008218 
158 0.511577 0.000000 0.165687 105.968256 0.103420 -5.087756 -0.125517 
159 0.551681 0.000000 -0.031187 88.252553 0.170888 -6.975277 0.216280 
160 0.511577 0.000000 -0.031187 86.455076 0.194085 -6.031874 0.248910 
161 0.551681 0.000000 -0.070561 89.615240 0.147509 -3.845591 0.195430 
162 0.591784 0.000000 -0.031187 90.796184 0.134951 -7.820017 0.169488 
163 0.551681 0.000000 0.008188 86.039752 2.227015 -18.777148 0.223962 
164 15.831124 0.000000 5.048144 98.754140 -0.001049 15.791889 -0.000176 
165 20.964375 0.000000 5.048144 98.918885 -0.001561 14.822993 -0.000467 
166 15.831124 0.000000 10.088100 98.589812 -0.000073 16.765299 -0.000103 
167 8.131247 0.000000 2.528166 99.038982 -0.001169 14.165554 -0.000938 
168 10.697873 0.000000 2.528166 99.272651 -0.000717 12.771162 -0.001816 
169 8.131247 0.000000 5.048144 98.674355 0.000759 16.355105 -0.000412 
170 4.281308 0.000000 1.268177 99.437324 -0.000322 11.925605 -0.003000 
171 5.564621 0.000000 1.268177 99.657550 -0.001109 10.546321 -0.004285 
172 4.281308 0.000000 2.528166 98.916644 -0.000742 15.234785 -0.001660 
173 2.356339 0.000000 0.638183 99.779916 0.003221 9.433021 -0.004501 
174 2.997996 0.000000 0.638183 99.962035 -0.003656 8.560853 -0.006570 
175 2.356339 0.000000 1.268177 99.403138 0.002334 13.116646 -0.005303 
176 1.393855 0.000000 0.323185 100.019482 0.002721 5.758411 -0.003706 
177 1.714683 0.000000 0.323185 99.955297 -0.000972 5.947031 -0.002643 
178 1.393855 0.000000 0.638183 100.133993 0.012801 9.753495 -0.012195 
179 0.912612 0.000000 0.165687 99.950604 0.031797 0.360431 0.000975 
180 1.073026 0.000000 0.165687 99.812774 0.008793 1.753808 0.003433 
181 0.912612 0.000000 0.323185 100.975132 0.021328 4.421034 -0.021552 
182 0.671991 0.000000 0.086937 98.878711 0.054367 -5.791418 0.018946 
183 0.752198 0.000000 0.086937 98.875648 0.035760 -3.928636 0.020817 
184 0.671991 0.000000 0.165687 101.083628 0.056819 -2.447940 -0.022390 
185 0.631888 0.000000 -0.031187 93.504422 0.103760 -7.248188 0.120438 
186 0.631888 0.000000 -0.070561 93.134447 0.096083 -4.583714 0.130496 
187 0.671991 0.000000 -0.031187 95.026704 0.084107 -6.663967 0.092551 
188 0.631888 0.000000 0.008188 94.828596 0.087703 -8.744706 0.093106 
189 0.551681 0.000000 0.047563 99.495642 0.121652 -16.517625 -0.017223 
190 0.511577 0.000000 0.047563 105.676868 0.905877 -29.442142 -0.203526 
191 0.591784 0.000000 0.047563 96.982608 0.094775 -12.275104 0.044369 
192 0.551681 0.000000 0.086937 101.852199 0.103076 -11.482626 -0.050573 
193 0.571732 0.000000 -0.011499 76.995844 1.733812 -13.669126 0.388179 
194 0.551681 0.000000 -0.011499 81.624022 2.049776 -12.306121 0.318188 
195 0.571732 0.000000 -0.031187 89.258925 0.156348 -7.465517 0.197709 
196 0.591784 0.000000 -0.011499 90.588186 0.132341 -9.617401 0.170127 
197 0.571732 0.000000 0.008188 75.495961 1.583780 -13.886148 0.410503 
198 0.351163 0.000000 -0.070561 84.737276 0.199493 2.416553 0.281371 
199 0.270956 0.000000 -0.070561 82.504816 0.086829 6.314501 0.315307 
200 0.351163 0.000000 -0.149310 87.181697 0.155170 5.219791 0.237208 
201 0.351163 0.000000 0.008188 91.355094 0.199174 -2.871005 0.164596 
202 0.471473 0.000000 -0.031187 85.579763 0.638102 -1.234542 0.267417 
203 0.431370 0.000000 -0.031187 85.098364 0.403262 -0.115840 0.275809 
204 0.471473 0.000000 -0.070561 87.096862 0.149238 -1.702893 0.241121 
205 0.471473 0.000000 0.008188 92.495035 0.611846 -8.987001 0.136353 
206 0.531629 0.000000 -0.011499 86.717133 1.821392 -8.071212 0.241168 
207 0.511577 0.000000 -0.011499 87.995997 1.111788 -5.483113 0.222540 
208 0.531629 0.000000 -0.031187 87.313102 0.184801 -6.707228 0.233140 
209 0.531629 0.000000 0.008188 91.546847 1.729351 -17.611112 0.130603 
210 0.631888 0.000000 0.047563 97.065332 0.072174 -8.838758 0.050019 
211 0.671991 0.000000 0.047563 97.442700 0.057074 -7.354619 0.045083 
212 0.631888 0.000000 0.086937 99.151404 0.065297 -7.364413 0.011476 
213 0.571732 0.000000 0.027875 94.975656 0.139551 -17.105855 0.068700 
214 0.551681 0.000000 0.027875 88.452857 2.023788 -27.454386 0.141825 
215 0.591784 0.000000 0.027875 94.627712 0.104607 -13.305344 0.086855 
216 0.571732 0.000000 0.047563 97.756464 0.109553 -14.685537 0.022800 
217 0.561706 0.000000 -0.001656 78.241414 1.763550 -13.250224 0.369960 
218 0.551681 0.000000 -0.001656 82.803662 2.265180 -11.328246 0.301009 
219 0.561706 0.000000 -0.011499 78.400047 1.855474 -11.535811 0.371691 
220 0.571732 0.000000 -0.001656 75.237256 1.557361 -13.337436 0.415904 
221 0.561706 0.000000 0.008188 79.846731 1.875423 -14.997134 0.339607 
222 -14.968384 0.000000 -5.031768 98.553457 -0.000020 16.931611 0.000054 
223 -20.101635 0.000000 -5.031768 98.555879 -0.000013 16.928676 0.000016 
224 -14.968384 0.000000 -10.071724 98.551319 -0.000015 16.928082 0.000108 
225 -14.968384 0.000000 0.008188 98.558913 -0.000021 16.933442 -0.000060 
226 -7.268507 0.000000 -2.511790 98.540650 -0.000321 16.953724 0.000231 
227 -9.835133 0.000000 -2.511790 98.550648 -0.000037 16.942971 0.000071 
228 -7.268507 0.000000 -5.031768 98.532241 -0.000038 16.940320 0.000442 
229 -7.268507 0.000000 0.008188 98.562424 0.000281 16.961534 -0.000225 
230 -3.418569 0.000000 -1.251801 98.484234 -0.000228 17.044836 0.001033 
231 -4.701881 0.000000 -1.251801 98.527477 -0.000198 16.999517 0.000335 
232 -3.418569 0.000000 -2.511790 98.453831 -0.000202 16.986809 0.001829 
233 -3.418569 0.000000 0.008188 98.570426 -0.000191 17.078091 -0.000779 
234 -1.493599 0.000000 -0.621806 98.253928 0.000314 17.308367 0.004659 
235 -2.135256 0.000000 -0.621806 98.419348 0.002825 17.217434 0.001719 
236 -1.493599 0.000000 -1.251801 98.138946 -0.007769 17.134718 0.007515 
237 -1.493599 0.000000 0.008188 98.558661 0.001061 17.449920 -0.001831 
238 -0.531115 0.000000 -0.306809 96.795148 0.009968 18.790008 0.027763 
239 -0.851943 0.000000 -0.306809 97.742347 0.008796 18.324966 0.011063 
240 -0.531115 0.000000 -0.621806 96.651584 0.011843 17.742679 0.034367 
241 -0.531115 0.000000 0.008188 98.164788 0.006392 19.490575 -0.001621 
242 -0.049872 0.000000 -0.149310 87.851007 0.094009 19.245804 0.191179 
243 -0.210286 0.000000 -0.149310 93.749456 0.019554 20.819361 0.077759 
244 -0.049872 0.000000 -0.306809 91.113833 0.037424 17.246365 0.140083 
245 -0.049872 0.000000 0.008188 86.956691 0.129432 35.819065 0.115551 
246 0.190749 0.000000 -0.070561 85.659755 -0.059363 16.057851 0.240455 
247 0.110542 0.000000 -0.070561 82.785076 -0.072490 -1.086616 0.314545 
248 0.190749 0.000000 -0.149310 86.369243 0.098681 10.130523 0.243772 
249 0.190749 0.000000 0.008188 84.739960 -0.412024 3.672548 0.280548 
250 0.351163 0.000000 0.086937 123.096442 0.202465 -18.200041 -0.548402 
251 0.270956 0.000000 0.086937 128.555334 0.285274 -11.005516 -0.664768 
252 0.351163 0.000000 0.165687 115.519952 0.182585 -2.835503 -0.335293 
253 0.311059 0.000000 -0.031187 82.431342 0.158935 2.152037 0.320042 
254 0.270956 0.000000 -0.031187 79.642713 0.103858 2.496827 0.365079 
255 0.311059 0.000000 -0.070561 83.686952 0.111298 4.079378 0.297984 
256 0.351163 0.000000 -0.031187 83.313661 0.194973 1.588880 0.305627 
257 0.311059 0.000000 0.008188 90.840961 0.160622 -1.298566 0.174621 
258 -14.968384 0.000000 5.048144 98.564212 -0.000016 16.931252 -0.000157 
259 -20.101635 0.000000 5.048144 98.560707 -0.000011 16.928507 -0.000079 
260 -14.968384 0.000000 10.088100 98.565956 -0.000009 16.927484 -0.000179 
261 -7.268507 0.000000 2.528166 98.583910 0.001198 16.952718 -0.000618 
262 -9.835133 0.000000 2.528166 98.570130 -0.000028 16.942455 -0.000312 
263 -7.268507 0.000000 5.048144 98.591166 -0.000010 16.938445 -0.000713 
264 -3.418569 0.000000 1.268177 98.658106 -0.000090 17.044789 -0.002395 
265 -4.701881 0.000000 1.268177 98.605770 -0.000130 16.998792 -0.001206 
266 -3.418569 0.000000 2.528166 98.688772 -0.000006 16.983628 -0.002792 
267 -1.493599 0.000000 0.638183 98.892771 0.001895 17.342207 -0.008053 
268 -2.135256 0.000000 0.638183 98.732909 0.002702 17.223338 -0.004483 
269 -1.493599 0.000000 1.268177 99.061221 0.002590 17.180895 -0.010831 
270 -0.531115 0.000000 0.323185 99.840371 0.004901 19.063787 -0.033153 
271 -0.851943 0.000000 0.323185 99.207855 -0.005880 18.485875 -0.018393 
272 -0.531115 0.000000 0.638183 100.484591 -0.007822 18.096076 -0.042462 
273 -0.049872 0.000000 0.165687 106.550429 0.079739 26.987222 -0.208131 
274 -0.210286 0.000000 0.165687 100.675783 -0.004990 22.920695 -0.066097 
275 -0.049872 0.000000 0.323185 106.121166 -0.005782 20.150606 -0.166775 
276 0.190749 0.000000 0.086937 134.221720 0.566703 2.861436 -0.802398 
277 0.110542 0.000000 0.086937 136.801111 0.767091 21.196885 -0.916444 
278 0.190749 0.000000 0.165687 122.805295 0.148193 9.954906 -0.518026 
279 0.230852 0.000000 -0.031187 78.929937 0.090558 2.587521 0.376336 
280 0.190749 0.000000 -0.031187 60.121390 -0.313618 53.033184 0.357280 
281 0.230852 0.000000 -0.070561 81.562262 0.019012 10.496963 0.323741 
282 0.230852 0.000000 0.008188 78.649441 -0.110115 1.864157 0.381078 
283 0.030335 0.000000 -0.070561 77.746533 0.090105 12.761279 0.379262 
284 -0.049872 0.000000 -0.070561 84.344159 0.103888 23.087388 0.235302 
285 0.030335 0.000000 -0.149310 85.343791 0.093936 15.327060 0.248151 
286 0.030335 0.000000 0.008188 81.043042 1.105079 34.630597 0.223153 
287 0.150645 0.000000 -0.031187 98.596539 -0.304258 2.131638 0.027409 
288 0.110542 0.000000 -0.031187 54.531947 -0.387632 -44.478030 0.504782 
289 0.150645 0.000000 -0.070561 103.928560 -0.304094 1.430824 -0.080329 
290 0.150645 0.000000 0.008188 16.467233 -7.549900 0.468616 0.967161 
291 0.230852 0.000000 0.047563 128.083883 0.432521 -2.345193 -0.641117 
292 0.190749 0.000000 0.047563 134.273779 0.571581 3.018933 -0.803889 
293 0.270956 0.000000 0.047563 119.338166 0.260875 -8.730515 -0.431789 
294 0.230852 0.000000 0.086937 132.245483 0.435399 -2.992098 -0.749801 
295 0.210801 0.000000 -0.011499 45.122316 -0.465503 15.603694 0.772028 
296 0.190749 0.000000 -0.011499 29.468833 -0.419533 36.369900 0.780864 
297 0.210801 0.000000 -0.031187 78.949617 0.092138 2.588172 0.376025 
298 0.230852 0.000000 -0.011499 74.065426 -0.155665 2.718351 0.450690 
299 0.210801 0.000000 0.008188 68.918670 -0.523803 3.039038 0.524071 
300 0.030335 0.000000 0.086937 118.626574 0.171066 37.668325 -0.549120 
301 -0.049872 0.000000 0.086937 102.613018 0.108006 33.896249 -0.167840 
302 0.030335 0.000000 0.165687 113.982532 0.112781 26.168952 -0.367684 
303 0.070438 0.000000 -0.031187 70.070326 0.062168 3.384528 0.507869 
304 0.030335 0.000000 -0.031187 70.293187 0.827374 -4.462359 0.503827 
305 0.070438 0.000000 -0.070561 78.049440 0.020294 6.621819 0.386444 
306 0.070438 0.000000 0.008188 68.097785 -0.099374 3.671187 0.534920 
307 0.070438 0.000000 0.047563 133.014262 0.888540 43.022624 -0.954453 
308 0.030335 0.000000 0.047563 123.390496 0.992684 61.447758 -0.900203 
309 0.110542 0.000000 0.047563 135.996284 0.830989 29.137698 -0.934469 
310 0.070438 0.000000 0.086937 135.084859 0.918580 37.489107 -0.965420 
311 0.090490 0.000000 -0.011499 64.199428 -0.490331 4.453894 0.585836 
312 0.070438 0.000000 -0.011499 69.660810 0.088745 2.758580 0.513975 
313 0.090490 0.000000 -0.031187 65.590072 -0.304744 4.035619 0.568156 
314 0.110542 0.000000 -0.011499 29.718485 -0.404861 -34.309319 0.793952 
315 0.090490 0.000000 0.008188 65.414665 -0.319109 4.061110 0.570433 
316 -0.370701 0.000000 -0.149310 96.217817 -0.001773 20.050856 0.034009 
317 -0.531115 0.000000 -0.149310 97.353645 0.011068 19.195913 0.015378 
318 -0.370701 0.000000 -0.306809 95.876746 0.014677 18.777100 0.045507 
319 -0.370701 0.000000 0.008188 97.615607 0.017681 21.088123 0.002648 
320 -0.130079 0.000000 -0.070561 91.407890 -0.018641 23.570126 0.108905 
321 -0.210286 0.000000 -0.070561 94.526417 0.014595 22.257476 0.056936 
322 -0.130079 0.000000 -0.149310 91.398451 -0.001560 20.696894 0.121796 
323 -0.130079 0.000000 0.008188 94.197866 0.089791 27.017114 0.039683 
324 -0.009769 0.000000 -0.031187 70.271372 0.157794 22.241331 0.456723 
325 -0.049872 0.000000 -0.031187 82.860933 0.117863 28.155371 0.234133 
326 -0.009769 0.000000 -0.070561 79.600856 0.110770 19.122985 0.329800 
327 -0.009769 0.000000 0.008188 39.249732 1.610375 41.790782 0.671040 
328 -0.370701 0.000000 0.165687 99.514258 0.009490 21.009471 -0.034449 
329 -0.531115 0.000000 0.165687 99.098557 0.009398 19.500602 -0.020080 
330 -0.370701 0.000000 0.323185 100.844268 0.017704 20.008497 -0.056991 
331 -0.130079 0.000000 0.086937 99.154551 0.015673 27.221449 -0.057263 
332 -0.210286 0.000000 0.086937 98.687820 -0.005997 23.821993 -0.030677 
333 -0.130079 0.000000 0.165687 102.444536 0.023331 24.917838 -0.111578 
334 -0.009769 0.000000 0.047563 102.718427 0.180227 48.271510 -0.288125 
335 -0.049872 0.000000 0.047563 96.461293 0.124450 37.312575 -0.069702 
336 -0.009769 0.000000 0.086937 108.582646 0.138567 37.792678 -0.321850 
337 0.010283 0.000000 -0.011499 44.512432 1.471292 6.080763 0.797950 
338 -0.009769 0.000000 -0.011499 28.655763 1.663738 13.935940 0.898187 
339 0.010283 0.000000 -0.031187 51.848058 1.302499 -10.507899 0.719967 
340 0.030335 0.000000 -0.011499 66.357788 0.933244 -5.689927 0.556340 
341 0.010283 0.000000 0.008188 57.952755 1.454733 56.128087 0.348900 
342 -0.089976 0.000000 -0.031187 89.204525 0.096214 26.915564 0.131810 
343 -0.130079 0.000000 -0.031187 92.317434 0.089490 25.506578 0.082690 
344 -0.089976 0.000000 -0.070561 88.583883 0.092588 23.882399 0.158252 
345 -0.089976 0.000000 0.008188 91.940672 0.096819 29.893332 0.065329 
346 -0.029821 0.000000 -0.011499 76.260721 0.153105 33.951972 0.303154 
347 -0.049872 0.000000 -0.011499 83.746688 0.125203 32.101565 0.195597 
348 -0.029821 0.000000 -0.031187 77.235528 0.131695 27.214072 0.329405 
349 -0.029821 0.000000 0.008188 81.403938 0.166710 41.954681 0.161318 
350 0.010283 0.000000 0.027875 93.784173 1.250942 81.257825 -0.539987 
351 -0.009769 0.000000 0.027875 59.359891 1.497769 86.314183 -0.097598 
352 0.030335 0.000000 0.027875 117.577854 1.047975 67.925293 -0.843950 
353 0.010283 0.000000 0.047563 112.373349 0.263116 51.815555 -0.531269 
354 0.000257 0.000000 -0.001656 27.487079 1.706647 29.960234 0.834393 
355 -0.009769 0.000000 -0.001656 37.848810 1.617073 37.842116 0.713283 
356 0.000257 0.000000 -0.011499 38.897197 1.546717 11.676722 0.834827 
357 0.010283 0.000000 -0.001656 46.272360 1.498553 17.796250 0.753992 
358 0.000257 0.000000 0.008188 45.801445 1.573468 67.979069 0.327860 
359 0.050386 0.000000 0.027875 128.349560 0.954450 52.724752 -0.925442 
360 0.050386 0.000000 0.008188 73.329164 0.504657 0.908561 0.462175 
361 0.070438 0.000000 0.027875 132.009753 0.929991 45.493214 -0.949707 
362 0.050386 0.000000 0.047563 129.003243 0.948974 51.667107 -0.931223 
363 0.311059 0.000000 0.047563 115.559836 0.193688 -11.101461 -0.347736 
364 0.351163 0.000000 0.047563 118.205611 0.215885 -16.086052 -0.423137 
365 0.311059 0.000000 0.086937 125.814886 0.214455 -15.210803 -0.606080 
366 0.471473 0.000000 0.047563 111.902442 0.440932 -26.962329 -0.324932 
367 0.431370 0.000000 0.047563 112.642793 0.359134 -23.027271 -0.321878 
368 0.471473 0.000000 0.086937 108.179424 0.137138 -14.030480 -0.189966 
369 0.531629 0.000000 0.027875 100.371003 1.561447 -29.517269 -0.094805 
370 0.511577 0.000000 0.027875 103.488882 0.955925 -26.053616 -0.138965 
371 0.531629 0.000000 0.047563 101.804836 0.133078 -18.317337 -0.069977 
372 -4.701881 0.000000 -15.111679 98.542937 -0.000007 16.917618 0.000308 
373 -9.835133 0.000000 -15.111679 98.547717 -0.000011 16.923492 0.000194 
374 -4.701881 0.000000 -20.151635 98.548772 -0.000004 16.919131 0.000188 
375 0.431370 0.000000 -15.111679 98.540963 0.000003 16.907248 0.000382 
376 -2.135256 0.000000 -7.551746 98.499743 -0.002513 16.897485 0.001228 
377 -4.701881 0.000000 -7.551746 98.518095 -0.000018 16.921717 0.000784 
378 -2.135256 0.000000 -10.071724 98.522615 0.000002 16.904420 0.000753 
379 0.431370 0.000000 -7.551746 98.492563 -0.002945 16.856556 0.001507 
380 -0.851943 0.000000 -3.771779 98.329887 0.000243 16.818861 0.004836 
381 -2.135256 0.000000 -3.771779 98.400681 -0.000115 16.911961 0.003129 
382 -0.851943 0.000000 -5.031768 98.420575 -0.000034 16.845207 0.002963 
383 0.431370 0.000000 -3.771779 98.312623 -0.005970 16.662498 0.005699 
384 -0.210286 0.000000 -1.881795 97.756147 -0.004801 16.516646 0.017094 
385 -0.851943 0.000000 -1.881795 97.939787 0.000915 16.863258 0.012343 
386 -0.210286 0.000000 -2.511790 98.056045 0.003337 16.619154 0.010882 
387 0.431370 0.000000 -1.881795 97.712974 -0.004437 16.030681 0.019519 
388 0.110542 0.000000 -0.936804 95.845979 0.022314 15.528578 0.057241 
389 -0.210286 0.000000 -0.936804 96.271718 0.033145 16.591381 0.045648 
390 0.110542 0.000000 -1.251801 96.875399 0.012896 15.863161 0.036352 
391 0.431370 0.000000 -0.936804 96.015362 0.020627 14.307528 0.057634 
392 0.270956 0.000000 -0.464308 92.415594 0.038756 12.560289 0.130160 
393 0.110542 0.000000 -0.464308 92.384195 0.022189 14.592239 0.125223 
394 0.270956 0.000000 -0.621806 93.918746 0.059191 13.575095 0.099498 
395 0.431370 0.000000 -0.464308 93.010599 0.046104 10.727258 0.123395 
396 0.190749 0.000000 -0.228060 88.030042 0.096500 11.260839 0.212390 
397 0.110542 0.000000 -0.228060 87.957915 0.090347 13.312978 0.208616 
398 0.190749 0.000000 -0.306809 89.353584 0.063014 12.022254 0.187140 
399 0.270956 0.000000 -0.228060 88.331355 0.109678 9.220733 0.211254 
400 0.150645 0.000000 -0.109936 86.736856 0.052592 9.209357 0.239190 
401 0.110542 0.000000 -0.109936 84.719838 0.060243 8.564175 0.274920 
402 0.150645 0.000000 -0.149310 86.334741 0.092973 10.666699 0.243253 
403 0.190749 0.000000 -0.109936 85.982492 0.064656 10.383424 0.249919 
404 0.130593 0.000000 -0.050874 93.003366 -0.320745 -22.685563 0.083564 
405 0.110542 0.000000 -0.050874 72.877387 -0.354929 -39.926604 0.309463 
406 0.130593 0.000000 -0.070561 89.075036 -0.326892 -30.074971 0.116103 
407 0.150645 0.000000 -0.050874 99.972147 -0.304219 2.368575 -0.000013 
408 0.130593 0.000000 -0.031187 82.858584 -0.338234 -29.431987 0.226810 
409 -0.049872 0.000000 -0.464308 93.304192 0.001583 16.462720 0.102331 
410 -0.210286 0.000000 -0.464308 94.869923 0.026242 17.439115 0.069557 
411 -0.049872 0.000000 -0.621806 94.809514 0.036513 16.097830 0.075201 
412 0.030335 0.000000 -0.228060 88.502073 0.087889 15.744695 0.191948 
413 -0.049872 0.000000 -0.228060 90.155918 0.003839 17.828409 0.155406 
414 0.030335 0.000000 -0.306809 90.356213 0.022647 15.653719 0.159072 
415 0.070438 0.000000 -0.109936 82.750718 0.082988 10.967233 0.303203 
416 0.030335 0.000000 -0.109936 82.475666 0.094065 14.526701 0.298673 
417 0.070438 0.000000 -0.149310 85.201786 0.090489 13.094528 0.256918 
418 0.090490 0.000000 -0.050874 72.714833 -0.169139 -3.000705 0.470352 
419 0.070438 0.000000 -0.050874 73.918397 -0.054961 4.023462 0.451988 
420 0.090490 0.000000 -0.070561 79.169885 -0.034105 2.685698 0.372492 
421 0.150645 0.000000 0.047563 135.911749 0.726285 13.799452 -0.866296 
422 0.150645 0.000000 0.086937 135.857404 0.717617 13.335150 -0.863558 
423 0.130593 0.000000 -0.011499 89.075036 -0.326892 -30.074971 0.116103 
424 0.150645 0.000000 -0.011499 103.928560 -0.304094 1.430824 -0.080329 
425 0.130593 0.000000 0.008188 17.495012 -7.550387 -3.134161 0.962709 
426 0.120568 0.000000 -0.041030 74.121370 -0.352754 -39.168413 0.297173 
427 0.110542 0.000000 -0.041030 64.329992 -0.370136 -42.257762 0.407580 
428 0.120568 0.000000 -0.050874 79.615500 -0.343699 -32.429463 0.260958 
429 0.130593 0.000000 -0.041030 84.527508 -0.335251 -29.105233 0.200787 
430 0.120568 0.000000 -0.031187 69.260896 -0.361866 -37.157747 0.382210 
431 0.170697 0.000000 -0.050874 96.227485 -0.287607 27.500759 -0.001610 
432 0.170697 0.000000 -0.070561 93.963987 -0.282842 34.625872 -0.002826 
433 0.190749 0.000000 -0.050874 78.846551 -0.284021 46.373535 0.163264 
434 0.170697 0.000000 -0.031187 84.457189 -0.287097 37.471903 0.146276 
435 2.035511 0.000000 -0.306809 99.185390 0.005844 8.750195 0.008569 
436 2.035511 0.000000 -0.621806 98.739748 0.003673 11.813519 0.011090 
437 2.356339 0.000000 -0.306809 99.319987 0.004476 9.445229 0.004633 
438 2.035511 0.000000 0.008188 100.179207 -0.076662 -0.724261 -0.003640 
439 5.564621 0.000000 -15.111679 98.544658 0.000012 16.897806 0.000341 
440 5.564621 0.000000 -20.151635 98.549505 0.000004 16.910303 0.000204 
441 10.697873 0.000000 -15.111679 98.550457 0.000014 16.894058 0.000240 
442 15.831124 0.000000 -15.111679 98.554772 0.000012 16.894480 0.000153 
443 15.831124 0.000000 -20.151635 98.554242 0.000006 16.907018 0.000121 
444 20.964375 0.000000 -15.111679 98.557254 0.000009 16.896467 0.000098 
445 -14.968384 0.000000 -15.111679 98.551617 -0.000011 16.925493 0.000111 
446 -20.101635 0.000000 -15.111679 98.554001 -0.000009 16.925835 0.000062 
447 -14.968384 0.000000 -20.151635 98.552644 -0.000007 16.924127 0.000095 
448 2.997996 0.000000 -7.551746 98.507354 -0.003315 16.819921 0.001339 
449 2.997996 0.000000 -10.071724 98.525811 0.000039 16.869500 0.000808 
450 5.564621 0.000000 -7.551746 98.529979 -0.002160 16.804912 0.000944 
451 8.131247 0.000000 -7.551746 98.546684 0.000083 16.807450 0.000606 
452 8.131247 0.000000 -10.071724 98.544601 0.000043 16.856641 0.000482 
453 10.697873 0.000000 -7.551746 98.556479 0.000066 16.815196 0.000387 
454 -7.268507 0.000000 -7.551746 98.533672 -0.000027 16.929959 0.000449 
455 -9.835133 0.000000 -7.551746 98.543289 -0.000026 16.931464 0.000255 
456 -7.268507 0.000000 -10.071724 98.537918 -0.000018 16.924551 0.000384 
457 1.714683 0.000000 -3.771779 98.369860 -0.012539 16.523389 0.005035 
458 1.714683 0.000000 -5.031768 98.433889 -0.000369 16.710633 0.003152 
459 2.997996 0.000000 -3.771779 98.448568 -0.014947 16.469695 0.003663 
460 4.281308 0.000000 -3.771779 98.512626 -0.009072 16.478328 0.002373 
461 4.281308 0.000000 -5.031768 98.507416 0.002970 16.662789 0.001864 
462 5.564621 0.000000 -3.771779 98.551335 -0.005393 16.506562 0.001517 
463 -3.418569 0.000000 -3.771779 98.461266 -0.000163 16.945919 0.001822 
464 -4.701881 0.000000 -3.771779 98.499615 -0.000157 16.952878 0.001043 
465 -3.418569 0.000000 -5.031768 98.478955 -0.000129 16.924947 0.001544 
466 1.073026 0.000000 -1.881795 97.905328 -0.003004 15.629722 0.017026 
467 1.073026 0.000000 -2.511790 98.121144 0.003772 16.171896 0.011071 
468 1.714683 0.000000 -1.881795 98.151192 0.002950 15.441005 0.012792 
469 2.356339 0.000000 -1.881795 98.382038 0.003746 15.458207 0.008202 
470 2.356339 0.000000 -2.511790 98.370116 0.008630 16.005385 0.006715 
471 2.997996 0.000000 -1.881795 98.514867 0.007498 15.530668 0.005362 
472 -1.493599 0.000000 -1.881795 98.182039 -0.001449 16.981401 0.007192 
473 -2.135256 0.000000 -1.881795 98.315373 0.004038 17.036335 0.004385 
474 -1.493599 0.000000 -2.511790 98.238928 0.004872 16.922739 0.006273 
475 0.752198 0.000000 -0.936804 96.506604 0.054656 13.366300 0.050781 
476 0.752198 0.000000 -1.251801 97.234466 0.020616 14.703561 0.032926 
477 1.073026 0.000000 -0.936804 97.246313 0.008702 13.027715 0.037343 
478 1.393855 0.000000 -0.936804 97.906587 0.016185 13.086031 0.024306 
479 1.393855 0.000000 -1.251801 97.877642 0.006705 14.240385 0.021718 
480 1.714683 0.000000 -0.936804 98.248535 0.006749 13.172827 0.017370 
481 -0.531115 0.000000 -0.936804 96.851781 0.019168 17.233613 0.032273 
482 -0.851943 0.000000 -0.936804 97.634899 0.009553 17.233654 0.017043 
483 -0.531115 0.000000 -1.251801 97.436279 0.012249 16.821228 0.022322 
484 0.591784 0.000000 -0.464308 93.921406 0.008815 9.216495 0.109383 
485 0.591784 0.000000 -0.621806 94.976238 0.040901 11.455714 0.084828 
486 0.752198 0.000000 -0.464308 95.427450 0.029775 8.804286 0.081609 
487 0.912612 0.000000 -0.464308 96.564319 0.037910 8.816143 0.059761 
488 0.912612 0.000000 -0.621806 96.729134 0.017164 10.874159 0.052523 
489 1.073026 0.000000 -0.464308 97.368222 0.011286 9.043276 0.043765 
490 0.351163 0.000000 -0.228060 88.852604 0.088763 7.265503 0.205242 
491 0.351163 0.000000 -0.306809 90.347271 0.089833 9.116001 0.175426 
492 0.431370 0.000000 -0.228060 90.087349 0.114826 5.844854 0.185009 
493 2.035511 0.000000 -0.936804 98.488493 0.002364 13.352572 0.012173 
494 2.035511 0.000000 -1.251801 98.358876 0.000971 14.323703 0.012036 
495 2.356339 0.000000 -0.936804 98.627656 0.004959 13.510686 0.009005 
496 2.035511 0.000000 0.323185 100.053821 -0.003861 5.553838 -0.004161 
497 2.356339 0.000000 0.323185 100.203110 -0.008132 5.167262 -0.006736 
498 2.035511 0.000000 0.638183 99.759991 0.006438 9.692463 -0.004600 
499 0.391266 0.000000 -0.031187 84.062121 0.225671 1.107989 0.293228 
500 0.391266 0.000000 -0.070561 85.593200 0.188007 1.159522 0.267242 
501 0.391266 0.000000 0.008188 92.087386 0.295530 -4.328579 0.150109 
502 -0.370701 0.000000 -0.464308 95.919108 0.027237 17.994014 0.047574 
503 -0.531115 0.000000 -0.464308 96.609673 0.014617 18.247374 0.033360 
504 -0.370701 0.000000 -0.621806 95.992465 0.015263 17.581981 0.047632 
505 -0.130079 0.000000 -0.228060 92.034487 0.043996 19.091334 0.116517 
506 -0.210286 0.000000 -0.228060 93.350655 0.013857 19.889760 0.089005 
507 -0.130079 0.000000 -0.306809 92.455057 0.024218 18.244783 0.111919 
508 0.230852 0.000000 -0.109936 84.799046 0.086228 9.118884 0.272596 
509 0.230852 0.000000 -0.149310 86.139367 0.093813 9.056408 0.249798 
510 0.270956 0.000000 -0.109936 84.736041 0.100144 7.066392 0.276986 
511 0.391266 0.000000 0.047563 116.094587 0.261779 -21.051758 -0.392120 
512 0.391266 0.000000 0.086937 120.699375 0.195279 -20.847018 -0.500298 
513 0.210801 0.000000 -0.050874 77.276508 -0.146152 17.933808 0.370670 
514 0.210801 0.000000 -0.070561 82.429448 -0.025427 13.533732 0.302222 
515 0.230852 0.000000 -0.050874 78.417139 0.049388 2.570555 0.384414 
516 -0.009769 0.000000 -0.109936 83.796736 0.098560 18.109641 0.265014 
517 -0.049872 0.000000 -0.109936 86.294254 0.089387 20.692366 0.212512 
518 -0.009769 0.000000 -0.149310 86.302786 0.090496 17.579704 0.224278 
519 0.170697 0.000000 -0.011499 77.215241 -0.292930 45.178025 0.199667 
520 0.170697 0.000000 0.008188 134.854779 0.690522 4.729860 -0.820866 
521 0.050386 0.000000 -0.011499 71.927018 0.644497 -1.457908 0.482396 
522 0.050386 0.000000 -0.031187 73.324937 0.506097 0.888818 0.462241 
523 0.090490 0.000000 0.027875 135.487653 0.818806 34.689883 -0.956096 
524 0.110542 0.000000 0.027875 136.308914 0.806589 25.890268 -0.925108 
525 0.090490 0.000000 0.047563 134.865226 0.878867 35.924882 -0.948000 
526 -0.089976 0.000000 -0.109936 88.925291 0.091986 21.813079 0.161647 
527 -0.130079 0.000000 -0.109936 91.190505 -0.014790 22.007479 0.119996 
528 -0.089976 0.000000 -0.149310 89.633913 0.085496 20.371110 0.155077 
529 -0.089976 0.000000 0.047563 96.254851 0.092489 30.991224 -0.022546 
530 -0.130079 0.000000 0.047563 96.681186 0.002524 27.525821 -0.010492 
531 -0.089976 0.000000 0.086937 100.088778 0.089332 29.976483 -0.091636 
532 -0.029821 0.000000 0.027875 90.783231 0.157451 44.408968 -0.021378 
533 -0.049872 0.000000 0.027875 91.790603 0.128723 37.611177 0.015987 
534 -0.029821 0.000000 0.047563 97.982946 0.144262 42.328083 -0.139235 
535 0.130593 0.000000 0.027875 136.803866 0.761575 21.198781 -0.916527 
536 0.150645 0.000000 0.027875 136.360320 0.740698 17.433087 -0.889860 
537 0.130593 0.000000 0.047563 136.564824 0.782370 19.291346 -0.902272 
538 0.170697 0.000000 0.027875 134.837608 0.585146 4.753190 -0.820412 
539 0.190749 0.000000 0.027875 134.837482 0.584376 4.753360 -0.820408 
540 0.170697 0.000000 0.047563 135.663167 0.700183 11.692120 -0.854169 
541 0.511577 0.000000 -0.228060 91.421107 0.103171 4.599952 0.162101 
542 0.511577 0.000000 -0.306809 92.284563 0.066179 6.896049 0.143600 
543 0.591784 0.000000 -0.228060 92.787557 0.070370 3.662214 0.137705 
544 0.671991 0.000000 -0.228060 94.122827 0.072484 3.253184 0.113030 
545 0.671991 0.000000 -0.306809 94.181248 0.068338 5.582483 0.109872 
546 0.752198 0.000000 -0.228060 95.129971 0.068739 2.857261 0.094212 
547 0.311059 0.000000 -0.109936 85.324499 0.113448 5.394775 0.269061 
548 0.311059 0.000000 -0.149310 86.533372 0.113310 6.221987 0.247325 
549 0.351163 0.000000 -0.109936 86.012689 0.185323 3.901178 0.258656 
550 0.391266 0.000000 -0.109936 86.763289 0.168418 2.741664 0.246459 
551 0.391266 0.000000 -0.149310 87.665786 0.141059 3.957424 0.229903 
552 0.431370 0.000000 -0.109936 87.401029 0.138460 1.504224 0.235878 
553 0.210801 0.000000 0.027875 115.468865 0.345241 -0.006344 -0.333318 
554 0.230852 0.000000 0.027875 103.851425 0.210293 -2.454244 -0.079119 
555 0.210801 0.000000 0.047563 132.856584 0.498705 -1.228324 -0.765263 
556 0.050386 0.000000 -0.050874 74.731816 0.033290 7.878931 0.435308 
557 0.030335 0.000000 -0.050874 74.504254 0.091041 10.978081 0.432859 
558 0.050386 0.000000 -0.070561 77.775619 0.059107 9.796492 0.385498 
559 0.010283 0.000000 -0.050874 74.309388 0.119161 15.212581 0.424668 
560 -0.009769 0.000000 -0.050874 76.097885 0.123253 20.116871 0.380441 
561 0.010283 0.000000 -0.070561 78.206266 0.107336 15.954687 0.362922 
562 0.471473 0.000000 -0.109936 88.297912 0.121475 0.475113 0.220324 
563 0.471473 0.000000 -0.149310 89.269199 0.127729 2.326308 0.202558 
564 0.511577 0.000000 -0.109936 89.330404 0.151575 -0.496867 0.201981 
565 0.551681 0.000000 -0.109936 90.521227 0.131100 -1.283127 0.180424 
566 0.551681 0.000000 -0.149310 91.175091 0.117390 0.825328 0.168641 
567 0.591784 0.000000 -0.109936 91.873894 0.113774 -1.710060 0.155625 
568 0.631888 0.000000 -0.109936 93.113286 0.088500 -2.162167 0.132523 
569 0.631888 0.000000 -0.149310 93.211325 0.081348 -0.009955 0.131164 
570 0.671991 0.000000 -0.109936 94.216005 0.087887 -2.194402 0.111852 
571 -0.029821 0.000000 -0.050874 79.677592 0.117348 23.582154 0.309535 
572 -0.049872 0.000000 -0.050874 83.369257 0.110386 25.154782 0.241679 
573 -0.029821 0.000000 -0.070561 81.843344 0.107936 21.590303 0.283551 
1 19 21 3 22 
2 20 19 22 9 
3 28 20 9 30 
4 29 28 30 4 
5 35 37 19 38 
6 36 35 38 20 
7 44 36 20 46 
8 45 44 46 28 
9 51 53 35 54 
10 52 51 54 36 
11 60 52 36 62 
12 61 60 62 44 
13 67 69 51 70 
14 68 67 70 52 
15 76 68 52 78 
16 77 76 78 60 
17 83 85 67 86 
18 84 83 86 68 
19 92 84 68 94 
20 93 92 94 76 
21 99 101 83 102 
22 100 99 102 84 
23 108 100 84 110 
24 109 108 110 92 
25 115 117 99 118 
26 116 115 118 100 
27 10 125 124 26 
28 125 13 126 124 
29 124 126 8 127 
30 26 124 127 14 
31 23 129 128 42 
32 129 26 130 128 
33 128 130 14 131 
34 42 128 131 27 
35 39 133 132 58 
36 133 42 134 132 
37 132 134 27 135 
38 58 132 135 43 
39 137 58 138 136 
40 136 138 43 139 
41 71 141 140 90 
42 141 74 142 140 
43 140 142 59 143 
44 90 140 143 75 
45 87 145 144 106 
46 145 90 146 144 
47 144 146 75 147 
48 106 144 147 91 
49 149 106 150 148 
50 148 150 91 151 
51 152 116 100 154 
52 153 152 154 108 
53 155 157 115 158 
54 156 155 158 116 
55 119 161 159 160 
56 161 122 162 159 
57 14 127 164 37 
58 127 8 165 164 
59 164 165 21 166 
60 37 164 166 19 
61 27 131 167 53 
62 131 14 168 167 
63 167 168 37 169 
64 53 167 169 35 
65 43 135 170 69 
66 135 27 171 170 
67 170 171 53 172 
68 69 170 172 51 
69 139 43 174 173 
70 173 174 69 175 
71 85 173 175 67 
72 75 143 176 101 
73 143 59 177 176 
74 176 177 85 178 
75 101 176 178 83 
76 91 147 179 117 
77 147 75 180 179 
78 179 180 101 181 
79 117 179 181 99 
80 151 91 183 182 
81 182 183 117 184 
82 157 182 184 115 
83 122 186 185 162 
84 186 148 187 185 
85 185 187 151 188 
86 162 185 188 107 
87 189 191 157 192 
88 190 189 192 155 
89 159 195 193 194 
90 195 162 196 193 
91 193 196 107 197 
92 120 204 202 203 
93 204 119 160 202 
94 202 160 123 205 
95 203 202 205 5 
96 160 208 206 207 
97 208 159 194 206 
98 206 194 163 209 
99 207 206 209 123 
100 107 188 210 191 
101 188 151 211 210 
102 210 211 182 212 
103 191 210 212 157 
104 163 197 213 214 
105 197 107 215 213 
106 213 215 191 216 
107 214 213 216 189 
108 194 219 217 218 
109 219 193 220 217 
110 217 220 197 221 
111 218 217 221 163 
112 16 224 222 223 
113 224 15 32 222 
114 222 32 18 225 
115 223 222 225 6 
116 32 228 226 227 
117 228 31 48 226 
118 226 48 34 229 
119 227 226 229 18 
120 48 232 230 231 
121 232 47 64 230 
122 230 64 50 233 
123 231 230 233 34 
124 64 236 234 235 
125 236 63 80 234 
126 234 80 66 237 
127 235 234 237 50 
128 80 240 238 239 
129 239 238 241 66 
130 250 156 116 252 
131 251 250 252 152 
132 199 255 253 254 
133 255 198 256 253 
134 253 256 201 257 
135 254 253 257 114 
136 6 225 258 259 
137 225 18 45 258 
138 258 45 28 260 
139 259 258 260 29 
140 18 229 261 262 
141 229 34 61 261 
142 261 61 44 263 
143 262 261 263 45 
144 34 233 264 265 
145 233 50 77 264 
146 264 77 60 266 
147 265 264 266 61 
148 50 237 267 268 
149 237 66 93 267 
150 267 93 76 269 
151 268 267 269 77 
152 66 241 270 271 
153 270 109 92 272 
154 271 270 272 93 
155 273 153 108 275 
156 274 273 275 109 
157 276 251 152 278 
158 277 276 278 153 
159 281 199 254 279 
160 279 254 114 282 
161 282 114 293 291 
162 291 293 251 294 
163 292 291 294 276 
164 280 297 295 296 
165 297 279 298 295 
166 295 298 282 299 
167 296 295 299 249 
168 300 277 153 302 
169 301 300 302 273 
170 307 309 277 310 
171 308 307 310 300 
172 303 313 311 312 
173 313 288 314 311 
174 311 314 98 315 
175 312 311 315 306 
176 238 318 316 317 
177 318 96 243 316 
178 316 243 82 319 
179 317 316 319 241 
180 243 322 320 321 
181 321 320 323 82 
182 241 319 328 329 
183 319 82 274 328 
184 328 274 109 330 
185 329 328 330 270 
186 82 323 331 332 
187 331 301 273 333 
188 332 331 333 274 
189 334 308 300 336 
190 335 334 336 301 
191 324 339 337 338 
192 339 304 340 337 
193 337 340 286 341 
194 320 344 342 343 
195 344 284 325 342 
196 342 325 245 345 
197 343 342 345 323 
198 325 348 346 347 
199 348 324 338 346 
200 346 338 327 349 
201 347 346 349 245 
202 327 341 350 351 
203 341 286 352 350 
204 350 352 308 353 
205 351 350 353 334 
206 338 356 354 355 
207 356 337 357 354 
208 354 357 341 358 
209 355 354 358 327 
210 286 360 359 352 
211 360 306 361 359 
212 359 361 307 362 
213 352 359 362 308 
214 114 257 363 293 
215 257 201 364 363 
216 363 364 250 365 
217 293 363 365 251 
218 5 205 366 367 
219 205 123 190 366 
220 366 190 155 368 
221 367 366 368 156 
222 123 209 369 370 
223 209 163 214 369 
224 369 214 189 371 
225 370 369 371 190 
226 17 374 372 373 
227 374 7 375 372 
228 372 375 11 33 
229 373 372 33 15 
230 33 378 376 377 
231 378 11 379 376 
232 376 379 24 49 
233 377 376 49 31 
234 49 382 380 381 
235 382 24 383 380 
236 380 383 40 65 
237 381 380 65 47 
238 65 386 384 385 
239 386 40 387 384 
240 384 387 56 81 
241 385 384 81 63 
242 81 390 388 389 
243 390 56 391 388 
244 388 391 72 97 
245 389 388 97 79 
246 97 394 392 393 
247 394 72 395 392 
248 392 395 88 113 
249 393 392 113 95 
250 95 398 396 397 
251 398 113 399 396 
252 396 399 111 248 
253 397 396 248 112 
254 112 402 400 401 
255 402 248 403 400 
256 400 403 246 289 
257 401 400 289 247 
258 247 406 404 405 
259 406 289 407 404 
260 404 407 287 408 
261 79 411 409 410 
262 411 97 393 409 
263 409 393 95 244 
264 410 409 244 96 
265 244 414 412 413 
266 414 95 397 412 
267 412 397 112 285 
268 413 412 285 242 
269 285 417 415 416 
270 417 112 401 415 
271 415 401 247 305 
272 416 415 305 283 
273 305 420 418 419 
274 420 247 405 418 
275 418 405 288 313 
276 419 418 313 303 
277 421 292 276 422 
278 309 421 422 277 
279 288 408 423 314 
280 408 287 424 423 
281 423 424 290 425 
282 314 423 425 98 
283 405 428 426 427 
284 428 404 429 426 
285 426 429 408 430 
286 427 426 430 288 
287 289 432 431 407 
288 432 246 433 431 
289 431 433 280 434 
290 407 431 434 287 
291 74 436 435 142 
292 436 136 437 435 
293 435 437 139 438 
294 142 435 438 59 
295 7 440 439 375 
296 440 12 441 439 
297 439 441 10 25 
298 375 439 25 11 
299 12 443 442 441 
300 443 2 444 442 
301 442 444 13 125 
302 441 442 125 10 
303 1 447 445 446 
304 447 17 373 445 
305 445 373 15 224 
306 446 445 224 16 
307 11 449 448 379 
308 449 25 450 448 
309 448 450 23 41 
310 379 448 41 24 
311 25 452 451 450 
312 452 10 453 451 
313 451 453 26 129 
314 450 451 129 23 
315 15 456 454 455 
316 456 33 377 454 
317 454 377 31 228 
318 455 454 228 32 
319 24 458 457 383 
320 458 41 459 457 
321 457 459 39 57 
322 383 457 57 40 
323 41 461 460 459 
324 461 23 462 460 
325 460 462 42 133 
326 459 460 133 39 
327 31 465 463 464 
328 465 49 381 463 
329 463 381 47 232 
330 464 463 232 48 
331 40 467 466 387 
332 467 57 468 466 
333 466 468 55 73 
334 387 466 73 56 
335 57 470 469 468 
336 470 39 471 469 
337 469 471 58 137 
338 468 469 137 55 
339 47 474 472 473 
340 474 65 385 472 
341 472 385 63 236 
342 473 472 236 64 
343 56 476 475 391 
344 476 73 477 475 
345 475 477 71 89 
346 391 475 89 72 
347 73 479 478 477 
348 479 55 480 478 
349 478 480 74 141 
350 477 478 141 71 
351 63 483 481 482 
352 483 81 389 481 
353 481 389 79 240 
354 482 481 240 80 
355 72 485 484 395 
356 485 89 486 484 
357 484 486 87 105 
358 395 484 105 88 
359 89 488 487 486 
360 488 71 489 487 
361 487 489 90 145 
362 486 487 145 87 
363 113 491 490 399 
364 491 88 492 490 
365 490 492 104 200 
366 399 490 200 111 
367 55 494 493 480 
368 494 137 495 493 
369 493 495 136 436 
370 480 493 436 74 
371 59 438 496 177 
372 438 139 497 496 
373 496 497 173 498 
374 177 496 498 85 
375 198 500 499 256 
376 500 120 203 499 
377 499 203 5 501 
378 256 499 501 201 
379 240 504 502 503 
380 504 79 410 502 
381 502 410 96 318 
382 503 502 318 238 
383 96 507 505 506 
384 507 244 413 505 
385 505 413 242 322 
386 506 505 322 243 
387 248 509 508 403 
388 509 111 510 508 
389 508 510 199 281 
390 403 508 281 246 
391 201 501 511 364 
392 501 5 367 511 
393 511 367 156 512 
394 364 511 512 250 
395 246 514 513 433 
396 514 281 515 513 
397 513 515 279 297 
398 433 513 297 280 
399 242 518 516 517 
400 518 285 416 516 
401 516 416 283 326 
402 517 516 326 284 
403 287 434 519 424 
404 434 280 296 519 
405 519 296 249 520 
406 424 519 520 290 
407 304 522 521 340 
408 522 303 312 521 
409 521 312 306 360 
410 340 521 360 286 
411 306 315 523 361 
412 315 98 524 523 
413 523 524 309 525 
414 361 523 525 307 
415 322 528 526 527 
416 528 242 517 526 
417 526 517 284 344 
418 527 526 344 320 
419 323 345 529 530 
420 345 245 335 529 
421 529 335 301 531 
422 530 529 531 331 
423 245 349 532 533 
424 349 327 351 532 
425 532 351 334 534 
426 533 532 534 335 
427 98 425 535 524 
428 425 290 536 535 
429 535 536 421 537 
430 524 535 537 309 
431 290 520 538 536 
432 520 249 539 538 
433 538 539 292 540 
434 536 538 540 421 
435 88 542 541 492 
436 542 105 543 541 
437 541 543 103 121 
438 492 541 121 104 
439 105 545 544 543 
440 545 87 546 544 
441 544 546 106 149 
442 543 544 149 103 
443 111 548 547 510 
444 548 200 549 547 
445 547 549 198 255 
446 510 547 255 199 
447 200 551 550 549 
448 551 104 552 550 
449 550 552 120 500 
450 549 550 500 198 
451 249 299 553 539 
452 299 282 554 553 
453 553 554 291 555 
454 539 553 555 292 
455 283 558 556 557 
456 558 305 419 556 
457 556 419 303 522 
458 557 556 522 304 
459 326 561 559 560 
460 561 283 557 559 
461 559 557 304 339 
462 560 559 339 324 
463 104 563 562 552 
464 563 121 564 562 
465 562 564 119 204 
466 552 562 204 120 
467 121 566 565 564 
468 566 103 567 565 
469 565 567 122 161 
470 564 565 161 119 
471 103 569 568 567 
472 569 149 570 568 
473 568 570 148 186 
474 567 568 186 122 
475 284 573 571 572 
476 573 326 560 571 
477 571 560 324 348 
478 572 571 348 325 
