2 0.000000 100.000000 5791.461216
573 478 
1 -20.101635 0.000000 -20.151635 99.517599 -0.000009 -9.829841 -0.000038 
2 20.964375 0.000000 -20.151635 99.518525 0.000008 -9.816909 -0.000031 
3 20.964375 0.000000 20.168012 99.514654 0.000009 -9.820958 0.000038 
4 -20.101635 0.000000 20.168012 99.514117 -0.000005 -9.829922 0.000031 
5 0.431370 0.000000 0.008188 97.934947 0.426353 -5.059365 0.038297 
6 -20.101635 0.000000 0.008188 99.515900 -0.000019 -9.831999 -0.000008 
7 0.431370 0.000000 -20.151635 99.521304 -0.000002 -9.824098 -0.000100 
8 20.964375 0.000000 0.008188 99.557082 -0.001057 -9.405329 -0.000007 
9 0.431370 0.000000 20.168012 99.511152 0.000010 -9.825006 0.000100 
10 10.697873 0.000000 -10.071724 99.526579 0.000045 -9.781381 -0.000122 
11 0.431370 0.000000 -10.071724 99.537605 0.000016 -9.808645 -0.000394 
12 10.697873 0.000000 -20.151635 99.520120 0.000007 -9.819274 -0.000067 
13 20.964375 0.000000 -10.071724 99.522937 0.000030 -9.770118 -0.000027 
14 10.697873 0.000000 0.008188 99.548775 -0.001307 -9.470272 0.000036 
15 -9.835133 0.000000 -10.071724 99.523111 -0.000031 -9.830801 -0.000149 
16 -20.101635 0.000000 -10.071724 99.517622 -0.000016 -9.830997 -0.000041 
17 -9.835133 0.000000 -20.151635 99.519571 -0.000010 -9.828504 -0.000074 
18 -9.835133 0.000000 0.008188 99.516151 -0.000064 -9.839285 -0.000028 
19 10.697873 0.000000 10.088100 99.511373 0.000037 -9.796005 0.000152 
20 0.431370 0.000000 10.088100 99.497783 0.000055 -9.811870 0.000392 
21 20.964375 0.000000 10.088100 99.516469 0.000007 -9.800663 0.000042 
22 10.697873 0.000000 20.168012 99.512770 0.000014 -9.821523 0.000075 
23 5.564621 0.000000 -5.031768 99.555066 0.000188 -9.666060 -0.000464 
24 0.431370 0.000000 -5.031768 99.596994 0.000038 -9.756503 -0.001475 
25 5.564621 0.000000 -10.071724 99.532892 0.000049 -9.790193 -0.000264 
26 10.697873 0.000000 -5.031768 99.539893 0.000168 -9.636778 -0.000106 
27 5.564621 0.000000 0.008188 99.471208 0.001376 -10.169414 0.000206 
28 -9.835133 0.000000 10.088100 99.509299 -0.000013 -9.830987 0.000125 
29 -20.101635 0.000000 10.088100 99.514163 -0.000012 -9.831040 0.000028 
30 -9.835133 0.000000 20.168012 99.512412 -0.000001 -9.828764 0.000068 
31 -4.701881 0.000000 -5.031768 99.544164 -0.000674 -9.835520 -0.000578 
32 -9.835133 0.000000 -5.031768 99.523074 -0.000054 -9.835421 -0.000158 
33 -4.701881 0.000000 -10.071724 99.530863 -0.000026 -9.825654 -0.000294 
34 -4.701881 0.000000 0.008188 99.515340 -0.000166 -9.867761 -0.000068 
35 5.564621 0.000000 5.048144 99.497602 0.000166 -9.708218 0.000598 
36 0.431370 0.000000 5.048144 99.449103 0.000523 -9.766071 0.001450 
37 10.697873 0.000000 5.048144 99.517740 0.000005 -9.723158 0.000168 
38 5.564621 0.000000 10.088100 99.503999 0.000062 -9.798365 0.000295 
39 2.997996 0.000000 -2.511790 99.632769 0.001326 -9.428940 -0.001559 
40 0.431370 0.000000 -2.511790 99.780059 0.006390 -9.630948 -0.004882 
41 2.997996 0.000000 -5.031768 99.578588 -0.000246 -9.694232 -0.000987 
42 5.564621 0.000000 -2.511790 99.575363 0.000316 -9.409556 -0.000379 
43 2.997996 0.000000 0.008188 99.315664 0.006198 -11.358661 0.000738 
44 -4.701881 0.000000 5.048144 99.490364 0.000701 -9.835175 0.000494 
45 -9.835133 0.000000 5.048144 99.509398 -0.000036 -9.835391 0.000114 
46 -4.701881 0.000000 10.088100 99.502631 0.000008 -9.826402 0.000267 
47 -2.135256 0.000000 -2.511790 99.625765 0.001893 -9.867137 -0.002265 
48 -4.701881 0.000000 -2.511790 99.542947 -0.000151 -9.853634 -0.000589 
49 -2.135256 0.000000 -5.031768 99.573309 -0.000022 -9.816908 -0.001122 
50 -2.135256 0.000000 0.008188 99.498305 0.000454 -9.977029 0.000055 
51 2.997996 0.000000 2.528166 99.442998 0.000638 -9.490744 0.002102 
52 0.431370 0.000000 2.528166 99.301004 -0.002303 -9.649966 0.004619 
53 5.564621 0.000000 2.528166 99.513925 0.002063 -9.518324 0.000638 
54 2.997996 0.000000 5.048144 99.470988 -0.000461 -9.718587 0.001107 
55 1.714683 0.000000 -1.251801 99.791944 -0.001685 -9.224826 -0.004353 
56 0.431370 0.000000 -1.251801 100.273598 0.013895 -9.421162 -0.014355 
57 1.714683 0.000000 -2.511790 99.734226 0.002248 -9.463283 -0.003647 
58 2.997996 0.000000 -1.251801 99.620756 -0.000091 -9.365334 -0.001200 
59 1.714683 0.000000 0.008188 99.064486 0.023262 -12.498176 0.003002 
60 -2.135256 0.000000 2.528166 99.413063 -0.001109 -9.857462 0.001987 
61 -4.701881 0.000000 2.528166 99.490205 -0.000067 -9.851912 0.000464 
62 -2.135256 0.000000 5.048144 99.465637 0.000127 -9.817686 0.001020 
63 -0.851943 0.000000 -1.251801 99.893868 0.002746 -10.017446 -0.007913 
64 -2.135256 0.000000 -1.251801 99.617571 0.000491 -9.948639 -0.002264 
65 -0.851943 0.000000 -2.511790 99.735917 0.001628 -9.812395 -0.004354 
66 -0.851943 0.000000 0.008188 99.314554 -0.000884 -10.297487 0.003058 
67 1.714683 0.000000 1.268177 99.247230 0.010959 -9.250823 0.006441 
68 0.431370 0.000000 1.268177 99.130738 0.008414 -9.499621 0.008285 
69 2.997996 0.000000 1.268177 99.443035 0.000427 -9.269277 0.002516 
70 1.714683 0.000000 2.528166 99.340576 0.000985 -9.511705 0.004098 
71 1.073026 0.000000 -0.621806 99.914354 0.025261 -9.174813 -0.006706 
72 0.431370 0.000000 -0.621806 100.809997 0.032797 -8.774900 -0.023966 
73 1.073026 0.000000 -1.251801 100.030026 0.015534 -9.190735 -0.009048 
74 1.714683 0.000000 -0.621806 99.610370 -0.000809 -9.787207 -0.001802 
75 1.073026 0.000000 0.008188 98.567428 0.056989 -13.574942 0.010018 
76 -0.851943 0.000000 1.268177 99.144088 0.001871 -9.923630 0.007197 
77 -2.135256 0.000000 1.268177 99.403465 0.000553 -9.929510 0.002036 
78 -0.851943 0.000000 2.528166 99.321729 0.002427 -9.800664 0.003914 
79 -0.210286 0.000000 -0.621806 100.671138 0.031856 -10.374159 -0.024230 
80 -0.851943 0.000000 -0.621806 99.709110 0.010416 -10.158303 -0.004510 
81 -0.210286 0.000000 -1.251801 100.284644 0.004901 -9.874525 -0.015452 
82 -0.210286 0.000000 0.008188 97.188609 -0.005443 -13.264226 0.037843 
83 1.073026 0.000000 0.638183 98.948226 0.009480 -9.402217 0.012085 
84 0.431370 0.000000 0.638183 99.293726 0.019636 -9.430956 0.005181 
85 1.714683 0.000000 0.638183 99.229549 0.008718 -9.390954 0.006531 
86 1.073026 0.000000 1.268177 99.054603 0.000931 -9.297891 0.010173 
87 0.752198 0.000000 -0.306809 98.993088 0.046060 -9.719679 0.010589 
88 0.431370 0.000000 -0.306809 100.665107 0.097662 -7.044344 -0.018310 
89 0.752198 0.000000 -0.621806 100.022962 0.022954 -9.017282 -0.008590 
90 1.073026 0.000000 -0.306809 99.236064 0.006466 -10.786085 0.003586 
91 0.752198 0.000000 0.008188 97.336032 0.100401 -14.338547 0.032009 
92 -0.210286 0.000000 0.638183 98.335324 0.012958 -9.742258 0.023525 
93 -0.851943 0.000000 0.638183 99.173669 -0.005496 -9.952421 0.006553 
94 -0.210286 0.000000 1.268177 99.020186 -0.006282 -9.729690 0.010034 
95 0.110542 0.000000 -0.306809 103.568126 0.029252 -9.170356 -0.081045 
96 -0.210286 0.000000 -0.306809 100.987718 -0.013650 -11.875608 -0.033955 
97 0.110542 0.000000 -0.621806 101.385634 0.031173 -9.637435 -0.037193 
98 0.110542 0.000000 0.008188 21.289582 -8.109193 -2.562162 0.947443 
99 0.752198 0.000000 0.323185 99.011882 0.028746 -10.887331 0.007811 
100 0.431370 0.000000 0.323185 99.740454 0.084386 -9.742640 -0.004308 
101 1.073026 0.000000 0.323185 98.927922 0.029555 -10.279653 0.010759 
102 0.752198 0.000000 0.638183 99.006027 0.028335 -9.576267 0.010610 
103 0.591784 0.000000 -0.149310 97.280323 0.088769 -9.371688 0.044870 
104 0.431370 0.000000 -0.149310 98.335405 0.110635 -5.530659 0.029955 
105 0.591784 0.000000 -0.306809 99.293869 0.069101 -8.512538 0.006826 
106 0.752198 0.000000 -0.149310 98.000400 0.054400 -11.688925 0.025929 
107 0.591784 0.000000 0.008188 74.732796 1.419135 -13.237138 0.423777 
108 0.110542 0.000000 0.323185 97.937755 0.063357 -7.044340 0.035857 
109 -0.210286 0.000000 0.323185 97.345985 0.018204 -9.828497 0.042716 
110 0.110542 0.000000 0.638183 98.802643 0.014944 -9.167848 0.015399 
111 0.270956 0.000000 -0.149310 102.198511 0.090272 -2.984706 -0.045345 
112 0.110542 0.000000 -0.149310 108.308266 0.093750 -8.112050 -0.179649 
113 0.270956 0.000000 -0.306809 102.201630 0.056473 -7.163395 -0.049649 
114 0.270956 0.000000 0.008188 97.564476 0.108556 1.461979 0.047902 
115 0.591784 0.000000 0.165687 98.938429 0.106684 -13.447954 0.003033 
116 0.431370 0.000000 0.165687 102.083747 0.180644 -12.656818 -0.058132 
117 0.752198 0.000000 0.165687 98.306526 0.071435 -11.996165 0.019191 
118 0.591784 0.000000 0.323185 99.294346 0.079501 -10.744055 0.002519 
119 0.511577 0.000000 -0.070561 94.728912 0.139296 -7.784106 0.096582 
120 0.431370 0.000000 -0.070561 95.918553 0.160044 -4.768259 0.077687 
121 0.511577 0.000000 -0.149310 97.283300 0.129788 -7.816046 0.047485 
122 0.591784 0.000000 -0.070561 95.143581 0.100720 -10.786624 0.083134 
123 0.511577 0.000000 0.008188 95.864405 1.223373 -13.770882 0.061888 
124 15.831124 0.000000 -5.031768 99.539924 0.000154 -9.600400 -0.000036 
125 15.831124 0.000000 -10.071724 99.523768 0.000036 -9.775887 -0.000055 
126 20.964375 0.000000 -5.031768 99.543672 0.000168 -9.552647 -0.000020 
127 15.831124 0.000000 0.008188 99.560483 -0.001422 -9.366204 -0.000002 
128 8.131247 0.000000 -2.511790 99.564319 0.000180 -9.394062 -0.000130 
129 8.131247 0.000000 -5.031768 99.543800 -0.000203 -9.651534 -0.000212 
130 10.697873 0.000000 -2.511790 99.561464 -0.000183 -9.387741 -0.000061 
131 8.131247 0.000000 0.008188 99.525883 -0.000500 -9.679708 0.000090 
132 4.281308 0.000000 -1.251801 99.566930 -0.001661 -9.502489 -0.000387 
133 4.281308 0.000000 -2.511790 99.592728 0.000807 -9.418379 -0.000742 
134 5.564621 0.000000 -1.251801 99.538441 -0.004589 -9.662363 -0.000126 
135 4.281308 0.000000 0.008188 99.415231 0.003347 -10.624349 0.000373 
136 2.356339 0.000000 -0.621806 99.505414 -0.010504 -10.213382 -0.000564 
137 2.356339 0.000000 -1.251801 99.661607 0.001162 -9.326760 -0.001942 
138 2.997996 0.000000 -0.621806 99.448379 -0.014125 -10.630743 -0.000299 
139 2.356339 0.000000 0.008188 99.225507 0.010999 -11.877634 0.001322 
140 1.393855 0.000000 -0.306809 99.246381 0.006868 -11.455681 0.001892 
141 1.393855 0.000000 -0.621806 99.653277 0.007269 -9.607113 -0.002307 
142 1.714683 0.000000 -0.306809 99.224394 -0.006223 -12.106105 0.000796 
143 1.393855 0.000000 0.008188 98.896044 0.037600 -13.005188 0.005044 
144 0.912612 0.000000 -0.149310 98.465060 0.031914 -12.793389 0.014096 
145 0.912612 0.000000 -0.306809 99.137826 0.035461 -10.400156 0.006353 
146 1.073026 0.000000 -0.149310 98.730741 0.002657 -13.299907 0.007535 
147 0.912612 0.000000 0.008188 98.168124 0.084857 -14.157421 0.016258 
148 0.671991 0.000000 -0.070561 96.583418 0.065877 -12.971585 0.050338 
149 0.671991 0.000000 -0.149310 97.599575 0.061297 -10.874472 0.035607 
150 0.752198 0.000000 -0.070561 97.454334 0.044525 -13.577778 0.031829 
151 0.671991 0.000000 0.008188 96.382443 0.094812 -14.601451 0.049721 
152 0.270956 0.000000 0.165687 104.480802 0.133660 -7.363270 -0.097047 
153 0.110542 0.000000 0.165687 98.769478 0.136209 -0.734975 0.024403 
154 0.270956 0.000000 0.323185 99.889588 0.111620 -8.017172 -0.004222 
155 0.511577 0.000000 0.086937 100.380961 0.177223 -17.531257 -0.038371 
156 0.431370 0.000000 0.086937 107.235566 0.435218 -23.201841 -0.203798 
157 0.591784 0.000000 0.086937 97.573880 0.131803 -15.620680 0.023531 
158 0.511577 0.000000 0.165687 100.071962 0.136478 -13.062841 -0.018505 
159 0.551681 0.000000 -0.031187 92.629720 0.133265 -9.847765 0.132274 
160 0.511577 0.000000 -0.031187 92.675819 0.139500 -8.454068 0.133970 
161 0.551681 0.000000 -0.070561 94.686592 0.117254 -9.211912 0.094958 
162 0.591784 0.000000 -0.031187 93.393367 0.113132 -12.386388 0.112424 
163 0.551681 0.000000 0.008188 86.873071 2.329473 -18.589080 0.210209 
164 15.831124 0.000000 5.048144 99.521420 -0.000029 -9.738807 0.000064 
165 20.964375 0.000000 5.048144 99.521887 -0.000035 -9.751098 0.000031 
166 15.831124 0.000000 10.088100 99.514974 0.000018 -9.798037 0.000077 
167 8.131247 0.000000 2.528166 99.529791 -0.000210 -9.552140 0.000258 
168 10.697873 0.000000 2.528166 99.533658 -0.000250 -9.582129 0.000123 
169 8.131247 0.000000 5.048144 99.511645 0.000478 -9.714616 0.000306 
170 4.281308 0.000000 1.268177 99.511108 -0.000896 -9.312950 0.001081 
171 5.564621 0.000000 1.268177 99.537465 -0.000740 -9.349320 0.000488 
172 4.281308 0.000000 2.528166 99.490555 0.000141 -9.499825 0.001138 
173 2.356339 0.000000 0.638183 99.382241 0.006406 -9.424644 0.003435 
174 2.997996 0.000000 0.638183 99.454155 0.001182 -9.425610 0.002003 
175 2.356339 0.000000 1.268177 99.386883 0.003180 -9.281613 0.003610 
176 1.393855 0.000000 0.323185 99.102146 0.014458 -10.121693 0.007632 
177 1.714683 0.000000 0.323185 99.221571 0.010854 -10.013127 0.005482 
178 1.393855 0.000000 0.638183 99.146541 0.017469 -9.452764 0.008061 
179 0.912612 0.000000 0.165687 98.618348 0.061125 -11.849512 0.013401 
180 1.073026 0.000000 0.165687 98.799636 0.035642 -11.333582 0.011018 
181 0.912612 0.000000 0.323185 98.946347 0.035032 -10.642589 0.009635 
182 0.671991 0.000000 0.086937 97.446993 0.094552 -13.903218 0.031078 
183 0.752198 0.000000 0.086937 97.812953 0.083706 -13.038221 0.026262 
184 0.671991 0.000000 0.165687 98.378896 0.090140 -12.687998 0.016060 
185 0.631888 0.000000 -0.031187 95.245377 0.087563 -13.609191 0.074310 
186 0.631888 0.000000 -0.070561 95.903354 0.073058 -12.203741 0.065361 
187 0.671991 0.000000 -0.031187 96.322826 0.077549 -13.806703 0.053128 
188 0.631888 0.000000 0.008188 95.330115 0.105711 -14.736359 0.069500 
189 0.551681 0.000000 0.047563 97.431281 0.194511 -19.276298 0.013553 
190 0.511577 0.000000 0.047563 101.589042 1.020476 -28.319001 -0.112334 
191 0.591784 0.000000 0.047563 95.849062 0.147809 -16.856934 0.052878 
192 0.551681 0.000000 0.086937 98.549375 0.158840 -16.396165 0.001916 
193 0.571732 0.000000 -0.011499 78.611400 1.807278 -13.719379 0.362876 
194 0.551681 0.000000 -0.011499 83.875247 2.127400 -12.301045 0.280910 
195 0.571732 0.000000 -0.031187 92.609977 0.128094 -11.136936 0.129934 
196 0.591784 0.000000 -0.011499 92.343572 0.138805 -13.676072 0.128561 
197 0.571732 0.000000 0.008188 77.012423 1.652681 -13.960864 0.387145 
198 0.351163 0.000000 -0.070561 97.798514 0.214198 -1.692033 0.043254 
199 0.270956 0.000000 -0.070561 99.302367 0.083220 1.619037 0.013641 
200 0.351163 0.000000 -0.149310 100.027052 0.161068 -3.843729 -0.002021 
201 0.351163 0.000000 0.008188 99.463537 0.185775 -2.270747 0.010181 
202 0.471473 0.000000 -0.031187 94.451541 0.620635 -1.361600 0.107667 
203 0.431370 0.000000 -0.031187 95.689096 0.389426 -0.129189 0.084343 
204 0.471473 0.000000 -0.070561 95.182736 0.113747 -6.270217 0.090092 
205 0.471473 0.000000 0.008188 97.236894 0.629370 -8.663676 0.046953 
206 0.531629 0.000000 -0.011499 91.234217 1.865414 -8.095604 0.160730 
207 0.511577 0.000000 -0.011499 93.916462 1.121220 -5.499460 0.114820 
208 0.531629 0.000000 -0.031187 92.664297 0.136866 -9.419677 0.132458 
209 0.531629 0.000000 0.008188 92.662288 1.809814 -17.274162 0.111203 
210 0.631888 0.000000 0.047563 96.324678 0.114781 -15.181583 0.049106 
211 0.671991 0.000000 0.047563 96.852924 0.099899 -14.529056 0.040841 
212 0.631888 0.000000 0.086937 97.365792 0.106055 -14.691210 0.030406 
213 0.571732 0.000000 0.027875 94.365884 0.202258 -19.830242 0.070180 
214 0.551681 0.000000 0.027875 87.168072 2.144492 -27.070632 0.166431 
215 0.591784 0.000000 0.027875 94.324516 0.155465 -17.184763 0.080755 
216 0.571732 0.000000 0.047563 96.251280 0.171455 -18.365848 0.039836 
217 0.561706 0.000000 -0.001656 79.955946 1.836911 -13.275937 0.342742 
218 0.551681 0.000000 -0.001656 85.451092 2.346219 -11.331349 0.256421 
219 0.561706 0.000000 -0.011499 80.766553 1.924348 -11.609069 0.333829 
220 0.571732 0.000000 -0.001656 76.815177 1.624468 -13.418569 0.391673 
221 0.561706 0.000000 0.008188 81.335599 1.955947 -14.980806 0.315627 
222 -14.968384 0.000000 -5.031768 99.518423 -0.000031 -9.832984 -0.000060 
223 -20.101635 0.000000 -5.031768 99.516993 -0.000019 -9.831686 -0.000029 
224 -14.968384 0.000000 -10.071724 99.519302 -0.000023 -9.831306 -0.000075 
225 -14.968384 0.000000 0.008188 99.515994 -0.000032 -9.833897 -0.000014 
226 -7.268507 0.000000 -2.511790 99.525835 -0.000378 -9.843601 -0.000229 
227 -9.835133 0.000000 -2.511790 99.520506 -0.000064 -9.838119 -0.000112 
228 -7.268507 0.000000 -5.031768 99.529543 -0.000071 -9.836791 -0.000289 
229 -7.268507 0.000000 0.008188 99.516158 -0.000158 -9.846976 -0.000043 
230 -3.418569 0.000000 -1.251801 99.550218 -0.000211 -9.885019 -0.000796 
231 -4.701881 0.000000 -1.251801 99.532387 -0.000175 -9.863856 -0.000399 
232 -3.418569 0.000000 -2.511790 99.566292 -0.000156 -9.860109 -0.001067 
233 -3.418569 0.000000 0.008188 99.512725 -0.000195 -9.896117 -0.000072 
234 -1.493599 0.000000 -0.621806 99.651871 -0.000379 -10.160225 -0.003373 
235 -2.135256 0.000000 -0.621806 99.571160 0.002201 -9.992204 -0.001426 
236 -1.493599 0.000000 -1.251801 99.703957 -0.003131 -9.992350 -0.004073 
237 -1.493599 0.000000 0.008188 99.467815 0.000290 -10.208646 0.000194 
238 -0.531115 0.000000 -0.306809 99.804724 0.006028 -10.888877 -0.007955 
239 -0.851943 0.000000 -0.306809 99.546458 0.007015 -10.279770 -0.001517 
240 -0.531115 0.000000 -0.621806 100.062163 0.009613 -10.422785 -0.012107 
241 -0.531115 0.000000 0.008188 99.028316 0.001646 -10.957325 0.007333 
242 -0.049872 0.000000 -0.149310 103.238974 0.095203 -14.600810 -0.087148 
243 -0.210286 0.000000 -0.149310 99.949680 0.003645 -13.192983 -0.016399 
244 -0.049872 0.000000 -0.306809 102.286397 0.028948 -11.317178 -0.059059 
245 -0.049872 0.000000 0.008188 87.384166 0.129066 -21.571445 0.189866 
246 0.190749 0.000000 -0.070561 108.599094 -0.085979 12.468215 -0.194923 
247 0.110542 0.000000 -0.070561 113.854305 -0.100514 -15.361863 -0.319880 
248 0.190749 0.000000 -0.149310 106.055958 0.096243 -3.526561 -0.126031 
249 0.190749 0.000000 0.008188 94.139464 -0.477252 4.173278 0.112012 
250 0.351163 0.000000 0.086937 110.160336 0.218233 -16.364133 -0.240313 
251 0.270956 0.000000 0.086937 111.208189 0.296109 -9.620335 -0.245990 
252 0.351163 0.000000 0.165687 103.702119 0.219778 -10.439798 -0.086317 
253 0.311059 0.000000 -0.031187 96.987113 0.139480 2.533061 0.058706 
254 0.270956 0.000000 -0.031187 95.724428 0.075883 3.005458 0.082780 
255 0.311059 0.000000 -0.070561 98.492954 0.109371 -0.581776 0.029879 
256 0.351163 0.000000 -0.031187 96.784210 0.174699 1.854065 0.062935 
257 0.311059 0.000000 0.008188 99.588420 0.144447 -0.633203 0.008172 
258 -14.968384 0.000000 5.048144 99.513577 -0.000024 -9.833004 0.000036 
259 -20.101635 0.000000 5.048144 99.514805 -0.000016 -9.831704 0.000014 
260 -14.968384 0.000000 10.088100 99.512677 -0.000014 -9.831383 0.000057 
261 -7.268507 0.000000 2.528166 99.506819 0.000086 -9.843276 0.000150 
262 -9.835133 0.000000 2.528166 99.511864 -0.000052 -9.838044 0.000060 
263 -7.268507 0.000000 5.048144 99.503510 -0.000036 -9.836641 0.000229 
264 -3.418569 0.000000 1.268177 99.478842 -0.000086 -9.880372 0.000634 
265 -4.701881 0.000000 1.268177 99.499159 -0.000121 -9.862385 0.000265 
266 -3.418569 0.000000 2.528166 99.467805 0.000003 -9.855971 0.000902 
267 -1.493599 0.000000 0.638183 99.318071 0.001451 -10.114236 0.003362 
268 -2.135256 0.000000 0.638183 99.434610 -0.001541 -9.976948 0.001322 
269 -1.493599 0.000000 1.268177 99.334650 0.003303 -9.920981 0.003420 
270 -0.531115 0.000000 0.323185 98.643791 0.002106 -10.426512 0.016069 
271 -0.851943 0.000000 0.323185 99.175230 -0.007557 -10.110204 0.006206 
272 -0.531115 0.000000 0.638183 98.814817 -0.008843 -10.022304 0.013519 
273 -0.049872 0.000000 0.165687 93.251453 0.079524 -7.332607 0.125039 
274 -0.210286 0.000000 0.165687 96.276272 -0.016341 -11.143609 0.060670 
275 -0.049872 0.000000 0.323185 96.537061 -0.008541 -8.595512 0.060671 
276 0.190749 0.000000 0.086937 110.259301 0.584538 2.223608 -0.216240 
277 0.110542 0.000000 0.086937 105.389638 0.785739 16.198290 -0.136998 
278 0.190749 0.000000 0.165687 103.182816 0.150039 -3.286949 -0.065752 
279 0.230852 0.000000 -0.031187 95.426721 0.061384 3.130046 0.088394 
280 0.190749 0.000000 -0.031187 75.704585 -0.417639 65.334265 0.000008 
281 0.230852 0.000000 -0.070561 100.619807 0.006218 6.151883 -0.016219 
282 0.230852 0.000000 0.008188 91.535112 -0.172304 2.489444 0.161510 
283 0.030335 0.000000 -0.070561 113.088093 0.085161 -15.983149 -0.304439 
284 -0.049872 0.000000 -0.070561 101.687652 0.103361 -19.657132 -0.072679 
285 0.030335 0.000000 -0.149310 106.782554 0.093054 -12.529191 -0.155950 
286 0.030335 0.000000 0.008188 84.913374 1.124876 1.093451 0.278726 
287 0.150645 0.000000 -0.031187 131.102770 -0.367488 0.346220 -0.718819 
288 0.110542 0.000000 -0.031187 77.222038 -0.439854 -64.798616 -0.016230 
289 0.150645 0.000000 -0.070561 138.120340 -0.370859 -0.030610 -0.907737 
290 0.150645 0.000000 0.008188 16.167902 -7.783161 0.953936 0.967711 
291 0.230852 0.000000 0.047563 109.595780 0.443568 -2.044055 -0.201561 
292 0.190749 0.000000 0.047563 110.241175 0.589613 2.355777 -0.215901 
293 0.270956 0.000000 0.047563 108.333383 0.265413 -7.476053 -0.179208 
294 0.230852 0.000000 0.086937 110.883147 0.449076 -2.679834 -0.230246 
295 0.210801 0.000000 -0.011499 55.145615 -0.606753 18.361211 0.662146 
296 0.190749 0.000000 -0.011499 36.414852 -0.577151 43.533438 0.677847 
297 0.210801 0.000000 -0.031187 95.455085 0.063364 3.131005 0.087852 
298 0.230852 0.000000 -0.011499 89.753434 -0.224765 3.300373 0.193338 
299 0.210801 0.000000 0.008188 84.316058 -0.634241 3.730069 0.287649 
300 0.030335 0.000000 0.086937 85.870628 0.160859 5.062547 0.260058 
301 -0.049872 0.000000 0.086937 88.078034 0.105902 -8.948245 0.216218 
302 0.030335 0.000000 0.165687 94.082054 0.110645 -2.775637 0.114085 
303 0.070438 0.000000 -0.031187 107.148268 0.084734 5.115372 -0.150693 
304 0.030335 0.000000 -0.031187 126.477103 0.863697 -9.492416 -0.608731 
305 0.070438 0.000000 -0.070561 111.975107 0.006376 -11.967372 -0.268164 
306 0.070438 0.000000 0.008188 102.721123 -0.083543 5.468578 -0.058154 
307 0.070438 0.000000 0.047563 91.167101 0.899989 28.890074 0.085311 
308 0.030335 0.000000 0.047563 72.044735 0.995184 34.587200 0.361229 
309 0.110542 0.000000 0.047563 100.895408 0.848619 21.199624 -0.063003 
310 0.070438 0.000000 0.086937 96.101110 0.935143 26.479184 0.006256 
311 0.090490 0.000000 -0.011499 93.020061 -0.490796 6.437613 0.130558 
312 0.070438 0.000000 -0.011499 107.825670 0.110451 4.042966 -0.164273 
313 0.090490 0.000000 -0.031187 97.092843 -0.297475 5.917612 0.053787 
314 0.110542 0.000000 -0.011499 42.466839 -0.441471 -49.277892 0.576806 
315 0.090490 0.000000 0.008188 96.699162 -0.312439 5.949021 0.061378 
316 -0.370701 0.000000 -0.149310 99.466670 -0.014471 -11.862655 -0.003434 
317 -0.531115 0.000000 -0.149310 99.442006 0.006555 -11.031557 -0.001041 
318 -0.370701 0.000000 -0.306809 100.160962 0.008207 -11.385788 -0.016185 
319 -0.370701 0.000000 0.008188 98.494867 0.010207 -11.681212 0.016231 
320 -0.130079 0.000000 -0.070561 98.737784 -0.051422 -15.520718 0.000995 
321 -0.210286 0.000000 -0.070561 98.675418 -0.004725 -13.605790 0.007804 
322 -0.130079 0.000000 -0.149310 100.901687 -0.028216 -14.113569 -0.038034 
323 -0.130079 0.000000 0.008188 95.164710 0.090926 -14.691083 0.072784 
324 -0.009769 0.000000 -0.031187 107.576169 0.164421 -33.313638 -0.268246 
325 -0.049872 0.000000 -0.031187 96.783488 0.117447 -23.480269 0.008162 
326 -0.009769 0.000000 -0.070561 107.416735 0.109036 -20.713882 -0.196743 
327 -0.009769 0.000000 0.008188 52.564960 1.636459 -37.773406 0.580742 
328 -0.370701 0.000000 0.165687 97.998091 0.000061 -10.941328 0.027666 
329 -0.531115 0.000000 0.165687 98.729267 0.005807 -10.715195 0.013772 
330 -0.370701 0.000000 0.323185 98.238574 0.014573 -10.193010 0.024528 
331 -0.130079 0.000000 0.086937 93.827289 -0.000757 -11.882811 0.105524 
332 -0.210286 0.000000 0.086937 96.369715 -0.022009 -12.036717 0.056799 
333 -0.130079 0.000000 0.165687 94.862877 0.017175 -10.021911 0.090060 
334 -0.009769 0.000000 0.047563 73.223268 0.179916 -5.595443 0.460701 
335 -0.049872 0.000000 0.047563 85.006688 0.122679 -13.429356 0.259350 
336 -0.009769 0.000000 0.086937 84.651835 0.133685 -3.319954 0.282303 
337 0.010283 0.000000 -0.011499 97.029026 1.507029 -44.082108 -0.136014 
338 -0.009769 0.000000 -0.011499 76.770129 1.700062 -58.851442 0.063996 
339 0.010283 0.000000 -0.031187 121.040303 1.342121 -40.073445 -0.625844 
340 0.030335 0.000000 -0.011499 125.319781 0.970229 -16.004510 -0.596213 
341 0.010283 0.000000 0.008188 48.147838 1.472538 -14.260268 0.747626 
342 -0.089976 0.000000 -0.031187 96.387761 0.096292 -18.130559 0.038067 
343 -0.130079 0.000000 -0.031187 96.930172 0.090796 -15.433222 0.036635 
344 -0.089976 0.000000 -0.070561 99.390601 0.093134 -17.301416 -0.017784 
345 -0.089976 0.000000 0.008188 92.863047 0.096464 -16.906158 0.109063 
346 -0.029821 0.000000 -0.011499 90.929729 0.156574 -31.544990 0.073667 
347 -0.049872 0.000000 -0.011499 92.109015 0.124987 -23.865493 0.094635 
348 -0.029821 0.000000 -0.031187 99.247404 0.132530 -28.336348 -0.065301 
349 -0.029821 0.000000 0.008188 80.304292 0.170827 -27.185126 0.281216 
350 0.010283 0.000000 0.027875 38.980277 1.251891 23.493699 0.792702 
351 -0.009769 0.000000 0.027875 15.989212 1.506762 -0.970656 0.974113 
352 0.030335 0.000000 0.027875 63.407923 1.048462 34.214518 0.480770 
353 0.010283 0.000000 0.047563 69.945432 0.267747 5.339961 0.507905 
354 0.000257 0.000000 -0.001656 57.450428 1.738350 -54.679247 0.370661 
355 -0.009769 0.000000 -0.001656 56.063377 1.644585 -40.662607 0.520075 
356 0.000257 0.000000 -0.011499 86.119374 1.581537 -48.828236 0.019676 
357 0.010283 0.000000 -0.001656 83.612982 1.529854 -40.041305 0.140322 
358 0.000257 0.000000 0.008188 27.992155 1.591285 -20.484902 0.879428 
359 0.050386 0.000000 0.027875 81.485089 0.961601 32.304178 0.231570 
360 0.050386 0.000000 0.008188 119.126120 0.539924 1.184903 -0.419273 
361 0.070438 0.000000 0.027875 88.872924 0.941298 29.981327 0.120184 
362 0.050386 0.000000 0.047563 82.680658 0.956653 32.077359 0.213404 
363 0.311059 0.000000 0.047563 107.635855 0.196626 -9.671588 -0.167906 
364 0.351163 0.000000 0.047563 108.539041 0.228950 -14.426236 -0.198889 
365 0.311059 0.000000 0.086937 110.948923 0.225139 -13.451288 -0.249065 
366 0.471473 0.000000 0.047563 105.308338 0.531650 -25.415545 -0.173608 
367 0.431370 0.000000 0.047563 106.060148 0.426722 -21.449371 -0.170901 
368 0.471473 0.000000 0.086937 102.190559 0.209451 -17.086757 -0.073491 
369 0.531629 0.000000 0.027875 97.414359 1.684883 -28.667537 -0.031422 
370 0.511577 0.000000 0.027875 100.562318 1.055147 -25.059718 -0.074188 
371 0.531629 0.000000 0.047563 99.081278 0.217825 -20.432952 -0.023465 
372 -4.701881 0.000000 -15.111679 99.523923 -0.000013 -9.825804 -0.000156 
373 -9.835133 0.000000 -15.111679 99.521166 -0.000017 -9.828971 -0.000107 
374 -4.701881 0.000000 -20.151635 99.520708 -0.000007 -9.826705 -0.000094 
375 0.431370 0.000000 -15.111679 99.525591 0.000000 -9.819971 -0.000178 
376 -2.135256 0.000000 -7.551746 99.547667 -0.001023 -9.815923 -0.000609 
377 -4.701881 0.000000 -7.551746 99.536965 -0.000043 -9.827717 -0.000419 
378 -2.135256 0.000000 -10.071724 99.535307 -0.000010 -9.818699 -0.000368 
379 0.431370 0.000000 -7.551746 99.553970 -0.000911 -9.793997 -0.000692 
380 -0.851943 0.000000 -3.771779 99.631350 -0.000280 -9.787294 -0.002220 
381 -2.135256 0.000000 -3.771779 99.594692 -0.000023 -9.826703 -0.001567 
382 -0.851943 0.000000 -5.031768 99.589517 0.000074 -9.792039 -0.001396 
383 0.431370 0.000000 -3.771779 99.663220 -0.000385 -9.716231 -0.002716 
384 -0.210286 0.000000 -1.881795 99.925636 -0.005388 -9.744740 -0.008009 
385 -0.851943 0.000000 -1.881795 99.780572 0.000231 -9.848873 -0.005316 
386 -0.210286 0.000000 -2.511790 99.789134 0.002403 -9.731946 -0.005258 
387 0.431370 0.000000 -1.881795 99.962124 -0.005023 -9.552538 -0.008368 
388 0.110542 0.000000 -0.936804 100.587038 0.022030 -9.629154 -0.021047 
389 -0.210286 0.000000 -0.936804 100.305481 0.032735 -9.976161 -0.016071 
390 0.110542 0.000000 -1.251801 100.292763 0.012085 -9.646191 -0.015169 
391 0.431370 0.000000 -0.936804 100.546255 0.020464 -9.233114 -0.019480 
392 0.270956 0.000000 -0.464308 101.674169 0.038526 -8.555169 -0.041083 
393 0.110542 0.000000 -0.464308 102.099982 0.018983 -9.535008 -0.051532 
394 0.270956 0.000000 -0.621806 101.106613 0.059802 -9.136887 -0.030603 
395 0.431370 0.000000 -0.464308 100.708742 0.045416 -8.306971 -0.021126 
396 0.190749 0.000000 -0.228060 104.035375 0.096567 -6.703876 -0.086831 
397 0.110542 0.000000 -0.228060 104.877968 0.090824 -8.774099 -0.107638 
398 0.190749 0.000000 -0.306809 103.105001 0.054804 -7.962566 -0.069405 
399 0.270956 0.000000 -0.228060 102.703003 0.107843 -5.487291 -0.057803 
400 0.150645 0.000000 -0.109936 111.376926 0.042741 -3.625844 -0.241797 
401 0.110542 0.000000 -0.109936 111.344130 0.051487 -8.523629 -0.247017 
402 0.150645 0.000000 -0.149310 107.761605 0.090074 -5.534505 -0.164320 
403 0.190749 0.000000 -0.109936 107.660582 0.056384 0.430893 -0.159099 
404 0.130593 0.000000 -0.050874 126.871749 -0.374690 -33.219085 -0.720009 
405 0.110542 0.000000 -0.050874 101.968672 -0.394828 -57.826156 -0.374163 
406 0.130593 0.000000 -0.070561 122.647817 -0.375529 -43.454425 -0.693092 
407 0.150645 0.000000 -0.050874 132.855911 -0.368182 0.802607 -0.765147 
408 0.130593 0.000000 -0.031187 113.997067 -0.387257 -42.978430 -0.484263 
409 -0.049872 0.000000 -0.464308 101.676723 -0.003882 -10.489643 -0.044819 
410 -0.210286 0.000000 -0.464308 101.065558 0.021167 -11.002128 -0.033529 
411 -0.049872 0.000000 -0.621806 101.270668 0.034099 -10.173129 -0.035924 
412 0.030335 0.000000 -0.228060 104.261930 0.088971 -10.979166 -0.099110 
413 -0.049872 0.000000 -0.228060 102.951251 -0.022736 -12.434781 -0.075358 
414 0.030335 0.000000 -0.306809 103.254071 0.006172 -10.485357 -0.077135 
415 0.070438 0.000000 -0.109936 110.323043 0.077275 -11.289334 -0.229863 
416 0.030335 0.000000 -0.109936 108.959652 0.090941 -14.087793 -0.207068 
417 0.070438 0.000000 -0.149310 107.899372 0.088472 -10.503368 -0.175260 
418 0.090490 0.000000 -0.050874 105.590868 -0.203120 -16.250544 -0.141355 
419 0.070438 0.000000 -0.050874 110.963433 -0.073706 -10.329412 -0.241959 
420 0.090490 0.000000 -0.070561 111.257342 -0.055065 -13.297470 -0.255502 
421 0.150645 0.000000 0.047563 107.468631 0.746883 10.630940 -0.166308 
422 0.150645 0.000000 0.086937 107.601619 0.737992 10.280132 -0.168433 
423 0.130593 0.000000 -0.011499 122.647817 -0.375529 -43.454425 -0.693092 
424 0.150645 0.000000 -0.011499 138.120340 -0.370859 -0.030610 -0.907737 
425 0.130593 0.000000 0.008188 17.338320 -7.776482 -2.276196 0.963373 
426 0.120568 0.000000 -0.041030 103.628825 -0.388679 -56.820023 -0.396760 
427 0.110542 0.000000 -0.041030 90.481121 -0.415068 -61.371321 -0.195344 
428 0.120568 0.000000 -0.050874 110.067657 -0.387183 -47.306913 -0.435298 
429 0.130593 0.000000 -0.041030 116.249351 -0.383920 -42.444324 -0.531558 
430 0.120568 0.000000 -0.031187 96.471274 -0.409032 -54.198029 -0.224430 
431 0.170697 0.000000 -0.050874 124.931632 -0.355461 33.821169 -0.675191 
432 0.170697 0.000000 -0.070561 121.127001 -0.351160 43.058245 -0.652589 
433 0.190749 0.000000 -0.050874 100.408104 -0.366653 57.543355 -0.339316 
434 0.170697 0.000000 -0.031187 108.694501 -0.365799 46.177390 -0.394698 
435 2.035511 0.000000 -0.306809 99.116208 -0.009335 -13.016284 0.000655 
436 2.035511 0.000000 -0.621806 99.547365 -0.007573 -10.007224 -0.000982 
437 2.356339 0.000000 -0.306809 99.020585 -0.004614 -13.928016 0.000093 
438 2.035511 0.000000 0.008188 99.159172 0.014553 -12.262064 0.001710 
439 5.564621 0.000000 -15.111679 99.524588 0.000013 -9.813809 -0.000145 
440 5.564621 0.000000 -20.151635 99.521000 0.000004 -9.821381 -0.000089 
441 10.697873 0.000000 -15.111679 99.522375 0.000017 -9.809753 -0.000093 
442 15.831124 0.000000 -15.111679 99.520659 0.000016 -9.807374 -0.000055 
443 15.831124 0.000000 -20.151635 99.519209 0.000008 -9.817874 -0.000046 
444 20.964375 0.000000 -15.111679 99.519690 0.000014 -9.805590 -0.000032 
445 -14.968384 0.000000 -15.111679 99.519041 -0.000015 -9.830081 -0.000067 
446 -20.101635 0.000000 -15.111679 99.517752 -0.000012 -9.830322 -0.000042 
447 -14.968384 0.000000 -20.151635 99.518451 -0.000010 -9.829446 -0.000054 
448 2.997996 0.000000 -7.551746 99.549942 -0.001108 -9.771054 -0.000566 
449 2.997996 0.000000 -10.071724 99.536374 0.000038 -9.798217 -0.000349 
450 5.564621 0.000000 -7.551746 99.541237 -0.000457 -9.756315 -0.000364 
451 8.131247 0.000000 -7.551746 99.534481 0.000094 -9.747760 -0.000213 
452 8.131247 0.000000 -10.071724 99.529290 0.000049 -9.784933 -0.000182 
453 10.697873 0.000000 -7.551746 99.530620 0.000080 -9.741786 -0.000125 
454 -7.268507 0.000000 -7.551746 99.528701 -0.000048 -9.831879 -0.000263 
455 -9.835133 0.000000 -7.551746 99.523666 -0.000042 -9.832736 -0.000164 
456 -7.268507 0.000000 -10.071724 99.526464 -0.000032 -9.829287 -0.000213 
457 1.714683 0.000000 -3.771779 99.646638 0.002687 -9.640136 -0.002238 
458 1.714683 0.000000 -5.031768 99.591779 -0.000285 -9.721091 -0.001302 
459 2.997996 0.000000 -3.771779 99.604233 0.000605 -9.600551 -0.001317 
460 4.281308 0.000000 -3.771779 99.579035 -0.002167 -9.580528 -0.000777 
461 4.281308 0.000000 -5.031768 99.565052 0.000955 -9.677093 -0.000685 
462 5.564621 0.000000 -3.771779 99.564493 0.000002 -9.566785 -0.000461 
463 -3.418569 0.000000 -3.771779 99.564597 -0.000105 -9.840654 -0.000995 
464 -4.701881 0.000000 -3.771779 99.545871 -0.000117 -9.843099 -0.000627 
465 -3.418569 0.000000 -5.031768 99.556873 -0.000072 -9.829968 -0.000820 
466 1.073026 0.000000 -1.881795 99.888828 -0.003698 -9.395663 -0.006606 
467 1.073026 0.000000 -2.511790 99.783834 0.002800 -9.528812 -0.004761 
468 1.714683 0.000000 -1.881795 99.756714 0.002008 -9.348360 -0.003879 
469 2.356339 0.000000 -1.881795 99.702661 0.002378 -9.309111 -0.002728 
470 2.356339 0.000000 -2.511790 99.694030 0.008327 -9.419970 -0.002764 
471 2.997996 0.000000 -1.881795 99.656975 0.006560 -9.303548 -0.001807 
472 -1.493599 0.000000 -1.881795 99.701167 0.001388 -9.900487 -0.003834 
473 -2.135256 0.000000 -1.881795 99.632694 0.005876 -9.902733 -0.002474 
474 -1.493599 0.000000 -2.511790 99.677036 0.007924 -9.852539 -0.003258 
475 0.752198 0.000000 -0.936804 100.184941 0.054861 -9.123459 -0.012026 
476 0.752198 0.000000 -1.251801 100.181918 0.019846 -9.255601 -0.012208 
477 1.073026 0.000000 -0.936804 99.934401 0.006015 -9.176001 -0.007108 
478 1.393855 0.000000 -0.936804 99.864662 0.013213 -9.196338 -0.005752 
479 1.393855 0.000000 -1.251801 99.890825 0.005016 -9.196314 -0.006275 
480 1.714683 0.000000 -0.936804 99.746284 0.002745 -9.308389 -0.003597 
481 -0.531115 0.000000 -0.936804 99.942238 0.018300 -10.039109 -0.008924 
482 -0.851943 0.000000 -0.936804 99.913593 0.008478 -10.164042 -0.008603 
483 -0.531115 0.000000 -1.251801 100.054573 0.011398 -9.981890 -0.011056 
484 0.591784 0.000000 -0.464308 99.985401 0.005532 -8.630645 -0.007157 
485 0.591784 0.000000 -0.621806 100.281000 0.040210 -8.851014 -0.013462 
486 0.752198 0.000000 -0.464308 99.761918 0.025761 -9.029205 -0.003397 
487 0.912612 0.000000 -0.464308 99.658570 0.032569 -9.416900 -0.002051 
488 0.912612 0.000000 -0.621806 100.079144 0.013833 -9.003922 -0.009691 
489 1.073026 0.000000 -0.464308 99.685529 0.003560 -9.565155 -0.002870 
490 0.351163 0.000000 -0.228060 100.801589 0.088063 -5.859221 -0.019530 
491 0.351163 0.000000 -0.306809 101.253021 0.094024 -6.955315 -0.030056 
492 0.431370 0.000000 -0.228060 99.711518 0.118709 -6.485788 0.001553 
493 2.035511 0.000000 -0.936804 99.673200 -0.002635 -9.404525 -0.002319 
494 2.035511 0.000000 -1.251801 99.725488 -0.001583 -9.260247 -0.003093 
495 2.356339 0.000000 -0.936804 99.612614 -0.001069 -9.523637 -0.001337 
496 2.035511 0.000000 0.323185 99.322573 0.009683 -10.078755 0.003345 
497 2.356339 0.000000 0.323185 99.366793 0.007725 -9.973282 0.002677 
498 2.035511 0.000000 0.638183 99.321893 0.009449 -9.413385 0.004655 
499 0.391266 0.000000 -0.031187 96.602163 0.204432 1.274157 0.066636 
500 0.391266 0.000000 -0.070561 96.838568 0.193055 -3.180097 0.061214 
501 0.391266 0.000000 0.008188 98.953155 0.288318 -3.853000 0.019334 
502 -0.370701 0.000000 -0.464308 100.372418 0.023628 -10.841671 -0.019216 
503 -0.531115 0.000000 -0.464308 99.994459 0.011918 -10.618529 -0.011165 
504 -0.370701 0.000000 -0.621806 100.341946 0.012852 -10.428178 -0.017725 
505 -0.130079 0.000000 -0.228060 101.498048 0.035601 -12.676067 -0.046254 
506 -0.210286 0.000000 -0.228060 100.606633 0.001399 -12.475052 -0.027732 
507 -0.130079 0.000000 -0.306809 101.770847 0.013857 -11.931940 -0.049968 
508 0.230852 0.000000 -0.109936 103.668093 0.080942 0.496493 -0.074733 
509 0.230852 0.000000 -0.149310 103.965912 0.091237 -2.786159 -0.081668 
510 0.270956 0.000000 -0.109936 101.381200 0.097110 -0.797523 -0.027879 
511 0.391266 0.000000 0.047563 107.689418 0.302267 -19.326018 -0.197060 
512 0.391266 0.000000 0.086937 109.470816 0.215813 -18.942310 -0.234272 
513 0.210801 0.000000 -0.050874 96.713499 -0.181232 17.369315 0.034477 
514 0.210801 0.000000 -0.070561 103.040065 -0.045351 9.589500 -0.070922 
515 0.230852 0.000000 -0.050874 94.687649 0.009807 3.105051 0.102461 
516 -0.009769 0.000000 -0.109936 106.080719 0.097372 -16.221104 -0.151625 
517 -0.049872 0.000000 -0.109936 102.995624 0.089345 -16.456682 -0.087893 
518 -0.009769 0.000000 -0.149310 105.042035 0.090402 -13.924550 -0.122773 
519 0.170697 0.000000 -0.011499 98.471949 -0.378249 55.937993 -0.282593 
520 0.170697 0.000000 0.008188 110.046462 0.714837 3.805010 -0.212521 
521 0.050386 0.000000 -0.011499 122.263602 0.680250 -3.575200 -0.496163 
522 0.050386 0.000000 -0.031187 119.164048 0.541364 1.151634 -0.420169 
523 0.090490 0.000000 0.027875 97.816806 0.833151 24.678250 -0.017784 
524 0.110542 0.000000 0.027875 102.716788 0.824413 19.159123 -0.091849 
525 0.090490 0.000000 0.047563 96.529334 0.894654 25.191786 0.004666 
526 -0.089976 0.000000 -0.109936 101.005335 0.093207 -15.733559 -0.044963 
527 -0.130079 0.000000 -0.109936 100.041229 -0.045421 -14.825200 -0.022804 
528 -0.089976 0.000000 -0.149310 101.731055 0.087010 -14.358172 -0.055537 
529 -0.089976 0.000000 0.047563 91.122530 0.091842 -13.885181 0.150388 
530 -0.130079 0.000000 0.047563 94.021455 -0.020507 -13.457767 0.097885 
531 -0.089976 0.000000 0.086937 91.495871 0.089055 -11.239059 0.150218 
532 -0.029821 0.000000 0.027875 77.186096 0.158404 -17.809461 0.372510 
533 -0.049872 0.000000 0.027875 84.934615 0.127654 -17.398862 0.248337 
534 -0.029821 0.000000 0.047563 79.655565 0.142286 -11.394154 0.352514 
535 0.130593 0.000000 0.027875 105.392490 0.779926 16.198369 -0.137057 
536 0.150645 0.000000 0.027875 106.459481 0.760164 13.363441 -0.151278 
537 0.130593 0.000000 0.047563 105.913718 0.802970 14.770049 -0.143651 
538 0.170697 0.000000 0.027875 110.040254 0.602833 3.802953 -0.212368 
539 0.190749 0.000000 0.027875 110.040208 0.602015 3.802938 -0.212367 
540 0.170697 0.000000 0.047563 108.068005 0.720533 9.041584 -0.176096 
541 0.511577 0.000000 -0.228060 99.063090 0.101297 -7.352249 0.013244 
542 0.511577 0.000000 -0.306809 99.769778 0.065035 -7.798962 -0.001484 
543 0.591784 0.000000 -0.228060 98.512807 0.061988 -8.786623 0.021802 
544 0.671991 0.000000 -0.228060 98.457209 0.060965 -9.732434 0.021145 
545 0.671991 0.000000 -0.306809 99.116562 0.063015 -9.063054 0.009376 
546 0.752198 0.000000 -0.228060 98.522111 0.054600 -10.504198 0.018305 
547 0.311059 0.000000 -0.109936 100.025313 0.110971 -2.004075 -0.000909 
548 0.311059 0.000000 -0.149310 101.021103 0.111512 -3.286995 -0.021608 
549 0.351163 0.000000 -0.109936 99.078400 0.194965 -2.774005 0.017574 
550 0.391266 0.000000 -0.109936 98.117912 0.172631 -3.926049 0.035743 
551 0.391266 0.000000 -0.149310 98.973730 0.143373 -4.892740 0.018024 
552 0.431370 0.000000 -0.109936 97.209375 0.134805 -5.230472 0.052296 
553 0.210801 0.000000 0.027875 105.779334 0.345691 0.185932 -0.118942 
554 0.230852 0.000000 0.027875 103.129495 0.200458 -1.639982 -0.063842 
555 0.210801 0.000000 0.047563 110.705705 0.515116 -1.197228 -0.225745 
556 0.050386 0.000000 -0.050874 115.860112 0.025386 -11.031412 -0.354526 
557 0.030335 0.000000 -0.050874 117.613741 0.089488 -16.218679 -0.409605 
558 0.050386 0.000000 -0.070561 113.208950 0.050374 -13.095858 -0.298777 
559 0.010283 0.000000 -0.050874 114.417096 0.119530 -22.348260 -0.359073 
560 -0.009769 0.000000 -0.050874 108.064498 0.123079 -25.082253 -0.230707 
561 0.010283 0.000000 -0.070561 110.909409 0.104604 -19.041619 -0.266349 
562 0.471473 0.000000 -0.109936 96.625221 0.099540 -6.339018 0.062337 
563 0.471473 0.000000 -0.149310 97.761409 0.125376 -6.481264 0.040068 
564 0.511577 0.000000 -0.109936 96.259219 0.132916 -7.544155 0.067723 
565 0.551681 0.000000 -0.109936 96.199608 0.111377 -8.641650 0.067095 
566 0.551681 0.000000 -0.149310 97.301552 0.104901 -8.320864 0.046316 
567 0.591784 0.000000 -0.109936 96.368416 0.094868 -9.886374 0.061538 
568 0.631888 0.000000 -0.109936 96.676217 0.067409 -11.127012 0.052989 
569 0.631888 0.000000 -0.149310 97.381910 0.060066 -10.296870 0.041073 
570 0.671991 0.000000 -0.109936 97.084012 0.055771 -11.781399 0.043589 
571 -0.029821 0.000000 -0.050874 102.809109 0.116631 -23.998618 -0.114566 
572 -0.049872 0.000000 -0.050874 99.927698 0.109804 -21.662196 -0.045481 
573 -0.029821 0.000000 -0.070561 104.078131 0.106807 -20.669808 -0.125951 
1 19 21 3 22 
2 20 19 22 9 
3 28 20 9 30 
4 29 28 30 4 
5 35 37 19 38 
6 36 35 38 20 
7 44 36 20 46 
8 45 44 46 28 
9 51 53 35 54 
10 52 51 54 36 
11 60 52 36 62 
12 61 60 62 44 
13 67 69 51 70 
14 68 67 70 52 
15 76 68 52 78 
16 77 76 78 60 
17 83 85 67 86 
18 84 83 86 68 
19 92 84 68 94 
20 93 92 94 76 
21 99 101 83 102 
22 100 99 102 84 
23 108 100 84 110 
24 109 108 110 92 
25 115 117 99 118 
26 116 115 118 100 
27 10 125 124 26 
28 125 13 126 124 
29 124 126 8 127 
30 26 124 127 14 
31 23 129 128 42 
32 129 26 130 128 
33 128 130 14 131 
34 42 128 131 27 
35 39 133 132 58 
36 133 42 134 132 
37 132 134 27 135 
38 58 132 135 43 
39 137 58 138 136 
40 136 138 43 139 
41 71 141 140 90 
42 141 74 142 140 
43 140 142 59 143 
44 90 140 143 75 
45 87 145 144 106 
46 145 90 146 144 
47 144 146 75 147 
48 106 144 147 91 
49 149 106 150 148 
50 148 150 91 151 
51 152 116 100 154 
52 153 152 154 108 
53 155 157 115 158 
54 156 155 158 116 
55 119 161 159 160 
56 161 122 162 159 
57 14 127 164 37 
58 127 8 165 164 
59 164 165 21 166 
60 37 164 166 19 
61 27 131 167 53 
62 131 14 168 167 
63 167 168 37 169 
64 53 167 169 35 
65 43 135 170 69 
66 135 27 171 170 
67 170 171 53 172 
68 69 170 172 51 
69 139 43 174 173 
70 173 174 69 175 
71 85 173 175 67 
72 75 143 176 101 
73 143 59 177 176 
74 176 177 85 178 
75 101 176 178 83 
76 91 147 179 117 
77 147 75 180 179 
78 179 180 101 181 
79 117 179 181 99 
80 151 91 183 182 
81 182 183 117 184 
82 157 182 184 115 
83 122 186 185 162 
84 186 148 187 185 
85 185 187 151 188 
86 162 185 188 107 
87 189 191 157 192 
88 190 189 192 155 
89 159 195 193 194 
90 195 162 196 193 
91 193 196 107 197 
92 120 204 202 203 
93 204 119 160 202 
94 202 160 123 205 
95 203 202 205 5 
96 160 208 206 207 
97 208 159 194 206 
98 206 194 163 209 
99 207 206 209 123 
100 107 188 210 191 
101 188 151 211 210 
102 210 211 182 212 
103 191 210 212 157 
104 163 197 213 214 
105 197 107 215 213 
106 213 215 191 216 
107 214 213 216 189 
108 194 219 217 218 
109 219 193 220 217 
110 217 220 197 221 
111 218 217 221 163 
112 16 224 222 223 
113 224 15 32 222 
114 222 32 18 225 
115 223 222 225 6 
116 32 228 226 227 
117 228 31 48 226 
118 226 48 34 229 
119 227 226 229 18 
120 48 232 230 231 
121 232 47 64 230 
122 230 64 50 233 
123 231 230 233 34 
124 64 236 234 235 
125 236 63 80 234 
126 234 80 66 237 
127 235 234 237 50 
128 80 240 238 239 
129 239 238 241 66 
130 250 156 116 252 
131 251 250 252 152 
132 199 255 253 254 
133 255 198 256 253 
134 253 256 201 257 
135 254 253 257 114 
136 6 225 258 259 
137 225 18 45 258 
138 258 45 28 260 
139 259 258 260 29 
140 18 229 261 262 
141 229 34 61 261 
142 261 61 44 263 
143 262 261 263 45 
144 34 233 264 265 
145 233 50 77 264 
146 264 77 60 266 
147 265 264 266 61 
148 50 237 267 268 
149 237 66 93 267 
150 267 93 76 269 
151 268 267 269 77 
152 66 241 270 271 
153 270 109 92 272 
154 271 270 272 93 
155 273 153 108 275 
156 274 273 275 109 
157 276 251 152 278 
158 277 276 278 153 
159 281 199 254 279 
160 279 254 114 282 
161 282 114 293 291 
162 291 293 251 294 
163 292 291 294 276 
164 280 297 295 296 
165 297 279 298 295 
166 295 298 282 299 
167 296 295 299 249 
168 300 277 153 302 
169 301 300 302 273 
170 307 309 277 310 
171 308 307 310 300 
172 303 313 311 312 
173 313 288 314 311 
174 311 314 98 315 
175 312 311 315 306 
176 238 318 316 317 
177 318 96 243 316 
178 316 243 82 319 
179 317 316 319 241 
180 243 322 320 321 
181 321 320 323 82 
182 241 319 328 329 
183 319 82 274 328 
184 328 274 109 330 
185 329 328 330 270 
186 82 323 331 332 
187 331 301 273 333 
188 332 331 333 274 
189 334 308 300 336 
190 335 334 336 301 
191 324 339 337 338 
192 339 304 340 337 
193 337 340 286 341 
194 320 344 342 343 
195 344 284 325 342 
196 342 325 245 345 
197 343 342 345 323 
198 325 348 346 347 
199 348 324 338 346 
200 346 338 327 349 
201 347 346 349 245 
202 327 341 350 351 
203 341 286 352 350 
204 350 352 308 353 
205 351 350 353 334 
206 338 356 354 355 
207 356 337 357 354 
208 354 357 341 358 
209 355 354 358 327 
210 286 360 359 352 
211 360 306 361 359 
212 359 361 307 362 
213 352 359 362 308 
214 114 257 363 293 
215 257 201 364 363 
216 363 364 250 365 
217 293 363 365 251 
218 5 205 366 367 
219 205 123 190 366 
220 366 190 155 368 
221 367 366 368 156 
222 123 209 369 370 
223 209 163 214 369 
224 369 214 189 371 
225 370 369 371 190 
226 17 374 372 373 
227 374 7 375 372 
228 372 375 11 33 
229 373 372 33 15 
230 33 378 376 377 
231 378 11 379 376 
232 376 379 24 49 
233 377 376 49 31 
234 49 382 380 381 
235 382 24 383 380 
236 380 383 40 65 
237 381 380 65 47 
238 65 386 384 385 
239 386 40 387 384 
240 384 387 56 81 
241 385 384 81 63 
242 81 390 388 389 
243 390 56 391 388 
244 388 391 72 97 
245 389 388 97 79 
246 97 394 392 393 
247 394 72 395 392 
248 392 395 88 113 
249 393 392 113 95 
250 95 398 396 397 
251 398 113 399 396 
252 396 399 111 248 
253 397 396 248 112 
254 112 402 400 401 
255 402 248 403 400 
256 400 403 246 289 
257 401 400 289 247 
258 247 406 404 405 
259 406 289 407 404 
260 404 407 287 408 
261 79 411 409 410 
262 411 97 393 409 
263 409 393 95 244 
264 410 409 244 96 
265 244 414 412 413 
266 414 95 397 412 
267 412 397 112 285 
268 413 412 285 242 
269 285 417 415 416 
270 417 112 401 415 
271 415 401 247 305 
272 416 415 305 283 
273 305 420 418 419 
274 420 247 405 418 
275 418 405 288 313 
276 419 418 313 303 
277 421 292 276 422 
278 309 421 422 277 
279 288 408 423 314 
280 408 287 424 423 
281 423 424 290 425 
282 314 423 425 98 
283 405 428 426 427 
284 428 404 429 426 
285 426 429 408 430 
286 427 426 430 288 
287 289 432 431 407 
288 432 246 433 431 
289 431 433 280 434 
290 407 431 434 287 
291 74 436 435 142 
292 436 136 437 435 
293 435 437 139 438 
294 142 435 438 59 
295 7 440 439 375 
296 440 12 441 439 
297 439 441 10 25 
298 375 439 25 11 
299 12 443 442 441 
300 443 2 444 442 
301 442 444 13 125 
302 441 442 125 10 
303 1 447 445 446 
304 447 17 373 445 
305 445 373 15 224 
306 446 445 224 16 
307 11 449 448 379 
308 449 25 450 448 
309 448 450 23 41 
310 379 448 41 24 
311 25 452 451 450 
312 452 10 453 451 
313 451 453 26 129 
314 450 451 129 23 
315 15 456 454 455 
316 456 33 377 454 
317 454 377 31 228 
318 455 454 228 32 
319 24 458 457 383 
320 458 41 459 457 
321 457 459 39 57 
322 383 457 57 40 
323 41 461 460 459 
324 461 23 462 460 
325 460 462 42 133 
326 459 460 133 39 
327 31 465 463 464 
328 465 49 381 463 
329 463 381 47 232 
330 464 463 232 48 
331 40 467 466 387 
332 467 57 468 466 
333 466 468 55 73 
334 387 466 73 56 
335 57 470 469 468 
336 470 39 471 469 
337 469 471 58 137 
338 468 469 137 55 
339 47 474 472 473 
340 474 65 385 472 
341 472 385 63 236 
342 473 472 236 64 
343 56 476 475 391 
344 476 73 477 475 
345 475 477 71 89 
346 391 475 89 72 
347 73 479 478 477 
348 479 55 480 478 
349 478 480 74 141 
350 477 478 141 71 
351 63 483 481 482 
352 483 81 389 481 
353 481 389 79 240 
354 482 481 240 80 
355 72 485 484 395 
356 485 89 486 484 
357 484 486 87 105 
358 395 484 105 88 
359 89 488 487 486 
360 488 71 489 487 
361 487 489 90 145 
362 486 487 145 87 
363 113 491 490 399 
364 491 88 492 490 
365 490 492 104 200 
366 399 490 200 111 
367 55 494 493 480 
368 494 137 495 493 
369 493 495 136 436 
370 480 493 436 74 
371 59 438 496 177 
372 438 139 497 496 
373 496 497 173 498 
374 177 496 498 85 
375 198 500 499 256 
376 500 120 203 499 
377 499 203 5 501 
378 256 499 501 201 
379 240 504 502 503 
380 504 79 410 502 
381 502 410 96 318 
382 503 502 318 238 
383 96 507 505 506 
384 507 244 413 505 
385 505 413 242 322 
386 506 505 322 243 
387 248 509 508 403 
388 509 111 510 508 
389 508 510 199 281 
390 403 508 281 246 
391 201 501 511 364 
392 501 5 367 511 
393 511 367 156 512 
394 364 511 512 250 
395 246 514 513 433 
396 514 281 515 513 
397 513 515 279 297 
398 433 513 297 280 
399 242 518 516 517 
400 518 285 416 516 
401 516 416 283 326 
402 517 516 326 284 
403 287 434 519 424 
404 434 280 296 519 
405 519 296 249 520 
406 424 519 520 290 
407 304 522 521 340 
408 522 303 312 521 
409 521 312 306 360 
410 340 521 360 286 
411 306 315 523 361 
412 315 98 524 523 
413 523 524 309 525 
414 361 523 525 307 
415 322 528 526 527 
416 528 242 517 526 
417 526 517 284 344 
418 527 526 344 320 
419 323 345 529 530 
420 345 245 335 529 
421 529 335 301 531 
422 530 529 531 331 
423 245 349 532 533 
424 349 327 351 532 
425 532 351 334 534 
426 533 532 534 335 
427 98 425 535 524 
428 425 290 536 535 
429 535 536 421 537 
430 524 535 537 309 
431 290 520 538 536 
432 520 249 539 538 
433 538 539 292 540 
434 536 538 540 421 
435 88 542 541 492 
436 542 105 543 541 
437 541 543 103 121 
438 492 541 121 104 
439 105 545 544 543 
440 545 87 546 544 
441 544 546 106 149 
442 543 544 149 103 
443 111 548 547 510 
444 548 200 549 547 
445 547 549 198 255 
446 510 547 255 199 
447 200 551 550 549 
448 551 104 552 550 
449 550 552 120 500 
450 549 550 500 198 
451 249 299 553 539 
452 299 282 554 553 
453 553 554 291 555 
454 539 553 555 292 
455 283 558 556 557 
456 558 305 419 556 
457 556 419 303 522 
458 557 556 522 304 
459 326 561 559 560 
460 561 283 557 559 
461 559 557 304 339 
462 560 559 339 324 
463 104 563 562 552 
464 563 121 564 562 
465 562 564 119 204 
466 552 562 204 120 
467 121 566 565 564 
468 566 103 567 565 
469 565 567 122 161 
470 564 565 161 119 
471 103 569 568 567 
472 569 149 570 568 
473 568 570 148 186 
474 567 568 186 122 
475 284 573 571 572 
476 573 326 560 571 
477 571 560 324 348 
478 572 571 348 325 
