2 0.000000 100.000000 5791.461216
573 478 
1 -20.101635 0.000000 -20.151635 99.802292 -0.000009 6.261484 0.000030 
2 20.964375 0.000000 -20.151635 99.802674 0.000005 6.252875 0.000033 
3 20.964375 0.000000 20.168012 99.805896 0.000005 6.250494 -0.000029 
4 -20.101635 0.000000 20.168012 99.805449 -0.000005 6.261444 -0.000033 
5 0.431370 0.000000 0.008188 94.760528 0.249384 -5.296419 0.099233 
6 -20.101635 0.000000 0.008188 99.803882 -0.000018 6.263396 -0.000005 
7 0.431370 0.000000 -20.151635 99.799553 -0.000003 6.256832 0.000090 
8 20.964375 0.000000 0.008188 99.903425 -0.000706 4.668054 -0.000248 
9 0.431370 0.000000 20.168012 99.808641 0.000008 6.256286 -0.000091 
10 10.697873 0.000000 -10.071724 99.799364 0.000030 6.228027 0.000130 
11 0.431370 0.000000 -10.071724 99.786932 0.000002 6.243540 0.000359 
12 10.697873 0.000000 -20.151635 99.801001 0.000005 6.253546 0.000065 
13 20.964375 0.000000 -10.071724 99.803931 0.000014 6.231275 0.000035 
14 10.697873 0.000000 0.008188 100.049562 -0.006931 2.320842 -0.001530 
15 -9.835133 0.000000 -10.071724 99.797692 -0.000031 6.262302 0.000120 
16 -20.101635 0.000000 -10.071724 99.802303 -0.000015 6.262500 0.000028 
17 -9.835133 0.000000 -20.151635 99.800712 -0.000010 6.260369 0.000063 
18 -9.835133 0.000000 0.008188 99.803938 -0.000065 6.270148 -0.000014 
19 10.697873 0.000000 10.088100 99.812061 0.000021 6.218719 -0.000112 
20 0.431370 0.000000 10.088100 99.823194 0.000047 6.241452 -0.000363 
21 20.964375 0.000000 10.088100 99.808132 -0.000017 6.212663 -0.000026 
22 10.697873 0.000000 20.168012 99.807425 0.000010 6.252195 -0.000061 
23 5.564621 0.000000 -5.031768 99.786700 0.000214 6.130836 0.000503 
24 0.431370 0.000000 -5.031768 99.738208 0.001469 6.189621 0.001398 
25 5.564621 0.000000 -10.071724 99.792764 0.000033 6.230631 0.000258 
26 10.697873 0.000000 -5.031768 99.804289 0.000090 6.143018 0.000137 
27 5.564621 0.000000 0.008188 100.372499 -0.016772 -2.920176 -0.008317 
28 -9.835133 0.000000 10.088100 99.810453 -0.000014 6.262251 -0.000134 
29 -20.101635 0.000000 10.088100 99.805467 -0.000011 6.262488 -0.000035 
30 -9.835133 0.000000 20.168012 99.807195 -0.000002 6.260227 -0.000067 
31 -4.701881 0.000000 -5.031768 99.779013 -0.001413 6.264470 0.000490 
32 -9.835133 0.000000 -5.031768 99.797618 -0.000055 6.266397 0.000117 
33 -4.701881 0.000000 -10.071724 99.791376 -0.000031 6.257705 0.000252 
34 -4.701881 0.000000 0.008188 99.802735 -0.000398 6.297494 -0.000024 
35 5.564621 0.000000 5.048144 99.835318 -0.000992 6.095887 -0.000425 
36 0.431370 0.000000 5.048144 99.881484 0.000649 6.181733 -0.001452 
37 10.697873 0.000000 5.048144 99.820472 -0.000092 6.073856 -0.000102 
38 5.564621 0.000000 10.088100 99.818148 0.000050 6.225290 -0.000242 
39 2.997996 0.000000 -2.511790 99.729227 0.000947 5.766852 0.002082 
40 0.431370 0.000000 -2.511790 99.522977 0.001740 5.980042 0.005942 
41 2.997996 0.000000 -5.031768 99.760191 0.000555 6.139632 0.001021 
42 5.564621 0.000000 -2.511790 99.803502 -0.006816 5.810542 0.000550 
43 2.997996 0.000000 0.008188 100.463876 0.049127 -5.121061 -0.011922 
44 -4.701881 0.000000 5.048144 99.830502 0.001627 6.265116 -0.000538 
45 -9.835133 0.000000 5.048144 99.810475 -0.000037 6.266515 -0.000140 
46 -4.701881 0.000000 10.088100 99.817498 0.000004 6.257329 -0.000269 
47 -2.135256 0.000000 -2.511790 99.707685 0.001448 6.263483 0.001915 
48 -4.701881 0.000000 -2.511790 99.777748 -0.000351 6.281307 0.000495 
49 -2.135256 0.000000 -5.031768 99.754183 -0.000242 6.245747 0.001009 
50 -2.135256 0.000000 0.008188 99.786694 -0.000215 6.433335 0.000123 
51 2.997996 0.000000 2.528166 99.926169 0.000278 5.659243 -0.001727 
52 0.431370 0.000000 2.528166 100.132773 0.000440 5.954999 -0.006203 
53 5.564621 0.000000 2.528166 99.863243 0.000134 5.602152 -0.000405 
54 2.997996 0.000000 5.048144 99.860515 0.004686 6.118224 -0.000956 
55 1.714683 0.000000 -1.251801 99.565640 -0.000657 4.763348 0.006399 
56 0.431370 0.000000 -1.251801 99.045828 0.006710 5.349439 0.016131 
57 1.714683 0.000000 -2.511790 99.656471 -0.000574 5.820486 0.003471 
58 2.997996 0.000000 -1.251801 99.790369 0.000018 4.834936 0.001851 
59 1.714683 0.000000 0.008188 99.898488 0.043557 -5.419925 -0.000909 
60 -2.135256 0.000000 2.528166 99.905269 -0.001939 6.272854 -0.002041 
61 -4.701881 0.000000 2.528166 99.830157 -0.000236 6.283150 -0.000554 
62 -2.135256 0.000000 5.048144 99.858725 0.000000 6.245725 -0.001077 
63 -0.851943 0.000000 -1.251801 99.408549 -0.000062 6.248706 0.007889 
64 -2.135256 0.000000 -1.251801 99.696760 -0.002012 6.322389 0.002058 
65 -0.851943 0.000000 -2.511790 99.621264 -0.005580 6.183937 0.003736 
66 -0.851943 0.000000 0.008188 99.601024 -0.004497 7.091255 0.002935 
67 1.714683 0.000000 1.268177 100.138288 0.006839 4.546494 -0.004835 
68 0.431370 0.000000 1.268177 100.983902 0.005717 5.235651 -0.022516 
69 2.997996 0.000000 1.268177 99.968059 0.001548 4.459204 -0.001350 
70 1.714683 0.000000 2.528166 99.996927 0.002561 5.750894 -0.003246 
71 1.073026 0.000000 -0.621806 99.014019 0.011845 2.707099 0.018890 
72 0.431370 0.000000 -0.621806 97.676736 0.018120 3.912672 0.044395 
73 1.073026 0.000000 -1.251801 99.324994 0.008266 4.908144 0.011046 
74 1.714683 0.000000 -0.621806 99.614826 0.000780 2.747495 0.006934 
75 1.073026 0.000000 0.008188 99.273909 0.065384 -7.283043 0.009164 
76 -0.851943 0.000000 1.268177 100.207209 0.000661 6.338640 -0.008166 
77 -2.135256 0.000000 1.268177 99.899944 0.002620 6.340983 -0.002021 
78 -0.851943 0.000000 2.528166 100.009692 0.002484 6.191126 -0.004027 
79 -0.210286 0.000000 -0.621806 98.152678 0.009117 6.114024 0.032867 
80 -0.851943 0.000000 -0.621806 99.166640 0.002466 6.672059 0.012146 
81 -0.210286 0.000000 -1.251801 99.250360 0.001041 5.913735 0.011439 
82 -0.210286 0.000000 0.008188 97.406084 -0.031193 8.827870 0.043412 
83 1.073026 0.000000 0.638183 100.645516 0.009296 2.225490 -0.013447 
84 0.431370 0.000000 0.638183 103.118659 0.014602 3.192596 -0.064365 
85 1.714683 0.000000 0.638183 100.131450 0.005837 2.488854 -0.003250 
86 1.073026 0.000000 1.268177 100.397051 0.001785 4.709938 -0.010175 
87 0.752198 0.000000 -0.306809 97.272534 0.027600 -0.799467 0.053741 
88 0.431370 0.000000 -0.306809 95.825651 0.060453 1.946146 0.081365 
89 0.752198 0.000000 -0.621806 98.220473 0.013582 2.904184 0.034430 
90 1.073026 0.000000 -0.306809 98.890343 0.004047 -0.694447 0.022022 
91 0.752198 0.000000 0.008188 97.793050 0.074867 -9.919061 0.033813 
92 -0.210286 0.000000 0.638183 101.327858 0.006917 6.702797 -0.031226 
93 -0.851943 0.000000 0.638183 100.293306 -0.004659 6.880785 -0.010609 
94 -0.210286 0.000000 1.268177 100.661212 -0.003057 6.052620 -0.016931 
95 0.110542 0.000000 -0.306809 96.023731 0.001014 4.668527 0.075765 
96 -0.210286 0.000000 -0.306809 97.468137 -0.025616 6.524483 0.045739 
97 0.110542 0.000000 -0.621806 97.958266 0.012860 5.116438 0.037800 
98 0.110542 0.000000 0.008188 21.287091 -4.300331 -3.668777 0.951491 
99 0.752198 0.000000 0.323185 101.554875 0.021715 -2.190009 -0.031819 
100 0.431370 0.000000 0.323185 105.273483 0.057375 -0.957701 -0.108343 
101 1.073026 0.000000 0.323185 100.327235 0.018334 -0.721174 -0.006607 
102 0.752198 0.000000 0.638183 101.534854 0.018298 2.211543 -0.031422 
103 0.591784 0.000000 -0.149310 94.901609 0.054183 -3.568512 0.098095 
104 0.431370 0.000000 -0.149310 93.107931 0.069571 -0.298601 0.133082 
105 0.591784 0.000000 -0.306809 96.362881 0.042619 0.242740 0.071413 
106 0.752198 0.000000 -0.149310 97.102482 0.029814 -4.821729 0.054786 
107 0.591784 0.000000 0.008188 74.329599 0.775610 -13.254010 0.429884 
108 0.110542 0.000000 0.323185 106.283727 0.042490 6.899656 -0.134384 
109 -0.210286 0.000000 0.323185 101.383487 0.002382 8.621871 -0.035295 
110 0.110542 0.000000 0.638183 102.979336 0.010064 5.577535 -0.063585 
111 0.270956 0.000000 -0.149310 93.345003 0.047817 3.459414 0.127474 
112 0.110542 0.000000 -0.149310 95.524461 0.049179 3.636912 0.086185 
113 0.270956 0.000000 -0.306809 95.530569 0.032552 3.503094 0.086164 
114 0.270956 0.000000 0.008188 91.064948 0.048403 1.126327 0.170590 
115 0.591784 0.000000 0.165687 101.932374 0.072925 -7.909133 -0.045277 
116 0.431370 0.000000 0.165687 107.879579 0.121324 -8.131253 -0.170414 
117 0.752198 0.000000 0.165687 100.115405 0.050120 -5.310314 -0.005130 
118 0.591784 0.000000 0.323185 102.956717 0.052291 -2.192881 -0.060490 
119 0.511577 0.000000 -0.070561 91.458818 0.082897 -4.853246 0.161172 
120 0.431370 0.000000 -0.070561 90.830099 0.101554 -2.046375 0.174570 
121 0.511577 0.000000 -0.149310 93.599911 0.080825 -2.477053 0.123291 
122 0.591784 0.000000 -0.070561 93.524817 0.059198 -6.950290 0.120480 
123 0.511577 0.000000 0.008188 94.942575 0.670065 -14.052123 0.078800 
124 15.831124 0.000000 -5.031768 99.807748 0.000051 6.156572 0.000051 
125 15.831124 0.000000 -10.071724 99.802565 0.000021 6.229351 0.000064 
126 20.964375 0.000000 -5.031768 99.808419 0.000033 6.167598 0.000024 
127 15.831124 0.000000 0.008188 99.952072 -0.002382 3.888296 -0.000554 
128 8.131247 0.000000 -2.511790 99.818369 0.000399 5.864539 0.000190 
129 8.131247 0.000000 -5.031768 99.799033 -0.001001 6.135004 0.000251 
130 10.697873 0.000000 -2.511790 99.821176 0.000199 5.903986 0.000088 
131 8.131247 0.000000 0.008188 100.150355 -0.009373 0.693463 -0.003057 
132 4.281308 0.000000 -1.251801 99.845793 0.001212 4.962807 0.000619 
133 4.281308 0.000000 -2.511790 99.783037 0.000548 5.786043 0.000987 
134 5.564621 0.000000 -1.251801 99.857702 0.000134 5.067595 0.000276 
135 4.281308 0.000000 0.008188 100.566040 0.130661 -6.114597 -0.015093 
136 2.356339 0.000000 -0.621806 99.822613 -0.002853 2.917124 0.002694 
137 2.356339 0.000000 -1.251801 99.700655 0.001150 4.751639 0.003720 
138 2.997996 0.000000 -0.621806 99.912028 -0.003252 3.121474 0.000784 
139 2.356339 0.000000 0.008188 100.132710 0.027897 -4.898210 -0.005055 
140 1.393855 0.000000 -0.306809 99.429757 0.002918 -0.518782 0.011345 
141 1.393855 0.000000 -0.621806 99.327529 0.004718 2.587608 0.012735 
142 1.714683 0.000000 -0.306809 99.728598 -0.003310 -0.219383 0.005416 
143 1.393855 0.000000 0.008188 99.692396 0.055281 -6.193908 0.002306 
144 0.912612 0.000000 -0.149310 98.295777 0.014645 -4.877481 0.031415 
145 0.912612 0.000000 -0.306809 98.289939 0.020303 -0.853763 0.033836 
146 1.073026 0.000000 -0.149310 98.996913 -0.002081 -4.428302 0.018000 
147 0.912612 0.000000 0.008188 98.778277 0.079810 -8.583210 0.016917 
148 0.671991 0.000000 -0.070561 95.900291 0.039641 -7.968060 0.073964 
149 0.671991 0.000000 -0.149310 96.136841 0.036200 -4.461745 0.073780 
150 0.752198 0.000000 -0.070561 97.223036 0.018930 -8.008103 0.048355 
151 0.671991 0.000000 0.008188 96.781455 0.059581 -10.141390 0.053050 
152 0.270956 0.000000 0.165687 114.597163 0.070133 -1.691880 -0.313538 
153 0.110542 0.000000 0.165687 112.838985 0.073331 11.461640 -0.286401 
154 0.270956 0.000000 0.323185 107.385971 0.074498 2.527805 -0.153814 
155 0.511577 0.000000 0.086937 103.732729 0.123689 -15.126144 -0.098929 
156 0.431370 0.000000 0.086937 112.854174 0.271118 -24.401055 -0.333155 
157 0.591784 0.000000 0.086937 99.628632 0.092460 -11.895386 -0.006737 
158 0.511577 0.000000 0.165687 104.280836 0.092389 -8.233522 -0.094229 
159 0.551681 0.000000 -0.031187 90.644101 0.075769 -8.099965 0.171803 
160 0.511577 0.000000 -0.031187 89.598514 0.076522 -6.981846 0.192335 
161 0.551681 0.000000 -0.070561 92.286716 0.068746 -5.993572 0.144723 
162 0.591784 0.000000 -0.031187 92.444948 0.069025 -9.641267 0.136097 
163 0.551681 0.000000 0.008188 86.917678 1.264877 -18.812029 0.208982 
164 15.831124 0.000000 5.048144 99.818785 -0.000175 6.047880 -0.000037 
165 20.964375 0.000000 5.048144 99.819979 -0.000234 6.013839 -0.000019 
166 15.831124 0.000000 10.088100 99.809232 -0.000002 6.215560 -0.000052 
167 8.131247 0.000000 2.528166 99.855466 -0.000299 5.528862 -0.000168 
168 10.697873 0.000000 2.528166 99.858222 -0.000616 5.431978 -0.000117 
169 8.131247 0.000000 5.048144 99.824669 0.000956 6.083874 -0.000198 
170 4.281308 0.000000 1.268177 99.941021 -0.000592 4.334415 -0.000699 
171 5.564621 0.000000 1.268177 99.943154 -0.000327 4.163107 -0.000597 
172 4.281308 0.000000 2.528166 99.879557 -0.000118 5.629673 -0.000762 
173 2.356339 0.000000 0.638183 100.054865 0.004192 2.489929 -0.001718 
174 2.997996 0.000000 0.638183 100.056154 0.001652 2.364149 -0.001682 
175 2.356339 0.000000 1.268177 100.030401 0.002411 4.476255 -0.002612 
176 1.393855 0.000000 0.323185 100.131809 0.010856 -0.263511 -0.002645 
177 1.714683 0.000000 0.323185 100.063822 0.006904 0.076003 -0.001277 
178 1.393855 0.000000 0.638183 100.329402 0.012125 2.310307 -0.007133 
179 0.912612 0.000000 0.165687 99.955886 0.041526 -4.354587 -0.001014 
180 1.073026 0.000000 0.165687 99.893653 0.025818 -3.230325 0.001082 
181 0.912612 0.000000 0.323185 100.758516 0.023217 -1.453508 -0.015439 
182 0.671991 0.000000 0.086937 98.897473 0.068081 -8.963397 0.013894 
183 0.752198 0.000000 0.086937 99.014091 0.063534 -7.462274 0.014052 
184 0.671991 0.000000 0.165687 100.618533 0.062245 -6.463613 -0.016587 
185 0.631888 0.000000 -0.031187 94.793929 0.055499 -9.809957 0.091787 
186 0.631888 0.000000 -0.070561 94.849751 0.044360 -7.670591 0.094468 
187 0.671991 0.000000 -0.031187 96.106909 0.044686 -9.658533 0.067017 
188 0.631888 0.000000 0.008188 95.621192 0.071875 -11.124331 0.073283 
189 0.551681 0.000000 0.047563 99.306739 0.136657 -17.572680 -0.017065 
190 0.511577 0.000000 0.047563 104.646794 0.580532 -29.160094 -0.180160 
191 0.591784 0.000000 0.047563 97.141849 0.105372 -14.064584 0.036564 
192 0.551681 0.000000 0.086937 101.169480 0.110412 -13.406855 -0.041502 
193 0.571732 0.000000 -0.011499 78.168715 0.982328 -13.776722 0.369889 
194 0.551681 0.000000 -0.011499 83.081631 1.150407 -12.380475 0.294284 
195 0.571732 0.000000 -0.031187 91.222809 0.074882 -8.916093 0.159890 
196 0.591784 0.000000 -0.011499 91.898330 0.087186 -11.229668 0.142858 
197 0.571732 0.000000 0.008188 76.622418 0.900343 -14.006294 0.393202 
198 0.351163 0.000000 -0.070561 90.675652 0.149955 0.781371 0.177729 
199 0.270956 0.000000 -0.070561 89.951486 0.042855 4.431794 0.188909 
200 0.351163 0.000000 -0.149310 93.037097 0.107699 1.594001 0.134155 
201 0.351163 0.000000 0.008188 95.336953 0.096843 -2.644957 0.090386 
202 0.471473 0.000000 -0.031187 89.836807 0.341311 -1.295474 0.192755 
203 0.431370 0.000000 -0.031187 90.051515 0.226163 -0.122147 0.189066 
204 0.471473 0.000000 -0.070561 91.006082 0.063567 -3.517816 0.170551 
205 0.471473 0.000000 0.008188 95.078252 0.353673 -8.911804 0.088058 
206 0.531629 0.000000 -0.011499 89.149919 1.004931 -8.130626 0.198518 
207 0.511577 0.000000 -0.011499 91.030773 0.606182 -5.524656 0.168251 
208 0.531629 0.000000 -0.031187 90.104509 0.078724 -7.773274 0.182075 
209 0.531629 0.000000 0.008188 92.586826 0.986151 -17.578883 0.111769 
210 0.631888 0.000000 0.047563 97.366322 0.083756 -11.326729 0.039150 
211 0.671991 0.000000 0.047563 97.785131 0.074493 -10.157204 0.033489 
212 0.631888 0.000000 0.086937 99.044225 0.075157 -10.238961 0.008540 
213 0.571732 0.000000 0.027875 95.355737 0.136725 -18.150664 0.057782 
214 0.551681 0.000000 0.027875 88.455481 1.175008 -27.461420 0.142012 
215 0.591784 0.000000 0.027875 95.113590 0.106045 -14.811994 0.073400 
216 0.571732 0.000000 0.047563 97.778499 0.121147 -16.115179 0.017965 
217 0.561706 0.000000 -0.001656 79.462522 0.997677 -13.344552 0.350664 
218 0.551681 0.000000 -0.001656 84.428717 1.265517 -11.399015 0.274025 
219 0.561706 0.000000 -0.011499 79.892914 1.041948 -11.639341 0.348056 
220 0.571732 0.000000 -0.001656 76.389479 0.884936 -13.456970 0.398277 
221 0.561706 0.000000 0.008188 80.977195 1.062396 -15.083945 0.321404 
222 -14.968384 0.000000 -5.031768 99.801689 -0.000030 6.264283 0.000038 
223 -20.101635 0.000000 -5.031768 99.802880 -0.000018 6.263116 0.000016 
224 -14.968384 0.000000 -10.071724 99.800896 -0.000022 6.262777 0.000056 
225 -14.968384 0.000000 0.008188 99.803919 -0.000031 6.265133 -0.000007 
226 -7.268507 0.000000 -2.511790 99.794869 -0.000457 6.272920 0.000163 
227 -9.835133 0.000000 -2.511790 99.799885 -0.000065 6.268935 0.000068 
228 -7.268507 0.000000 -5.031768 99.791821 -0.000076 6.267381 0.000231 
229 -7.268507 0.000000 0.008188 99.803835 -0.000069 6.276683 -0.000020 
230 -3.418569 0.000000 -1.251801 99.764037 -0.000610 6.309866 0.000732 
231 -4.701881 0.000000 -1.251801 99.786393 -0.000403 6.291953 0.000309 
232 -3.418569 0.000000 -2.511790 99.753687 -0.000476 6.284214 0.000971 
233 -3.418569 0.000000 0.008188 99.800031 -0.000620 6.326734 -0.000007 
234 -1.493599 0.000000 -0.621806 99.650033 -0.001697 6.353020 0.002951 
235 -2.135256 0.000000 -0.621806 99.723531 -0.000703 6.371332 0.001462 
236 -1.493599 0.000000 -1.251801 99.604952 -0.005807 6.313118 0.003900 
237 -1.493599 0.000000 0.008188 99.756888 -0.001369 6.421906 0.000732 
238 -0.531115 0.000000 -0.306809 98.804190 -0.005038 6.941207 0.018955 
239 -0.851943 0.000000 -0.306809 99.281825 -0.000231 6.916320 0.009528 
240 -0.531115 0.000000 -0.621806 98.824893 0.000394 6.499492 0.019140 
241 -0.531115 0.000000 0.008188 99.310900 -0.007733 7.342494 0.008343 
242 -0.049872 0.000000 -0.149310 94.758614 0.049663 5.714241 0.098815 
243 -0.210286 0.000000 -0.149310 97.002330 -0.027761 7.233504 0.053822 
244 -0.049872 0.000000 -0.306809 96.353926 -0.000617 5.830296 0.068193 
245 -0.049872 0.000000 0.008188 87.812934 0.065776 12.899429 0.212249 
246 0.190749 0.000000 -0.070561 95.572053 -0.042002 14.656526 0.065117 
247 0.110542 0.000000 -0.070561 95.959979 -0.051090 -6.877394 0.074438 
248 0.190749 0.000000 -0.149310 94.988002 0.051050 4.667935 0.095549 
249 0.190749 0.000000 0.008188 89.252553 -0.277042 3.906159 0.201865 
250 0.351163 0.000000 0.086937 118.667740 0.122612 -17.576753 -0.439099 
251 0.270956 0.000000 0.086937 122.403078 0.162744 -10.519095 -0.509319 
252 0.351163 0.000000 0.165687 111.529621 0.150426 -5.851565 -0.247312 
253 0.311059 0.000000 -0.031187 88.986183 0.069943 2.323567 0.207606 
254 0.270956 0.000000 -0.031187 86.799560 0.027676 2.722979 0.245842 
255 0.311059 0.000000 -0.070561 90.329200 0.056454 2.212987 0.183574 
256 0.351163 0.000000 -0.031187 89.440065 0.088894 1.709049 0.199755 
257 0.311059 0.000000 0.008188 95.077777 0.073771 -1.035406 0.095914 
258 -14.968384 0.000000 5.048144 99.806175 -0.000024 6.264298 -0.000051 
259 -20.101635 0.000000 5.048144 99.804888 -0.000016 6.263114 -0.000024 
260 -14.968384 0.000000 10.088100 99.806983 -0.000014 6.262759 -0.000066 
261 -7.268507 0.000000 2.528166 99.813175 0.000424 6.273335 -0.000202 
262 -9.835133 0.000000 2.528166 99.808071 -0.000053 6.269056 -0.000095 
263 -7.268507 0.000000 5.048144 99.816598 -0.000040 6.267686 -0.000264 
264 -3.418569 0.000000 1.268177 99.839502 -0.000453 6.314455 -0.000780 
265 -4.701881 0.000000 1.268177 99.819923 -0.000330 6.293462 -0.000362 
266 -3.418569 0.000000 2.528166 99.854723 -0.000261 6.288452 -0.001051 
267 -1.493599 0.000000 0.638183 99.897495 -0.000253 6.398854 -0.002045 
268 -2.135256 0.000000 0.638183 99.858293 0.000378 6.385953 -0.001246 
269 -1.493599 0.000000 1.268177 100.007890 0.000889 6.380841 -0.004229 
270 -0.531115 0.000000 0.323185 100.164276 -0.003841 7.308842 -0.008630 
271 -0.851943 0.000000 0.323185 100.013025 -0.006987 7.089091 -0.005286 
272 -0.531115 0.000000 0.638183 100.624761 -0.006788 6.894697 -0.017288 
273 -0.049872 0.000000 0.165687 101.989024 0.042066 13.336478 -0.057962 
274 -0.210286 0.000000 0.165687 99.686143 -0.027611 9.338704 -0.002454 
275 -0.049872 0.000000 0.323185 103.058451 -0.008439 8.711220 -0.069693 
276 0.190749 0.000000 0.086937 125.476840 0.313338 2.624021 -0.575142 
277 0.110542 0.000000 0.086937 125.099244 0.419797 19.330230 -0.602365 
278 0.190749 0.000000 0.165687 115.755657 0.079579 4.716600 -0.342162 
279 0.230852 0.000000 -0.031187 86.250396 0.017821 2.828161 0.255287 
280 0.190749 0.000000 -0.031187 66.756522 -0.232054 58.258198 0.214950 
281 0.230852 0.000000 -0.070561 89.914628 0.004114 8.759755 0.183863 
282 0.230852 0.000000 0.008188 84.539586 -0.113117 2.135504 0.284849 
283 0.030335 0.000000 -0.070561 92.625011 0.041622 1.248225 0.141905 
284 -0.049872 0.000000 -0.070561 92.014078 0.053539 5.993634 0.149748 
285 0.030335 0.000000 -0.149310 94.669507 0.048658 4.182774 0.102019 
286 0.030335 0.000000 0.008188 83.226269 0.597328 21.343871 0.261747 
287 0.150645 0.000000 -0.031187 112.429817 -0.180423 1.405268 -0.264247 
288 0.110542 0.000000 -0.031187 64.121339 -0.203555 -53.049589 0.307415 
289 0.150645 0.000000 -0.070561 118.483937 -0.180071 0.836322 -0.403918 
290 0.150645 0.000000 0.008188 16.599923 -4.142198 0.612293 0.970691 
291 0.230852 0.000000 0.047563 121.502640 0.237568 -2.238739 -0.476796 
292 0.190749 0.000000 0.047563 125.501365 0.315985 2.772365 -0.575838 
293 0.270956 0.000000 0.047563 115.709456 0.142501 -8.280840 -0.345727 
294 0.230852 0.000000 0.086937 124.521718 0.242555 -2.885860 -0.551405 
295 0.210801 0.000000 -0.011499 49.581696 -0.370022 16.671433 0.726358 
296 0.190749 0.000000 -0.011499 32.450363 -0.355582 39.248531 0.740640 
297 0.210801 0.000000 -0.031187 86.273596 0.018966 2.828937 0.254886 
298 0.230852 0.000000 -0.011499 81.070530 -0.143259 2.978554 0.341868 
299 0.210801 0.000000 0.008188 75.816733 -0.370534 3.348511 0.424047 
300 0.030335 0.000000 0.086937 106.272504 0.084846 24.773450 -0.190758 
301 -0.049872 0.000000 0.086937 97.526482 0.055825 16.842766 0.020490 
302 0.030335 0.000000 0.165687 106.793339 0.059291 14.686935 -0.162053 
303 0.070438 0.000000 -0.031187 85.577461 -0.020363 4.109517 0.265961 
304 0.030335 0.000000 -0.031187 93.527992 0.436418 -6.529166 0.120969 
305 0.070438 0.000000 -0.070561 92.346813 0.001081 -0.844727 0.147135 
306 0.070438 0.000000 0.008188 82.603081 -0.114768 4.425522 0.315713 
307 0.070438 0.000000 0.047563 117.089459 0.483635 37.629689 -0.512617 
308 0.030335 0.000000 0.047563 103.570744 0.539820 51.054997 -0.333380 
309 0.110542 0.000000 0.047563 122.806981 0.453756 26.143064 -0.576522 
310 0.070438 0.000000 0.086937 120.330066 0.500652 33.316297 -0.558955 
311 0.090490 0.000000 -0.011499 76.340412 -0.340129 5.289976 0.414404 
312 0.070438 0.000000 -0.011499 85.606098 -0.003496 3.298578 0.266072 
313 0.090490 0.000000 -0.031187 78.821716 -0.234786 4.827262 0.376378 
314 0.110542 0.000000 -0.011499 35.107395 -0.248600 -40.656943 0.711442 
315 0.090490 0.000000 0.008188 78.557222 -0.243181 4.855363 0.380513 
316 -0.370701 0.000000 -0.149310 98.306193 -0.027709 7.307045 0.028250 
317 -0.531115 0.000000 -0.149310 98.991185 -0.005564 7.130915 0.014990 
318 -0.370701 0.000000 -0.306809 98.384384 -0.008560 6.729819 0.027522 
319 -0.370701 0.000000 0.008188 98.752886 -0.009827 8.009887 0.018371 
320 -0.130079 0.000000 -0.070561 95.092926 -0.082953 7.946828 0.089418 
321 -0.210286 0.000000 -0.070561 96.953458 -0.034064 7.934038 0.053708 
322 -0.130079 0.000000 -0.149310 95.965407 -0.059182 6.782817 0.074463 
323 -0.130079 0.000000 0.008188 95.326734 0.047629 10.373170 0.080521 
324 -0.009769 0.000000 -0.031187 85.909139 0.076531 -0.022306 0.261961 
325 -0.049872 0.000000 -0.031187 89.139594 0.060117 7.507663 0.199776 
326 -0.009769 0.000000 -0.070561 91.462727 0.055448 3.175923 0.162448 
327 -0.009769 0.000000 0.008188 44.941715 0.879698 9.967030 0.788013 
328 -0.370701 0.000000 0.165687 99.695563 -0.015253 8.265627 -0.000753 
329 -0.531115 0.000000 0.165687 99.751611 -0.003682 7.448181 -0.000586 
330 -0.370701 0.000000 0.323185 100.594770 0.001219 7.969565 -0.018282 
331 -0.130079 0.000000 0.086937 97.770174 -0.036086 11.626408 0.030582 
332 -0.210286 0.000000 0.086937 98.526307 -0.038610 9.518594 0.020196 
333 -0.130079 0.000000 0.165687 100.170981 -0.010150 10.996501 -0.015515 
334 -0.009769 0.000000 0.047563 91.590826 0.088741 26.852088 0.089008 
335 -0.049872 0.000000 0.047563 92.579604 0.063701 17.090133 0.113694 
336 -0.009769 0.000000 0.086937 99.735049 0.070422 21.463754 -0.040778 
337 0.010283 0.000000 -0.011499 66.085264 0.803447 -14.143046 0.543207 
338 -0.009769 0.000000 -0.011499 48.328791 0.909391 -15.368713 0.742730 
339 0.010283 0.000000 -0.031187 80.212324 0.709037 -22.538635 0.305749 
340 0.030335 0.000000 -0.011499 90.687987 0.497472 -9.902159 0.167739 
341 0.010283 0.000000 0.008188 54.443633 0.793601 28.123412 0.624433 
342 -0.089976 0.000000 -0.031187 92.807502 0.050213 8.919422 0.130721 
343 -0.130079 0.000000 -0.031187 94.907132 0.047490 9.160917 0.090871 
344 -0.089976 0.000000 -0.070561 93.647225 0.048572 7.423835 0.117508 
345 -0.089976 0.000000 0.008188 93.032411 0.050381 11.211017 0.121928 
346 -0.029821 0.000000 -0.011499 82.799661 0.076116 7.746441 0.308420 
347 -0.049872 0.000000 -0.011499 87.786230 0.063642 9.731599 0.219887 
348 -0.029821 0.000000 -0.031187 86.743332 0.065870 4.980034 0.245079 
349 -0.029821 0.000000 0.008188 81.609780 0.082864 14.329498 0.313450 
350 0.010283 0.000000 0.027875 72.362510 0.681980 58.544006 0.133580 
351 -0.009769 0.000000 0.027875 42.299561 0.817318 51.720996 0.553502 
352 0.030335 0.000000 0.027875 96.579989 0.570278 54.817559 -0.233298 
353 0.010283 0.000000 0.047563 96.083734 0.126875 33.395543 -0.034736 
354 0.000257 0.000000 -0.001656 39.816080 0.932527 -4.007907 0.839775 
355 -0.009769 0.000000 -0.001656 45.509872 0.883434 6.415383 0.788691 
356 0.000257 0.000000 -0.011499 58.287387 0.844616 -12.682966 0.644101 
357 0.010283 0.000000 -0.001656 61.725484 0.818213 -5.438452 0.615972 
358 0.000257 0.000000 0.008188 38.964945 0.858932 32.766093 0.740738 
359 0.050386 0.000000 0.027875 110.369927 0.519153 44.865798 -0.419473 
360 0.050386 0.000000 0.008188 92.378960 0.242130 1.026870 0.146501 
361 0.070438 0.000000 0.027875 115.558161 0.506139 39.561724 -0.491907 
362 0.050386 0.000000 0.047563 111.246424 0.516168 44.135489 -0.432397 
363 0.311059 0.000000 0.047563 113.145187 0.108368 -10.595878 -0.291412 
364 0.351163 0.000000 0.047563 115.082534 0.126664 -15.519599 -0.348486 
365 0.311059 0.000000 0.086937 120.629701 0.125875 -14.599673 -0.476469 
366 0.471473 0.000000 0.047563 109.924287 0.320227 -26.502084 -0.278581 
367 0.431370 0.000000 0.047563 110.697064 0.262436 -22.533128 -0.276165 
368 0.471473 0.000000 0.086937 106.451122 0.144934 -15.222929 -0.156360 
369 0.531629 0.000000 0.027875 99.760144 0.933016 -29.344479 -0.081406 
370 0.511577 0.000000 0.027875 102.934622 0.594576 -25.805292 -0.126180 
371 0.531629 0.000000 0.047563 101.362894 0.151121 -19.111647 -0.063971 
372 -4.701881 0.000000 -15.111679 99.797247 -0.000014 6.258088 0.000135 
373 -9.835133 0.000000 -15.111679 99.799379 -0.000017 6.260755 0.000089 
374 -4.701881 0.000000 -20.151635 99.799867 -0.000008 6.258892 0.000081 
375 0.431370 0.000000 -15.111679 99.796268 -0.000003 6.253407 0.000160 
376 -2.135256 0.000000 -7.551746 99.777829 -0.002066 6.247810 0.000535 
377 -4.701881 0.000000 -7.551746 99.785911 -0.000053 6.259102 0.000360 
378 -2.135256 0.000000 -10.071724 99.788078 -0.000019 6.251741 0.000326 
379 0.431370 0.000000 -7.551746 99.774322 -0.002248 6.229201 0.000628 
380 -0.851943 0.000000 -3.771779 99.699666 -0.003407 6.205300 0.002147 
381 -2.135256 0.000000 -3.771779 99.731791 -0.000368 6.250230 0.001450 
382 -0.851943 0.000000 -5.031768 99.741848 -0.000192 6.221936 0.001285 
383 0.431370 0.000000 -3.771779 99.697552 -0.004630 6.133117 0.002278 
384 -0.210286 0.000000 -1.881795 99.451442 -0.003719 6.029172 0.007306 
385 -0.851943 0.000000 -1.881795 99.512592 -0.000820 6.204423 0.005875 
386 -0.210286 0.000000 -2.511790 99.583745 -0.001212 6.097711 0.004590 
387 0.431370 0.000000 -1.881795 99.427963 -0.003265 5.799955 0.008044 
388 0.110542 0.000000 -0.936804 98.534216 0.008728 5.466704 0.026112 
389 -0.210286 0.000000 -0.936804 98.688591 0.014442 5.977274 0.022483 
390 0.110542 0.000000 -1.251801 99.044494 0.005200 5.663825 0.015811 
391 0.431370 0.000000 -0.936804 98.602989 0.009075 4.874631 0.025369 
392 0.270956 0.000000 -0.464308 96.868998 0.020857 4.107593 0.059952 
393 0.110542 0.000000 -0.464308 97.035449 0.004956 4.943639 0.055968 
394 0.270956 0.000000 -0.621806 97.555176 0.030563 4.481863 0.046290 
395 0.431370 0.000000 -0.464308 96.824845 0.027477 3.095629 0.061537 
396 0.190749 0.000000 -0.228060 95.176189 0.050945 4.074194 0.092489 
397 0.110542 0.000000 -0.228060 95.476594 0.047653 4.479078 0.086416 
398 0.190749 0.000000 -0.306809 95.609587 0.024261 4.029024 0.084257 
399 0.270956 0.000000 -0.228060 94.821027 0.066789 3.340974 0.099781 
400 0.150645 0.000000 -0.109936 97.351061 0.023097 4.066924 0.050623 
401 0.110542 0.000000 -0.109936 96.121716 0.027052 1.708193 0.075770 
402 0.150645 0.000000 -0.149310 95.655242 0.047514 4.182627 0.083258 
403 0.190749 0.000000 -0.109936 95.400055 0.030448 6.405755 0.085779 
404 0.130593 0.000000 -0.050874 107.371442 -0.180884 -27.124156 -0.226438 
405 0.110542 0.000000 -0.050874 85.183689 -0.190491 -47.476641 0.048967 
406 0.130593 0.000000 -0.070561 103.301991 -0.181506 -35.718540 -0.194715 
407 0.150645 0.000000 -0.050874 113.968125 -0.180423 1.734078 -0.299177 
408 0.130593 0.000000 -0.031187 96.055410 -0.186374 -35.142222 -0.046165 
409 -0.049872 0.000000 -0.464308 97.430784 -0.011603 5.691603 0.047485 
410 -0.210286 0.000000 -0.464308 98.138000 -0.000615 6.071936 0.033206 
411 -0.049872 0.000000 -0.621806 98.176356 0.008554 5.593531 0.033012 
412 0.030335 0.000000 -0.228060 95.561439 0.046544 5.060141 0.084240 
413 -0.049872 0.000000 -0.228060 96.043365 -0.051529 5.728359 0.074286 
414 0.030335 0.000000 -0.306809 96.283379 -0.018389 5.203475 0.070243 
415 0.070438 0.000000 -0.109936 94.525514 0.040064 2.048561 0.106073 
416 0.030335 0.000000 -0.109936 93.814992 0.047115 3.072039 0.118931 
417 0.070438 0.000000 -0.149310 95.031113 0.046301 3.650163 0.095576 
418 0.090490 0.000000 -0.050874 86.541287 -0.108674 -8.387217 0.244025 
419 0.070438 0.000000 -0.050874 89.436585 -0.045014 -1.746988 0.199804 
420 0.090490 0.000000 -0.070561 92.730453 -0.029566 -3.763005 0.138690 
421 0.150645 0.000000 0.047563 125.390117 0.398827 12.618400 -0.588206 
422 0.150645 0.000000 0.086937 125.410210 0.394157 12.196570 -0.587663 
423 0.130593 0.000000 -0.011499 103.301991 -0.181506 -35.718540 -0.194715 
424 0.150645 0.000000 -0.011499 118.483937 -0.180071 0.836322 -0.403918 
425 0.130593 0.000000 0.008188 17.687955 -4.135412 -2.855977 0.966188 
426 0.120568 0.000000 -0.041030 86.604126 -0.189587 -46.612193 0.032699 
427 0.110542 0.000000 -0.041030 75.387710 -0.196485 -50.320006 0.178455 
428 0.120568 0.000000 -0.050874 92.513936 -0.187710 -38.700901 -0.005662 
429 0.130593 0.000000 -0.041030 97.972024 -0.185197 -34.728355 -0.080461 
430 0.120568 0.000000 -0.031187 80.777920 -0.194323 -44.342949 0.150859 
431 0.170697 0.000000 -0.050874 108.479295 -0.180240 30.222059 -0.268116 
432 0.170697 0.000000 -0.070561 105.568302 -0.180202 38.247151 -0.260754 
433 0.190749 0.000000 -0.050874 88.055801 -0.194879 51.148803 -0.037006 
434 0.170697 0.000000 -0.031187 94.800869 -0.190821 41.200546 -0.068473 
435 2.035511 0.000000 -0.306809 99.835689 -0.006481 -0.201619 0.003279 
436 2.035511 0.000000 -0.621806 99.742198 -0.002194 2.830315 0.004348 
437 2.356339 0.000000 -0.306809 99.942882 -0.006791 -0.005900 0.001142 
438 2.035511 0.000000 0.008188 100.018023 0.032949 -5.187368 -0.003051 
439 5.564621 0.000000 -15.111679 99.797667 0.000008 6.248968 0.000138 
440 5.564621 0.000000 -20.151635 99.800040 0.000002 6.254845 0.000083 
441 10.697873 0.000000 -15.111679 99.800009 0.000012 6.246817 0.000094 
442 15.831124 0.000000 -15.111679 99.801810 0.000011 6.246419 0.000058 
443 15.831124 0.000000 -20.151635 99.801952 0.000006 6.252979 0.000047 
444 20.964375 0.000000 -15.111679 99.802894 0.000008 6.246749 0.000036 
445 -14.968384 0.000000 -15.111679 99.801109 -0.000015 6.261704 0.000053 
446 -20.101635 0.000000 -15.111679 99.802174 -0.000012 6.261905 0.000031 
447 -14.968384 0.000000 -20.151635 99.801600 -0.000010 6.261155 0.000044 
448 2.997996 0.000000 -7.551746 99.779992 -0.002509 6.211961 0.000536 
449 2.997996 0.000000 -10.071724 99.788936 0.000022 6.235713 0.000328 
450 5.564621 0.000000 -7.551746 99.789043 -0.001412 6.203406 0.000366 
451 8.131247 0.000000 -7.551746 99.795978 0.000064 6.202437 0.000229 
452 8.131247 0.000000 -10.071724 99.796519 0.000034 6.228423 0.000186 
453 10.697873 0.000000 -7.551746 99.800239 0.000050 6.203742 0.000143 
454 -7.268507 0.000000 -7.551746 99.792847 -0.000051 6.263084 0.000216 
455 -9.835133 0.000000 -7.551746 99.797163 -0.000042 6.263984 0.000129 
456 -7.268507 0.000000 -10.071724 99.794911 -0.000034 6.260927 0.000178 
457 1.714683 0.000000 -3.771779 99.720163 0.002589 6.071630 0.001902 
458 1.714683 0.000000 -5.031768 99.745273 0.000531 6.159215 0.001294 
459 2.997996 0.000000 -3.771779 99.745755 0.000406 6.038715 0.001432 
460 4.281308 0.000000 -3.771779 99.772112 -0.007008 6.029974 0.000916 
461 4.281308 0.000000 -5.031768 99.774946 -0.000130 6.131124 0.000737 
462 5.564621 0.000000 -3.771779 99.789251 -0.003281 6.035460 0.000568 
463 -3.418569 0.000000 -3.771779 99.759044 -0.000341 6.267230 0.000885 
464 -4.701881 0.000000 -3.771779 99.776466 -0.000282 6.271545 0.000532 
465 -3.418569 0.000000 -5.031768 99.767921 -0.000243 6.259025 0.000719 
466 1.073026 0.000000 -1.881795 99.501259 -0.002253 5.599692 0.006814 
467 1.073026 0.000000 -2.511790 99.606410 -0.000781 5.886534 0.004391 
468 1.714683 0.000000 -1.881795 99.585718 0.001009 5.475717 0.005270 
469 2.356339 0.000000 -1.881795 99.695450 -0.000031 5.467282 0.003093 
470 2.356339 0.000000 -2.511790 99.709411 0.003638 5.793555 0.002447 
471 2.997996 0.000000 -1.881795 99.754815 0.003180 5.481062 0.001893 
472 -1.493599 0.000000 -1.881795 99.631650 -0.004106 6.259566 0.003435 
473 -2.135256 0.000000 -1.881795 99.691746 0.001271 6.292108 0.002197 
474 -1.493599 0.000000 -2.511790 99.662208 0.001306 6.242127 0.002848 
475 0.752198 0.000000 -0.936804 98.729871 0.028210 4.324638 0.023371 
476 0.752198 0.000000 -1.251801 99.191703 0.010304 5.092433 0.013507 
477 1.073026 0.000000 -0.936804 99.058507 0.002867 4.072679 0.017083 
478 1.393855 0.000000 -0.936804 99.415849 0.007517 4.064235 0.009997 
479 1.393855 0.000000 -1.251801 99.441368 0.002820 4.792091 0.008845 
480 1.714683 0.000000 -0.936804 99.567204 0.002093 4.035459 0.007009 
481 -0.531115 0.000000 -0.936804 98.902784 0.007003 6.346975 0.017796 
482 -0.851943 0.000000 -0.936804 99.371942 0.002366 6.300656 0.008552 
483 -0.531115 0.000000 -1.251801 99.305724 0.004369 6.120461 0.010091 
484 0.591784 0.000000 -0.464308 97.061305 0.007497 2.042191 0.057493 
485 0.591784 0.000000 -0.621806 97.830395 0.022234 3.296081 0.041835 
486 0.752198 0.000000 -0.464308 97.857387 0.016933 1.610511 0.042134 
487 0.912612 0.000000 -0.464308 98.482967 0.019249 1.432729 0.029905 
488 0.912612 0.000000 -0.621806 98.777259 0.007331 2.845924 0.023495 
489 1.073026 0.000000 -0.464308 98.961828 0.002187 1.473456 0.020439 
490 0.351163 0.000000 -0.228060 94.352635 0.057992 2.008152 0.109354 
491 0.351163 0.000000 -0.306809 95.440475 0.059413 2.681396 0.088392 
492 0.431370 0.000000 -0.228060 94.641967 0.076225 0.897058 0.104209 
493 2.035511 0.000000 -0.936804 99.678899 -0.000561 4.067887 0.004757 
494 2.035511 0.000000 -1.251801 99.652767 -0.000465 4.761222 0.004666 
495 2.356339 0.000000 -0.936804 99.739229 0.000615 4.081069 0.003543 
496 2.035511 0.000000 0.323185 100.087593 0.005649 0.011650 -0.001753 
497 2.356339 0.000000 0.323185 100.104096 0.004065 0.043687 -0.002083 
498 2.035511 0.000000 0.638183 100.075453 0.006016 2.509558 -0.002139 
499 0.391266 0.000000 -0.031187 89.821200 0.104869 1.184261 0.193074 
500 0.391266 0.000000 -0.070561 90.794847 0.129391 -0.571121 0.175595 
501 0.391266 0.000000 0.008188 95.563270 0.161375 -4.163302 0.085030 
502 -0.370701 0.000000 -0.464308 98.499461 0.003977 6.476273 0.025591 
503 -0.531115 0.000000 -0.464308 98.769577 0.000124 6.727138 0.019932 
504 -0.370701 0.000000 -0.621806 98.534426 0.000295 6.396298 0.025005 
505 -0.130079 0.000000 -0.228060 96.592457 -0.001964 6.396038 0.062899 
506 -0.210286 0.000000 -0.228060 97.030108 -0.022428 6.961447 0.053670 
507 -0.130079 0.000000 -0.306809 96.957608 -0.013253 6.185325 0.056096 
508 0.230852 0.000000 -0.109936 93.082212 0.043172 5.672171 0.130353 
509 0.230852 0.000000 -0.149310 94.006455 0.048540 4.320410 0.114412 
510 0.270956 0.000000 -0.109936 92.121285 0.051224 3.919300 0.149831 
511 0.391266 0.000000 0.047563 113.446709 0.180102 -20.488209 -0.328995 
512 0.391266 0.000000 0.086937 116.939946 0.121604 -20.212464 -0.408351 
513 0.210801 0.000000 -0.050874 85.747683 -0.090973 17.712977 0.233358 
514 0.210801 0.000000 -0.070561 91.399833 -0.021792 11.967426 0.150285 
515 0.230852 0.000000 -0.050874 85.645875 -0.012030 2.807949 0.265690 
516 -0.009769 0.000000 -0.109936 93.454740 0.050612 4.374956 0.124707 
517 -0.049872 0.000000 -0.109936 93.719579 0.046474 5.839872 0.118253 
518 -0.009769 0.000000 -0.149310 94.549086 0.047225 4.981111 0.103566 
519 0.170697 0.000000 -0.011499 86.288558 -0.202392 49.772044 0.007699 
520 0.170697 0.000000 0.008188 125.778678 0.381059 4.389279 -0.583969 
521 0.050386 0.000000 -0.011499 92.805333 0.326186 -2.324882 0.138166 
522 0.050386 0.000000 -0.031187 92.391777 0.243010 1.001516 0.146270 
523 0.090490 0.000000 0.027875 121.261935 0.446302 30.899025 -0.565941 
524 0.110542 0.000000 0.027875 123.727843 0.440816 23.358923 -0.585441 
525 0.090490 0.000000 0.047563 120.367440 0.479146 31.852049 -0.550310 
526 -0.089976 0.000000 -0.109936 94.506413 0.048623 6.808026 0.102219 
527 -0.130079 0.000000 -0.109936 95.490524 -0.075105 7.285572 0.082847 
528 -0.089976 0.000000 -0.149310 95.228502 0.045347 6.492873 0.088937 
529 -0.089976 0.000000 0.047563 94.929085 0.048179 13.095432 0.081698 
530 -0.130079 0.000000 0.047563 96.359199 -0.056029 11.170473 0.059012 
531 -0.089976 0.000000 0.086937 97.390055 0.046902 13.554897 0.033144 
532 -0.029821 0.000000 0.027875 86.001258 0.078615 19.594215 0.221984 
533 -0.049872 0.000000 0.027875 89.736436 0.065582 15.665411 0.170196 
534 -0.029821 0.000000 0.047563 91.334759 0.072690 20.932680 0.121978 
535 0.130593 0.000000 0.027875 125.102002 0.416770 19.331397 -0.602439 
536 0.150645 0.000000 0.027875 125.259104 0.406063 15.914350 -0.594327 
537 0.130593 0.000000 0.047563 125.165478 0.428560 17.603699 -0.597647 
538 0.170697 0.000000 0.027875 125.764797 0.323039 4.402524 -0.583627 
539 0.190749 0.000000 0.027875 125.764696 0.322615 4.402621 -0.583625 
540 0.170697 0.000000 0.047563 125.478582 0.384904 10.705002 -0.585962 
541 0.511577 0.000000 -0.228060 95.165433 0.063395 -0.208054 0.094349 
542 0.511577 0.000000 -0.306809 95.976468 0.041465 0.985447 0.078754 
543 0.591784 0.000000 -0.228060 95.744741 0.039507 -1.362769 0.083109 
544 0.671991 0.000000 -0.228060 96.506571 0.037062 -2.006897 0.068245 
545 0.671991 0.000000 -0.306809 96.824844 0.037760 -0.338857 0.062483 
546 0.752198 0.000000 -0.228060 97.121144 0.031604 -2.578592 0.056083 
547 0.311059 0.000000 -0.109936 91.924199 0.058212 2.430852 0.154403 
548 0.311059 0.000000 -0.149310 93.048731 0.058647 2.412236 0.133611 
549 0.351163 0.000000 -0.109936 91.954103 0.132736 1.232884 0.154291 
550 0.391266 0.000000 -0.109936 92.010461 0.114763 0.074992 0.153406 
551 0.391266 0.000000 -0.149310 92.895574 0.094744 0.412196 0.137023 
552 0.431370 0.000000 -0.109936 92.018092 0.089476 -1.192877 0.153124 
553 0.210801 0.000000 0.027875 112.386047 0.181468 0.072896 -0.263066 
554 0.230852 0.000000 0.027875 104.324807 0.101129 -2.139913 -0.088825 
555 0.210801 0.000000 0.047563 124.823251 0.276934 -1.223556 -0.558242 
556 0.050386 0.000000 -0.050874 91.912930 0.004933 0.307200 0.155192 
557 0.030335 0.000000 -0.050874 92.494719 0.038537 0.087381 0.144472 
558 0.050386 0.000000 -0.070561 92.685122 0.023403 0.621774 0.140908 
559 0.010283 0.000000 -0.050874 91.095534 0.056259 0.165143 0.170157 
560 -0.009769 0.000000 -0.050874 89.613551 0.060671 2.015236 0.196535 
561 0.010283 0.000000 -0.070561 92.028091 0.052393 1.940504 0.152706 
562 0.471473 0.000000 -0.109936 92.309918 0.055860 -2.252098 0.147380 
563 0.471473 0.000000 -0.149310 93.352258 0.081986 -1.208834 0.128389 
564 0.511577 0.000000 -0.109936 92.768760 0.081477 -3.322521 0.138291 
565 0.551681 0.000000 -0.109936 93.444949 0.067821 -4.242769 0.125004 
566 0.551681 0.000000 -0.149310 94.287331 0.064681 -2.859561 0.110172 
567 0.591784 0.000000 -0.109936 94.309200 0.057716 -5.010009 0.108067 
568 0.631888 0.000000 -0.109936 95.160529 0.041574 -5.797457 0.091086 
569 0.631888 0.000000 -0.149310 95.514898 0.036620 -4.178155 0.085945 
570 0.671991 0.000000 -0.109936 95.971387 0.033316 -6.097861 0.075231 
571 -0.029821 0.000000 -0.050874 89.651898 0.059232 4.540098 0.194192 
572 -0.049872 0.000000 -0.050874 90.715469 0.056579 6.431663 0.172933 
573 -0.029821 0.000000 -0.070561 91.469574 0.054995 4.681340 0.161140 
1 19 21 3 22 
2 20 19 22 9 
3 28 20 9 30 
4 29 28 30 4 
5 35 37 19 38 
6 36 35 38 20 
7 44 36 20 46 
8 45 44 46 28 
9 51 53 35 54 
10 52 51 54 36 
11 60 52 36 62 
12 61 60 62 44 
13 67 69 51 70 
14 68 67 70 52 
15 76 68 52 78 
16 77 76 78 60 
17 83 85 67 86 
18 84 83 86 68 
19 92 84 68 94 
20 93 92 94 76 
21 99 101 83 102 
22 100 99 102 84 
23 108 100 84 110 
24 109 108 110 92 
25 115 117 99 118 
26 116 115 118 100 
27 10 125 124 26 
28 125 13 126 124 
29 124 126 8 127 
30 26 124 127 14 
31 23 129 128 42 
32 129 26 130 128 
33 128 130 14 131 
34 42 128 131 27 
35 39 133 132 58 
36 133 42 134 132 
37 132 134 27 135 
38 58 132 135 43 
39 137 58 138 136 
40 136 138 43 139 
41 71 141 140 90 
42 141 74 142 140 
43 140 142 59 143 
44 90 140 143 75 
45 87 145 144 106 
46 145 90 146 144 
47 144 146 75 147 
48 106 144 147 91 
49 149 106 150 148 
50 148 150 91 151 
51 152 116 100 154 
52 153 152 154 108 
53 155 157 115 158 
54 156 155 158 116 
55 119 161 159 160 
56 161 122 162 159 
57 14 127 164 37 
58 127 8 165 164 
59 164 165 21 166 
60 37 164 166 19 
61 27 131 167 53 
62 131 14 168 167 
63 167 168 37 169 
64 53 167 169 35 
65 43 135 170 69 
66 135 27 171 170 
67 170 171 53 172 
68 69 170 172 51 
69 139 43 174 173 
70 173 174 69 175 
71 85 173 175 67 
72 75 143 176 101 
73 143 59 177 176 
74 176 177 85 178 
75 101 176 178 83 
76 91 147 179 117 
77 147 75 180 179 
78 179 180 101 181 
79 117 179 181 99 
80 151 91 183 182 
81 182 183 117 184 
82 157 182 184 115 
83 122 186 185 162 
84 186 148 187 185 
85 185 187 151 188 
86 162 185 188 107 
87 189 191 157 192 
88 190 189 192 155 
89 159 195 193 194 
90 195 162 196 193 
91 193 196 107 197 
92 120 204 202 203 
93 204 119 160 202 
94 202 160 123 205 
95 203 202 205 5 
96 160 208 206 207 
97 208 159 194 206 
98 206 194 163 209 
99 207 206 209 123 
100 107 188 210 191 
101 188 151 211 210 
102 210 211 182 212 
103 191 210 212 157 
104 163 197 213 214 
105 197 107 215 213 
106 213 215 191 216 
107 214 213 216 189 
108 194 219 217 218 
109 219 193 220 217 
110 217 220 197 221 
111 218 217 221 163 
112 16 224 222 223 
113 224 15 32 222 
114 222 32 18 225 
115 223 222 225 6 
116 32 228 226 227 
117 228 31 48 226 
118 226 48 34 229 
119 227 226 229 18 
120 48 232 230 231 
121 232 47 64 230 
122 230 64 50 233 
123 231 230 233 34 
124 64 236 234 235 
125 236 63 80 234 
126 234 80 66 237 
127 235 234 237 50 
128 80 240 238 239 
129 239 238 241 66 
130 250 156 116 252 
131 251 250 252 152 
132 199 255 253 254 
133 255 198 256 253 
134 253 256 201 257 
135 254 253 257 114 
136 6 225 258 259 
137 225 18 45 258 
138 258 45 28 260 
139 259 258 260 29 
140 18 229 261 262 
141 229 34 61 261 
142 261 61 44 263 
143 262 261 263 45 
144 34 233 264 265 
145 233 50 77 264 
146 264 77 60 266 
147 265 264 266 61 
148 50 237 267 268 
149 237 66 93 267 
150 267 93 76 269 
151 268 267 269 77 
152 66 241 270 271 
153 270 109 92 272 
154 271 270 272 93 
155 273 153 108 275 
156 274 273 275 109 
157 276 251 152 278 
158 277 276 278 153 
159 281 199 254 279 
160 279 254 114 282 
161 282 114 293 291 
162 291 293 251 294 
163 292 291 294 276 
164 280 297 295 296 
165 297 279 298 295 
166 295 298 282 299 
167 296 295 299 249 
168 300 277 153 302 
169 301 300 302 273 
170 307 309 277 310 
171 308 307 310 300 
172 303 313 311 312 
173 313 288 314 311 
174 311 314 98 315 
175 312 311 315 306 
176 238 318 316 317 
177 318 96 243 316 
178 316 243 82 319 
179 317 316 319 241 
180 243 322 320 321 
181 321 320 323 82 
182 241 319 328 329 
183 319 82 274 328 
184 328 274 109 330 
185 329 328 330 270 
186 82 323 331 332 
187 331 301 273 333 
188 332 331 333 274 
189 334 308 300 336 
190 335 334 336 301 
191 324 339 337 338 
192 339 304 340 337 
193 337 340 286 341 
194 320 344 342 343 
195 344 284 325 342 
196 342 325 245 345 
197 343 342 345 323 
198 325 348 346 347 
199 348 324 338 346 
200 346 338 327 349 
201 347 346 349 245 
202 327 341 350 351 
203 341 286 352 350 
204 350 352 308 353 
205 351 350 353 334 
206 338 356 354 355 
207 356 337 357 354 
208 354 357 341 358 
209 355 354 358 327 
210 286 360 359 352 
211 360 306 361 359 
212 359 361 307 362 
213 352 359 362 308 
214 114 257 363 293 
215 257 201 364 363 
216 363 364 250 365 
217 293 363 365 251 
218 5 205 366 367 
219 205 123 190 366 
220 366 190 155 368 
221 367 366 368 156 
222 123 209 369 370 
223 209 163 214 369 
224 369 214 189 371 
225 370 369 371 190 
226 17 374 372 373 
227 374 7 375 372 
228 372 375 11 33 
229 373 372 33 15 
230 33 378 376 377 
231 378 11 379 376 
232 376 379 24 49 
233 377 376 49 31 
234 49 382 380 381 
235 382 24 383 380 
236 380 383 40 65 
237 381 380 65 47 
238 65 386 384 385 
239 386 40 387 384 
240 384 387 56 81 
241 385 384 81 63 
242 81 390 388 389 
243 390 56 391 388 
244 388 391 72 97 
245 389 388 97 79 
246 97 394 392 393 
247 394 72 395 392 
248 392 395 88 113 
249 393 392 113 95 
250 95 398 396 397 
251 398 113 399 396 
252 396 399 111 248 
253 397 396 248 112 
254 112 402 400 401 
255 402 248 403 400 
256 400 403 246 289 
257 401 400 289 247 
258 247 406 404 405 
259 406 289 407 404 
260 404 407 287 408 
261 79 411 409 410 
262 411 97 393 409 
263 409 393 95 244 
264 410 409 244 96 
265 244 414 412 413 
266 414 95 397 412 
267 412 397 112 285 
268 413 412 285 242 
269 285 417 415 416 
270 417 112 401 415 
271 415 401 247 305 
272 416 415 305 283 
273 305 420 418 419 
274 420 247 405 418 
275 418 405 288 313 
276 419 418 313 303 
277 421 292 276 422 
278 309 421 422 277 
279 288 408 423 314 
280 408 287 424 423 
281 423 424 290 425 
282 314 423 425 98 
283 405 428 426 427 
284 428 404 429 426 
285 426 429 408 430 
286 427 426 430 288 
287 289 432 431 407 
288 432 246 433 431 
289 431 433 280 434 
290 407 431 434 287 
291 74 436 435 142 
292 436 136 437 435 
293 435 437 139 438 
294 142 435 438 59 
295 7 440 439 375 
296 440 12 441 439 
297 439 441 10 25 
298 375 439 25 11 
299 12 443 442 441 
300 443 2 444 442 
301 442 444 13 125 
302 441 442 125 10 
303 1 447 445 446 
304 447 17 373 445 
305 445 373 15 224 
306 446 445 224 16 
307 11 449 448 379 
308 449 25 450 448 
309 448 450 23 41 
310 379 448 41 24 
311 25 452 451 450 
312 452 10 453 451 
313 451 453 26 129 
314 450 451 129 23 
315 15 456 454 455 
316 456 33 377 454 
317 454 377 31 228 
318 455 454 228 32 
319 24 458 457 383 
320 458 41 459 457 
321 457 459 39 57 
322 383 457 57 40 
323 41 461 460 459 
324 461 23 462 460 
325 460 462 42 133 
326 459 460 133 39 
327 31 465 463 464 
328 465 49 381 463 
329 463 381 47 232 
330 464 463 232 48 
331 40 467 466 387 
332 467 57 468 466 
333 466 468 55 73 
334 387 466 73 56 
335 57 470 469 468 
336 470 39 471 469 
337 469 471 58 137 
338 468 469 137 55 
339 47 474 472 473 
340 474 65 385 472 
341 472 385 63 236 
342 473 472 236 64 
343 56 476 475 391 
344 476 73 477 475 
345 475 477 71 89 
346 391 475 89 72 
347 73 479 478 477 
348 479 55 480 478 
349 478 480 74 141 
350 477 478 141 71 
351 63 483 481 482 
352 483 81 389 481 
353 481 389 79 240 
354 482 481 240 80 
355 72 485 484 395 
356 485 89 486 484 
357 484 486 87 105 
358 395 484 105 88 
359 89 488 487 486 
360 488 71 489 487 
361 487 489 90 145 
362 486 487 145 87 
363 113 491 490 399 
364 491 88 492 490 
365 490 492 104 200 
366 399 490 200 111 
367 55 494 493 480 
368 494 137 495 493 
369 493 495 136 436 
370 480 493 436 74 
371 59 438 496 177 
372 438 139 497 496 
373 496 497 173 498 
374 177 496 498 85 
375 198 500 499 256 
376 500 120 203 499 
377 499 203 5 501 
378 256 499 501 201 
379 240 504 502 503 
380 504 79 410 502 
381 502 410 96 318 
382 503 502 318 238 
383 96 507 505 506 
384 507 244 413 505 
385 505 413 242 322 
386 506 505 322 243 
387 248 509 508 403 
388 509 111 510 508 
389 508 510 199 281 
390 403 508 281 246 
391 201 501 511 364 
392 501 5 367 511 
393 511 367 156 512 
394 364 511 512 250 
395 246 514 513 433 
396 514 281 515 513 
397 513 515 279 297 
398 433 513 297 280 
399 242 518 516 517 
400 518 285 416 516 
401 516 416 283 326 
402 517 516 326 284 
403 287 434 519 424 
404 434 280 296 519 
405 519 296 249 520 
406 424 519 520 290 
407 304 522 521 340 
408 522 303 312 521 
409 521 312 306 360 
410 340 521 360 286 
411 306 315 523 361 
412 315 98 524 523 
413 523 524 309 525 
414 361 523 525 307 
415 322 528 526 527 
416 528 242 517 526 
417 526 517 284 344 
418 527 526 344 320 
419 323 345 529 530 
420 345 245 335 529 
421 529 335 301 531 
422 530 529 531 331 
423 245 349 532 533 
424 349 327 351 532 
425 532 351 334 534 
426 533 532 534 335 
427 98 425 535 524 
428 425 290 536 535 
429 535 536 421 537 
430 524 535 537 309 
431 290 520 538 536 
432 520 249 539 538 
433 538 539 292 540 
434 536 538 540 421 
435 88 542 541 492 
436 542 105 543 541 
437 541 543 103 121 
438 492 541 121 104 
439 105 545 544 543 
440 545 87 546 544 
441 544 546 106 149 
442 543 544 149 103 
443 111 548 547 510 
444 548 200 549 547 
445 547 549 198 255 
446 510 547 255 199 
447 200 551 550 549 
448 551 104 552 550 
449 550 552 120 500 
450 549 550 500 198 
451 249 299 553 539 
452 299 282 554 553 
453 553 554 291 555 
454 539 553 555 292 
455 283 558 556 557 
456 558 305 419 556 
457 556 419 303 522 
458 557 556 522 304 
459 326 561 559 560 
460 561 283 557 559 
461 559 557 304 339 
462 560 559 339 324 
463 104 563 562 552 
464 563 121 564 562 
465 562 564 119 204 
466 552 562 204 120 
467 121 566 565 564 
468 566 103 567 565 
469 565 567 122 161 
470 564 565 161 119 
471 103 569 568 567 
472 569 149 570 568 
473 568 570 148 186 
474 567 568 186 122 
475 284 573 571 572 
476 573 326 560 571 
477 571 560 324 348 
478 572 571 348 325 
