2 0.000000 100.000000 5791.461216
573 478 
1 -20.101635 0.000000 -20.151635 96.182067 -0.000010 -27.392197 -0.000132 
2 20.964375 0.000000 -20.151635 96.197111 0.000019 -27.328311 -0.000072 
3 20.964375 0.000000 20.168012 96.174150 0.000010 -27.371555 0.000133 
4 -20.101635 0.000000 20.168012 96.171064 -0.000005 -27.393122 0.000074 
5 0.431370 0.000000 0.008188 99.068314 0.466355 -4.674408 0.016340 
6 -20.101635 0.000000 0.008188 96.177288 -0.000022 -27.399301 -0.000079 
7 0.431370 0.000000 -20.151635 96.196500 -0.000000 -27.371440 -0.000296 
8 20.964375 0.000000 0.008188 96.276439 -0.000183 -27.021192 0.000070 
9 0.431370 0.000000 20.168012 96.163127 0.000010 -27.379725 0.000300 
10 10.697873 0.000000 -10.071724 96.257179 0.000118 -27.155259 -0.000285 
11 0.431370 0.000000 -10.071724 96.257826 0.000032 -27.313908 -0.001162 
12 10.697873 0.000000 -20.151635 96.196481 0.000013 -27.349977 -0.000178 
13 20.964375 0.000000 -10.071724 96.341639 0.000348 -26.815123 -0.000076 
14 10.697873 0.000000 0.008188 96.494385 -0.001275 -26.207574 0.000200 
15 -9.835133 0.000000 -10.071724 96.201919 -0.000033 -27.394103 -0.000525 
16 -20.101635 0.000000 -10.071724 96.182488 -0.000018 -27.395866 -0.000160 
17 -9.835133 0.000000 -20.151635 96.189098 -0.000011 -27.387383 -0.000241 
18 -9.835133 0.000000 0.008188 96.182407 -0.000073 -27.422320 -0.000304 
19 10.697873 0.000000 10.088100 96.170449 0.000037 -27.311872 0.000531 
20 0.431370 0.000000 10.088100 96.126816 0.000047 -27.344205 0.001193 
21 20.964375 0.000000 10.088100 96.182878 0.000012 -27.335468 0.000163 
22 10.697873 0.000000 20.168012 96.168547 0.000014 -27.371195 0.000243 
23 5.564621 0.000000 -5.031768 96.449215 -0.000397 -26.619966 -0.001107 
24 0.431370 0.000000 -5.031768 96.481114 0.004084 -27.113685 -0.004376 
25 5.564621 0.000000 -10.071724 96.256634 0.000088 -27.233149 -0.000698 
26 10.697873 0.000000 -5.031768 96.611976 0.001532 -25.885488 -0.000393 
27 5.564621 0.000000 0.008188 96.850841 -0.005009 -24.761640 0.000678 
28 -9.835133 0.000000 10.088100 96.158058 -0.000017 -27.397478 0.000301 
29 -20.101635 0.000000 10.088100 96.171577 -0.000013 -27.396579 0.000046 
30 -9.835133 0.000000 20.168012 96.166289 -0.000002 -27.390051 0.000183 
31 -4.701881 0.000000 -5.031768 96.278327 0.000530 -27.402918 -0.002044 
32 -9.835133 0.000000 -5.031768 96.203344 -0.000060 -27.408792 -0.000633 
33 -4.701881 0.000000 -10.071724 96.229479 -0.000025 -27.375361 -0.000952 
34 -4.701881 0.000000 0.008188 96.197956 0.000188 -27.513242 -0.001103 
35 5.564621 0.000000 5.048144 96.153711 -0.000037 -27.086215 0.002080 
36 0.431370 0.000000 5.048144 95.988434 0.001887 -27.209988 0.004584 
37 10.697873 0.000000 5.048144 96.203853 0.000013 -27.172597 0.000647 
38 5.564621 0.000000 10.088100 96.148256 0.000057 -27.310632 0.000964 
39 2.997996 0.000000 -2.511790 96.901799 0.003171 -25.490994 -0.003975 
40 0.431370 0.000000 -2.511790 97.202896 0.007460 -26.563765 -0.015404 
41 2.997996 0.000000 -5.031768 96.465830 0.004497 -26.845032 -0.002631 
42 5.564621 0.000000 -2.511790 96.974474 0.003797 -24.675146 -0.001291 
43 2.997996 0.000000 0.008188 97.047730 -0.008259 -23.269329 0.004028 
44 -4.701881 0.000000 5.048144 96.105828 0.000024 -27.413767 0.001216 
45 -9.835133 0.000000 5.048144 96.159864 -0.000043 -27.411245 0.000190 
46 -4.701881 0.000000 10.088100 96.139086 0.000002 -27.385067 0.000733 
47 -2.135256 0.000000 -2.511790 96.565209 0.004020 -27.458003 -0.007878 
48 -4.701881 0.000000 -2.511790 96.281737 0.000162 -27.461353 -0.002430 
49 -2.135256 0.000000 -5.031768 96.381593 0.000286 -27.333851 -0.003655 
50 -2.135256 0.000000 0.008188 96.225875 0.001270 -27.894084 -0.003750 
51 2.997996 0.000000 2.528166 96.060586 0.000398 -26.359377 0.007755 
52 0.431370 0.000000 2.528166 95.479704 -0.002704 -26.775901 0.016668 
53 5.564621 0.000000 2.528166 96.263521 -0.004099 -26.613531 0.002505 
54 2.997996 0.000000 5.048144 96.069107 0.000192 -27.083702 0.003720 
55 1.714683 0.000000 -1.251801 97.643938 0.003754 -23.907846 -0.010592 
56 0.431370 0.000000 -1.251801 98.920613 0.017795 -25.385513 -0.042971 
57 1.714683 0.000000 -2.511790 97.071240 0.003703 -25.884207 -0.009282 
58 2.997996 0.000000 -1.251801 97.318171 0.006582 -23.579445 -0.002682 
59 1.714683 0.000000 0.008188 96.795489 0.006720 -22.184224 0.013849 
60 -2.135256 0.000000 2.528166 95.892013 -0.001543 -27.481546 0.004949 
61 -4.701881 0.000000 2.528166 96.111226 0.000222 -27.467970 0.000814 
62 -2.135256 0.000000 5.048144 96.032582 0.000369 -27.364595 0.002892 
63 -0.851943 0.000000 -1.251801 97.539886 0.003458 -27.743306 -0.028372 
64 -2.135256 0.000000 -1.251801 96.571224 0.003028 -27.702979 -0.009346 
65 -0.851943 0.000000 -2.511790 96.930553 0.002037 -27.232036 -0.013712 
66 -0.851943 0.000000 0.008188 96.135750 -0.000996 -29.305184 -0.010088 
67 1.714683 0.000000 1.268177 95.647464 0.009280 -24.800240 0.023651 
68 0.431370 0.000000 1.268177 94.311621 0.007498 -25.728237 0.044338 
69 2.997996 0.000000 1.268177 96.288096 -0.001089 -25.241645 0.009146 
70 1.714683 0.000000 2.528166 95.750745 0.000606 -26.367588 0.013655 
71 1.073026 0.000000 -0.621806 98.647947 0.038477 -21.637010 -0.019958 
72 0.431370 0.000000 -0.621806 101.702944 0.042359 -22.451402 -0.084756 
73 1.073026 0.000000 -1.251801 98.251109 0.020871 -24.253125 -0.024149 
74 1.714683 0.000000 -0.621806 97.607172 0.011372 -22.455356 -0.003140 
75 1.073026 0.000000 0.008188 96.159155 0.047011 -21.231333 0.030265 
76 -0.851943 0.000000 1.268177 95.064876 0.001617 -27.719034 0.019432 
77 -2.135256 0.000000 1.268177 95.891895 -0.000344 -27.705832 0.003713 
78 -0.851943 0.000000 2.528166 95.612303 -0.002203 -27.295589 0.011324 
79 -0.210286 0.000000 -0.621806 100.675494 0.035730 -28.332291 -0.093828 
80 -0.851943 0.000000 -0.621806 97.438788 0.011654 -28.523350 -0.030790 
81 -0.210286 0.000000 -1.251801 98.602092 0.006717 -27.037749 -0.045341 
82 -0.210286 0.000000 0.008188 94.260323 -0.005775 -37.433103 -0.028625 
83 1.073026 0.000000 0.638183 94.673774 0.003264 -22.527136 0.052940 
84 0.431370 0.000000 0.638183 92.431259 0.017293 -23.338264 0.091179 
85 1.714683 0.000000 0.638183 95.962128 0.002284 -23.266939 0.024992 
86 1.073026 0.000000 1.268177 94.892819 -0.001161 -24.872158 0.037673 
87 0.752198 0.000000 -0.306809 98.707243 0.063964 -19.063739 -0.010655 
88 0.431370 0.000000 -0.306809 103.552981 0.116895 -16.710519 -0.100247 
89 0.752198 0.000000 -0.621806 99.608982 0.034687 -21.709476 -0.039325 
90 1.073026 0.000000 -0.306809 97.651041 0.020387 -21.059933 0.002075 
91 0.752198 0.000000 0.008188 94.947960 0.114022 -19.413105 0.060800 
92 -0.210286 0.000000 0.638183 92.249091 0.013087 -27.773183 0.071876 
93 -0.851943 0.000000 0.638183 95.057082 -0.006302 -28.370613 0.015926 
94 -0.210286 0.000000 1.268177 94.358690 -0.007365 -27.035167 0.036554 
95 0.110542 0.000000 -0.306809 109.210405 0.033407 -24.219984 -0.251352 
96 -0.210286 0.000000 -0.306809 102.110211 -0.013279 -31.941520 -0.144676 
97 0.110542 0.000000 -0.621806 102.469373 0.037099 -25.652563 -0.115803 
98 0.110542 0.000000 0.008188 20.836890 -8.747614 -1.356661 0.948746 
99 0.752198 0.000000 0.323185 93.898977 0.021360 -20.597396 0.075873 
100 0.431370 0.000000 0.323185 91.089712 0.085177 -19.363798 0.132770 
101 1.073026 0.000000 0.323185 95.254014 0.019594 -21.276301 0.047399 
102 0.752198 0.000000 0.638183 93.699426 0.024264 -22.678949 0.070608 
103 0.591784 0.000000 -0.149310 97.738953 0.107774 -15.441552 0.020864 
104 0.431370 0.000000 -0.149310 101.754886 0.130010 -11.123402 -0.047780 
105 0.591784 0.000000 -0.306809 100.216204 0.088222 -17.815731 -0.036070 
106 0.752198 0.000000 -0.149310 96.988301 0.067057 -18.718332 0.024289 
107 0.591784 0.000000 0.008188 73.475243 1.556066 -12.924504 0.443192 
108 0.110542 0.000000 0.323185 86.039750 0.066153 -22.372179 0.209664 
109 -0.210286 0.000000 0.323185 90.151715 0.019136 -30.065907 0.096871 
110 0.110542 0.000000 0.638183 91.461385 0.014659 -25.363740 0.099150 
111 0.270956 0.000000 -0.149310 109.420270 0.103632 -10.003220 -0.207287 
112 0.110542 0.000000 -0.149310 119.651976 0.103040 -20.896364 -0.475326 
113 0.270956 0.000000 -0.306809 106.987833 0.066463 -18.719339 -0.179681 
114 0.270956 0.000000 0.008188 102.279846 0.121570 1.796521 -0.046441 
115 0.591784 0.000000 0.165687 93.353561 0.110642 -19.476599 0.090576 
116 0.431370 0.000000 0.165687 93.168695 0.192058 -17.445306 0.101522 
117 0.752198 0.000000 0.165687 94.187271 0.068436 -19.501548 0.074844 
118 0.591784 0.000000 0.323185 92.833810 0.078775 -20.175768 0.097482 
119 0.511577 0.000000 -0.070561 96.170856 0.154318 -10.846573 0.063349 
120 0.431370 0.000000 -0.070561 99.257103 0.181981 -7.658100 0.008935 
121 0.511577 0.000000 -0.149310 99.096996 0.151768 -13.448194 -0.000109 
122 0.591784 0.000000 -0.070561 94.849545 0.112200 -14.751033 0.078596 
123 0.511577 0.000000 0.008188 94.622805 1.359812 -13.149326 0.087177 
124 15.831124 0.000000 -5.031768 97.107282 0.004363 -24.121588 -0.001168 
125 15.831124 0.000000 -10.071724 96.281297 0.000179 -27.038867 -0.000119 
126 20.964375 0.000000 -5.031768 97.182774 -0.010744 -23.852034 -0.001341 
127 15.831124 0.000000 0.008188 96.343874 -0.000427 -26.772071 0.000111 
128 8.131247 0.000000 -2.511790 97.248853 0.002375 -23.623765 -0.001542 
129 8.131247 0.000000 -5.031768 96.497077 0.000915 -26.333142 -0.000512 
130 10.697873 0.000000 -2.511790 97.250574 -0.006607 -23.603977 -0.001482 
131 8.131247 0.000000 0.008188 96.637085 -0.001783 -25.655311 0.000308 
132 4.281308 0.000000 -1.251801 97.285485 -0.000380 -23.461976 -0.001493 
133 4.281308 0.000000 -2.511790 96.889501 0.003282 -25.124997 -0.001884 
134 5.564621 0.000000 -1.251801 96.986704 0.044135 -24.480044 -0.000570 
135 4.281308 0.000000 0.008188 96.973305 -0.006881 -24.109836 0.001489 
136 2.356339 0.000000 -0.621806 97.283124 -0.002245 -23.153685 -0.000010 
137 2.356339 0.000000 -1.251801 97.369934 0.007430 -23.780872 -0.004643 
138 2.997996 0.000000 -0.621806 96.843271 0.009680 -24.663566 0.001309 
139 2.356339 0.000000 0.008188 96.997656 -0.004945 -22.792034 0.007198 
140 1.393855 0.000000 -0.306809 97.227225 0.015558 -22.284095 0.005029 
141 1.393855 0.000000 -0.621806 97.896206 0.019956 -22.164657 -0.007494 
142 1.714683 0.000000 -0.306809 96.940497 -0.002010 -23.511642 0.004974 
143 1.393855 0.000000 0.008188 96.563356 0.022252 -21.793156 0.020058 
144 0.912612 0.000000 -0.149310 96.810434 0.037576 -20.696657 0.019939 
145 0.912612 0.000000 -0.306809 98.003485 0.052121 -20.267747 -0.001547 
146 1.073026 0.000000 -0.149310 96.746448 -0.001954 -21.863977 0.016209 
147 0.912612 0.000000 0.008188 95.743659 0.083270 -20.745649 0.040276 
148 0.671991 0.000000 -0.070561 95.358428 0.075649 -18.084663 0.057971 
149 0.671991 0.000000 -0.149310 97.131620 0.076385 -17.514612 0.025868 
150 0.752198 0.000000 -0.070561 95.839434 0.047865 -19.180194 0.044692 
151 0.671991 0.000000 0.008188 94.007848 0.103671 -19.032794 0.080027 
152 0.270956 0.000000 0.165687 90.571520 0.140096 -13.490590 0.161478 
153 0.110542 0.000000 0.165687 80.505331 0.146825 -14.248245 0.331586 
154 0.270956 0.000000 0.323185 88.959753 0.117345 -19.574648 0.170298 
155 0.511577 0.000000 0.086937 94.391341 0.190506 -19.915625 0.069361 
156 0.431370 0.000000 0.086937 98.434499 0.440576 -21.313624 -0.014382 
157 0.591784 0.000000 0.086937 93.133347 0.144105 -19.584792 0.094259 
158 0.511577 0.000000 0.165687 93.042801 0.143979 -18.243201 0.101020 
159 0.551681 0.000000 -0.031187 92.715753 0.133853 -11.640125 0.126828 
160 0.511577 0.000000 -0.031187 93.948981 0.143413 -9.948952 0.107459 
161 0.551681 0.000000 -0.070561 95.209833 0.129206 -12.548377 0.077761 
162 0.591784 0.000000 -0.031187 92.406584 0.123452 -15.214868 0.122952 
163 0.551681 0.000000 0.008188 84.890748 2.559845 -17.942026 0.246509 
164 15.831124 0.000000 5.048144 96.205731 -0.000005 -27.235174 0.000270 
165 20.964375 0.000000 5.048144 96.201239 -0.000007 -27.274817 0.000141 
166 15.831124 0.000000 10.088100 96.179889 0.000021 -27.323963 0.000283 
167 8.131247 0.000000 2.528166 96.282069 -0.000477 -26.817285 0.001060 
168 10.697873 0.000000 2.528166 96.270594 -0.000143 -26.952789 0.000552 
169 8.131247 0.000000 5.048144 96.191345 -0.000481 -27.129476 0.001122 
170 4.281308 0.000000 1.268177 96.435489 -0.001709 -25.684378 0.004051 
171 5.564621 0.000000 1.268177 96.450601 -0.001013 -26.018461 0.002032 
172 4.281308 0.000000 2.528166 96.210364 0.000084 -26.485283 0.004210 
173 2.356339 0.000000 0.638183 96.429897 0.000778 -23.883602 0.013085 
174 2.997996 0.000000 0.638183 96.599881 -0.003541 -24.337204 0.007616 
175 2.356339 0.000000 1.268177 96.092799 0.001473 -25.030636 0.013964 
176 1.393855 0.000000 0.323185 95.958957 0.002886 -21.879900 0.031315 
177 1.714683 0.000000 0.323185 96.357684 -0.000697 -22.456339 0.021091 
178 1.393855 0.000000 0.638183 95.513692 0.011404 -22.950394 0.035041 
179 0.912612 0.000000 0.165687 95.137823 0.054179 -20.458123 0.053026 
180 1.073026 0.000000 0.165687 95.686941 0.024865 -20.863890 0.040871 
181 0.912612 0.000000 0.323185 94.738247 0.026769 -21.057748 0.058124 
182 0.671991 0.000000 0.086937 93.763692 0.099430 -19.344720 0.083414 
183 0.752198 0.000000 0.086937 94.476626 0.085213 -19.328189 0.070058 
184 0.671991 0.000000 0.165687 93.713266 0.091134 -19.575586 0.083461 
185 0.631888 0.000000 -0.031187 93.760407 0.109590 -17.456809 0.090423 
186 0.631888 0.000000 -0.070561 95.035410 0.084659 -16.863321 0.068389 
187 0.671991 0.000000 -0.031187 94.560109 0.089162 -18.484587 0.071670 
188 0.631888 0.000000 0.008188 92.974297 0.128164 -18.624975 0.100887 
189 0.551681 0.000000 0.047563 93.193282 0.209277 -20.957819 0.087574 
190 0.511577 0.000000 0.047563 95.895957 1.122801 -26.745859 0.008736 
191 0.591784 0.000000 0.047563 92.317949 0.165175 -19.781353 0.108607 
192 0.551681 0.000000 0.086937 93.431387 0.172979 -19.500210 0.089029 
193 0.571732 0.000000 -0.011499 77.317644 1.981573 -13.354593 0.383971 
194 0.551681 0.000000 -0.011499 82.831131 2.334224 -11.942984 0.299092 
195 0.571732 0.000000 -0.031187 92.078606 0.133833 -13.424900 0.134128 
196 0.591784 0.000000 -0.011499 90.810435 0.149566 -16.180868 0.149162 
197 0.571732 0.000000 0.008188 75.696481 1.812293 -13.602874 0.408172 
198 0.351163 0.000000 -0.070561 103.261759 0.238830 -4.361069 -0.068207 
199 0.270956 0.000000 -0.070561 107.159576 0.092179 -1.503330 -0.148544 
200 0.351163 0.000000 -0.149310 105.291190 0.180379 -9.717131 -0.118069 
201 0.351163 0.000000 0.008188 101.546740 0.202268 -1.800790 -0.031502 
202 0.471473 0.000000 -0.031187 97.220413 0.698098 -1.400975 0.054574 
203 0.431370 0.000000 -0.031187 99.603931 0.430777 -0.133677 0.007885 
204 0.471473 0.000000 -0.070561 97.577784 0.127319 -9.180214 0.039428 
205 0.471473 0.000000 0.008188 97.263869 0.696547 -8.184118 0.047227 
206 0.531629 0.000000 -0.011499 91.374176 2.060963 -7.876579 0.158447 
207 0.511577 0.000000 -0.011499 94.824818 1.250236 -5.343281 0.097814 
208 0.531629 0.000000 -0.031187 93.365704 0.133717 -11.093500 0.115976 
209 0.531629 0.000000 0.008188 90.622254 1.999061 -16.555934 0.150951 
210 0.631888 0.000000 0.047563 93.106601 0.128392 -19.333794 0.095735 
211 0.671991 0.000000 0.047563 93.802886 0.108535 -19.331832 0.082729 
212 0.631888 0.000000 0.086937 93.388374 0.113164 -19.521287 0.089752 
213 0.571732 0.000000 0.027875 91.175329 0.215760 -21.499882 0.122477 
214 0.551681 0.000000 0.027875 83.865374 2.362225 -26.054700 0.228217 
215 0.591784 0.000000 0.027875 91.389776 0.170601 -19.656328 0.126151 
216 0.571732 0.000000 0.047563 92.432834 0.189320 -20.661908 0.102922 
217 0.561706 0.000000 -0.001656 78.681719 2.015029 -12.908304 0.363850 
218 0.551681 0.000000 -0.001656 84.618963 2.573057 -11.008394 0.271183 
219 0.561706 0.000000 -0.011499 79.877620 2.110779 -11.319570 0.348698 
220 0.571732 0.000000 -0.001656 75.539204 1.781150 -13.079851 0.411957 
221 0.561706 0.000000 0.008188 79.893487 2.146641 -14.539293 0.340103 
222 -14.968384 0.000000 -5.031768 96.186152 -0.000034 -27.401989 -0.000264 
223 -20.101635 0.000000 -5.031768 96.180668 -0.000021 -27.398141 -0.000138 
224 -14.968384 0.000000 -10.071724 96.188484 -0.000025 -27.396527 -0.000279 
225 -14.968384 0.000000 0.008188 96.178691 -0.000037 -27.405276 -0.000139 
226 -7.268507 0.000000 -2.511790 96.216912 0.000332 -27.433144 -0.001027 
227 -9.835133 0.000000 -2.511790 96.195944 -0.000071 -27.417821 -0.000540 
228 -7.268507 0.000000 -5.031768 96.226685 -0.000077 -27.411704 -0.001098 
229 -7.268507 0.000000 0.008188 96.187038 0.000122 -27.445947 -0.000523 
230 -3.418569 0.000000 -1.251801 96.326895 0.000297 -27.559003 -0.003837 
231 -4.701881 0.000000 -1.251801 96.251561 0.000172 -27.496515 -0.002042 
232 -3.418569 0.000000 -2.511790 96.368150 0.000285 -27.474939 -0.004169 
233 -3.418569 0.000000 0.008188 96.209337 0.000319 -27.605869 -0.001832 
234 -1.493599 0.000000 -0.621806 96.728714 -0.000157 -28.182244 -0.015068 
235 -2.135256 0.000000 -0.621806 96.446686 0.004043 -27.849678 -0.007757 
236 -1.493599 0.000000 -1.251801 96.880992 -0.002778 -27.779000 -0.015760 
237 -1.493599 0.000000 0.008188 96.225552 0.000261 -28.370252 -0.006423 
238 -0.531115 0.000000 -0.306809 98.093034 0.006887 -30.359412 -0.054394 
239 -0.851943 0.000000 -0.306809 96.975143 0.007783 -29.059526 -0.024863 
240 -0.531115 0.000000 -0.621806 98.597612 0.010646 -28.875877 -0.055531 
241 -0.531115 0.000000 0.008188 95.908065 0.001461 -30.964982 -0.015719 
242 -0.049872 0.000000 -0.149310 109.872368 0.103984 -36.735042 -0.342141 
243 -0.210286 0.000000 -0.149310 100.468778 0.004087 -35.493299 -0.135375 
244 -0.049872 0.000000 -0.306809 106.109071 0.034451 -29.999232 -0.215909 
245 -0.049872 0.000000 0.008188 84.559877 0.134309 -59.287679 -0.066542 
246 0.190749 0.000000 -0.070561 120.240679 -0.081856 9.733291 -0.455256 
247 0.110542 0.000000 -0.070561 130.735209 -0.101525 -24.372073 -0.768570 
248 0.190749 0.000000 -0.149310 115.593258 0.107400 -12.479363 -0.351755 
249 0.190749 0.000000 0.008188 97.169336 -0.511695 4.364034 0.053881 
250 0.351163 0.000000 0.086937 98.008790 0.217310 -14.615410 0.018062 
251 0.270956 0.000000 0.086937 95.955600 0.309001 -8.379245 0.072222 
252 0.351163 0.000000 0.165687 92.415244 0.234511 -15.313195 0.122487 
253 0.311059 0.000000 -0.031187 103.408506 0.157248 2.701387 -0.070064 
254 0.270956 0.000000 -0.031187 103.164745 0.088001 3.241542 -0.065348 
255 0.311059 0.000000 -0.070561 105.067296 0.124040 -3.628287 -0.105232 
256 0.351163 0.000000 -0.031187 102.487679 0.196258 1.968123 -0.050764 
257 0.311059 0.000000 0.008188 102.080128 0.158470 -0.172221 -0.042041 
258 -14.968384 0.000000 5.048144 96.170827 -0.000028 -27.402871 0.000025 
259 -20.101635 0.000000 5.048144 96.173766 -0.000018 -27.398549 -0.000007 
260 -14.968384 0.000000 10.088100 96.167534 -0.000017 -27.397956 0.000116 
261 -7.268507 0.000000 2.528166 96.156133 0.000071 -27.435905 0.000127 
262 -9.835133 0.000000 2.528166 96.168439 -0.000061 -27.419179 -0.000018 
263 -7.268507 0.000000 5.048144 96.143532 -0.000048 -27.416465 0.000476 
264 -3.418569 0.000000 1.268177 96.091590 0.000378 -27.563832 0.000664 
265 -4.701881 0.000000 1.268177 96.143714 0.000211 -27.499770 0.000015 
266 -3.418569 0.000000 2.528166 96.046200 0.000385 -27.486451 0.001962 
267 -1.493599 0.000000 0.638183 95.749414 0.001258 -28.158031 0.003918 
268 -2.135256 0.000000 0.638183 96.009936 -0.001743 -27.847558 0.000661 
269 -1.493599 0.000000 1.268177 95.649198 0.001544 -27.742765 0.008157 
270 -0.531115 0.000000 0.323185 94.148010 0.001701 -29.835594 0.024599 
271 -0.851943 0.000000 0.323185 95.381663 -0.008366 -28.921723 0.006587 
272 -0.531115 0.000000 0.638183 93.978011 -0.009817 -28.546738 0.035322 
273 -0.049872 0.000000 0.165687 80.992779 0.085552 -30.095975 0.253439 
274 -0.210286 0.000000 0.165687 89.815638 -0.017846 -33.593403 0.080463 
275 -0.049872 0.000000 0.323185 86.645460 -0.009784 -27.603685 0.173060 
276 0.190749 0.000000 0.086937 90.507566 0.623703 1.722712 0.180502 
277 0.110542 0.000000 0.086937 80.752651 0.843092 12.299307 0.332703 
278 0.190749 0.000000 0.165687 86.523320 0.159519 -12.085685 0.236763 
279 0.230852 0.000000 -0.031187 103.143400 0.072195 3.384172 -0.065002 
280 0.190749 0.000000 -0.031187 83.600508 -0.418591 71.398695 -0.208699 
281 0.230852 0.000000 -0.070561 109.932523 0.010348 3.123999 -0.209492 
282 0.230852 0.000000 0.008188 96.970984 -0.175333 2.819925 0.058865 
283 0.030335 0.000000 -0.070561 132.795950 0.086360 -34.643893 -0.883497 
284 -0.049872 0.000000 -0.070561 109.695183 0.110228 -47.592271 -0.429807 
285 0.030335 0.000000 -0.149310 117.387265 0.101403 -30.711554 -0.472298 
286 0.030335 0.000000 0.008188 84.526877 1.234274 -21.446751 0.239372 
287 0.150645 0.000000 -0.031187 148.431619 -0.364619 -0.845256 -1.203279 
288 0.110542 0.000000 -0.031187 89.832520 -0.430016 -76.252771 -0.388455 
289 0.150645 0.000000 -0.070561 156.336638 -0.372314 -0.992660 -1.444227 
290 0.150645 0.000000 0.008188 15.267479 -8.420360 1.294878 0.969432 
291 0.230852 0.000000 0.047563 93.539263 0.471764 -1.774103 0.124704 
292 0.190749 0.000000 0.047563 90.442553 0.629134 1.833505 0.181639 
293 0.270956 0.000000 0.047563 97.388119 0.277971 -6.394240 0.047459 
294 0.230852 0.000000 0.086937 92.870654 0.477443 -2.380717 0.136915 
295 0.210801 0.000000 -0.011499 59.924376 -0.651272 19.603857 0.602433 
296 0.190749 0.000000 -0.011499 39.826930 -0.621226 46.898192 0.621399 
297 0.210801 0.000000 -0.031187 103.176713 0.074279 3.385309 -0.065690 
298 0.230852 0.000000 -0.011499 97.112440 -0.230110 3.574326 0.055635 
299 0.210801 0.000000 0.008188 91.658864 -0.667312 4.061502 0.158171 
300 0.030335 0.000000 0.086937 60.840865 0.170659 -16.967040 0.601048 
301 -0.049872 0.000000 0.086937 75.174094 0.113309 -37.364919 0.295271 
302 0.030335 0.000000 0.165687 77.409515 0.119085 -22.092528 0.351967 
303 0.070438 0.000000 -0.031187 128.226646 0.128605 6.093766 -0.647922 
304 0.030335 0.000000 -0.031187 159.742232 0.953273 -12.533899 -1.567559 
305 0.070438 0.000000 -0.070561 130.787144 0.005321 -23.977623 -0.768020 
306 0.070438 0.000000 0.008188 122.279298 -0.046469 6.477099 -0.499418 
307 0.070438 0.000000 0.047563 59.957266 0.972555 18.416971 0.606500 
308 0.030335 0.000000 0.047563 35.085695 1.084928 15.359912 0.853189 
309 0.110542 0.000000 0.047563 73.911909 0.912020 15.153156 0.430658 
310 0.070438 0.000000 0.086937 66.652398 1.006561 18.187419 0.522566 
311 0.090490 0.000000 -0.011499 108.966576 -0.473995 7.532782 -0.193068 
312 0.070438 0.000000 -0.011499 129.605152 0.156548 4.759054 -0.682017 
313 0.090490 0.000000 -0.031187 114.718368 -0.269043 6.964435 -0.320888 
314 0.110542 0.000000 -0.011499 49.585672 -0.423275 -57.754540 0.420550 
315 0.090490 0.000000 0.008188 114.189504 -0.284611 6.998523 -0.308830 
316 -0.370701 0.000000 -0.149310 97.971699 -0.016608 -32.804853 -0.067461 
317 -0.531115 0.000000 -0.149310 97.128242 0.007019 -30.876778 -0.038727 
318 -0.370701 0.000000 -0.306809 99.330789 0.009172 -31.156047 -0.083730 
319 -0.370701 0.000000 0.008188 95.446510 0.010953 -33.219493 -0.021357 
320 -0.130079 0.000000 -0.070561 100.091111 -0.055300 -41.151197 -0.171165 
321 -0.210286 0.000000 -0.070561 97.865973 -0.005946 -37.142977 -0.095735 
322 -0.130079 0.000000 -0.149310 103.632452 -0.030282 -36.912224 -0.210220 
323 -0.130079 0.000000 0.008188 92.378361 0.098255 -42.125735 -0.030835 
324 -0.009769 0.000000 -0.031187 128.812820 0.158985 -69.339677 -1.140076 
325 -0.049872 0.000000 -0.031187 102.677508 0.123156 -57.252452 -0.382053 
326 -0.009769 0.000000 -0.070561 122.266441 0.113810 -46.651749 -0.712548 
327 -0.009769 0.000000 0.008188 59.633511 1.790231 -89.823671 -0.162765 
328 -0.370701 0.000000 0.165687 93.358018 -0.001415 -31.972615 0.026203 
329 -0.531115 0.000000 0.165687 94.790239 0.005757 -30.588762 0.007914 
330 -0.370701 0.000000 0.323185 92.852567 0.015076 -30.093388 0.047279 
331 -0.130079 0.000000 0.086937 86.865272 0.001433 -37.676821 0.103488 
332 -0.210286 0.000000 0.086937 91.304138 -0.024167 -35.646895 0.039285 
333 -0.130079 0.000000 0.165687 86.349900 0.020762 -33.100274 0.144807 
334 -0.009769 0.000000 0.047563 50.829432 0.181219 -41.543368 0.569048 
335 -0.049872 0.000000 0.047563 74.284090 0.129510 -46.982876 0.227447 
336 -0.009769 0.000000 0.086937 65.578571 0.141938 -30.774097 0.475239 
337 0.010283 0.000000 -0.011499 128.842643 1.650800 -76.181703 -1.240680 
338 -0.009769 0.000000 -0.011499 106.334773 1.858778 -105.605669 -1.246310 
339 0.010283 0.000000 -0.031187 163.205508 1.472044 -58.494851 -2.005985 
340 0.030335 0.000000 -0.011499 160.485571 1.068483 -22.361153 -1.625678 
341 0.010283 0.000000 0.008188 39.863227 1.612870 -60.988104 0.468877 
342 -0.089976 0.000000 -0.031187 97.748460 0.103436 -47.675573 -0.182773 
343 -0.130079 0.000000 -0.031187 96.527398 0.098316 -42.319660 -0.110850 
344 -0.089976 0.000000 -0.070561 103.073788 0.100628 -44.277281 -0.258469 
345 -0.089976 0.000000 0.008188 90.148143 0.103348 -47.679143 -0.040000 
346 -0.029821 0.000000 -0.011499 97.561246 0.156365 -74.333345 -0.504367 
347 -0.049872 0.000000 -0.011499 94.441579 0.130189 -60.536802 -0.258393 
348 -0.029821 0.000000 -0.031187 110.499224 0.135047 -64.555023 -0.637745 
349 -0.029821 0.000000 0.008188 76.733018 0.170050 -72.590606 -0.115738 
350 0.010283 0.000000 0.027875 0.825848 1.372976 -16.099205 0.973825 
351 -0.009769 0.000000 0.027875 -13.686900 1.650556 -59.509173 0.626860 
352 0.030335 0.000000 0.027875 24.840983 1.146154 10.395698 0.927354 
353 0.010283 0.000000 0.047563 38.977601 0.262316 -26.048191 0.780217 
354 0.000257 0.000000 -0.001656 75.513463 1.899802 -109.533438 -0.770347 
355 -0.009769 0.000000 -0.001656 66.295965 1.798992 -91.899340 -0.284388 
356 0.000257 0.000000 -0.011499 114.760050 1.730878 -87.697510 -1.086372 
357 0.010283 0.000000 -0.001656 105.712678 1.674887 -77.432314 -0.717374 
358 0.000257 0.000000 0.008188 15.045390 1.740919 -79.120424 0.351056 
359 0.050386 0.000000 0.027875 47.226418 1.043626 17.486818 0.746279 
360 0.050386 0.000000 0.008188 145.686058 0.605649 1.329002 -1.122656 
361 0.070438 0.000000 0.027875 56.874796 1.017598 18.544369 0.642033 
362 0.050386 0.000000 0.047563 48.746858 1.037664 17.826711 0.730488 
363 0.311059 0.000000 0.047563 98.840736 0.204246 -8.405752 0.015981 
364 0.351163 0.000000 0.047563 98.600948 0.230223 -12.858050 0.011247 
365 0.311059 0.000000 0.086937 97.455221 0.228526 -11.842725 0.036218 
366 0.471473 0.000000 0.047563 97.690845 0.558927 -23.606375 -0.010107 
367 0.431370 0.000000 0.047563 98.373093 0.439896 -19.731902 -0.006681 
368 0.471473 0.000000 0.086937 95.118283 0.225501 -18.818481 0.059833 
369 0.531629 0.000000 0.027875 92.666237 1.861836 -27.286961 0.066492 
370 0.511577 0.000000 0.027875 95.621611 1.160620 -23.663553 0.029520 
371 0.531629 0.000000 0.047563 94.366436 0.224746 -21.660914 0.062573 
372 -4.701881 0.000000 -15.111679 96.204886 -0.000012 -27.377351 -0.000490 
373 -9.835133 0.000000 -15.111679 96.194759 -0.000018 -27.388601 -0.000357 
374 -4.701881 0.000000 -20.151635 96.193452 -0.000007 -27.380993 -0.000290 
375 0.431370 0.000000 -15.111679 96.212674 0.000005 -27.356133 -0.000524 
376 -2.135256 0.000000 -7.551746 96.289982 0.000388 -27.337595 -0.001910 
377 -4.701881 0.000000 -7.551746 96.251353 -0.000041 -27.380630 -0.001402 
378 -2.135256 0.000000 -10.071724 96.246322 -0.000003 -27.350605 -0.001141 
379 0.431370 0.000000 -7.551746 96.318601 0.000149 -27.258039 -0.002027 
380 -0.851943 0.000000 -3.771779 96.596002 0.004209 -27.206518 -0.007098 
381 -2.135256 0.000000 -3.771779 96.460676 -0.001399 -27.357659 -0.005310 
382 -0.851943 0.000000 -5.031768 96.442284 -0.001523 -27.243712 -0.004333 
383 0.431370 0.000000 -3.771779 96.699684 0.003033 -26.943706 -0.007679 
384 -0.210286 0.000000 -1.881795 97.585738 -0.004717 -26.890658 -0.024608 
385 -0.851943 0.000000 -1.881795 97.165732 0.000608 -27.334555 -0.018836 
386 -0.210286 0.000000 -2.511790 97.116166 0.003087 -26.946253 -0.015765 
387 0.431370 0.000000 -1.881795 97.755779 -0.003761 -26.176496 -0.024140 
388 0.110542 0.000000 -0.936804 100.123326 0.026527 -26.005261 -0.070095 
389 -0.210286 0.000000 -0.936804 99.294503 0.036143 -27.331343 -0.060640 
390 0.110542 0.000000 -1.251801 98.899568 0.015047 -26.252249 -0.047031 
391 0.431370 0.000000 -0.936804 100.046025 0.026185 -24.464522 -0.060772 
392 0.270956 0.000000 -0.464308 104.366840 0.048862 -22.266395 -0.138823 
393 0.110542 0.000000 -0.464308 105.002916 0.025248 -25.264362 -0.166390 
394 0.270956 0.000000 -0.621806 102.391532 0.069530 -23.878103 -0.105419 
395 0.431370 0.000000 -0.464308 102.486244 0.058585 -20.583568 -0.092712 
396 0.190749 0.000000 -0.228060 111.166594 0.109771 -18.424159 -0.269747 
397 0.110542 0.000000 -0.228060 112.550746 0.102007 -23.197238 -0.320579 
398 0.190749 0.000000 -0.306809 108.743489 0.062495 -20.981648 -0.226538 
399 0.270956 0.000000 -0.228060 108.831049 0.120130 -15.063601 -0.207112 
400 0.150645 0.000000 -0.109936 124.041799 0.049351 -12.031770 -0.553113 
401 0.110542 0.000000 -0.109936 125.318123 0.057254 -19.624196 -0.608974 
402 0.150645 0.000000 -0.149310 118.387280 0.100040 -16.126957 -0.427564 
403 0.190749 0.000000 -0.109936 118.481484 0.064569 -6.171554 -0.407595 
404 0.130593 0.000000 -0.050874 145.246771 -0.367521 -39.135513 -1.262835 
405 0.110542 0.000000 -0.050874 118.004748 -0.377243 -67.861443 -0.853044 
406 0.130593 0.000000 -0.070561 140.967367 -0.364705 -50.931238 -1.246592 
407 0.150645 0.000000 -0.050874 150.377705 -0.366275 -0.257458 -1.261365 
408 0.130593 0.000000 -0.031187 130.990128 -0.376271 -50.593493 -0.971826 
409 -0.049872 0.000000 -0.464308 103.627545 -0.001436 -28.101522 -0.152836 
410 -0.210286 0.000000 -0.464308 101.522629 0.024079 -29.607030 -0.118342 
411 -0.049872 0.000000 -0.621806 101.937174 0.039490 -27.321071 -0.113763 
412 0.030335 0.000000 -0.228060 111.138179 0.098994 -28.443597 -0.316074 
413 -0.049872 0.000000 -0.228060 107.844754 -0.024878 -32.227217 -0.266909 
414 0.030335 0.000000 -0.306809 108.234181 0.007994 -27.562780 -0.247434 
415 0.070438 0.000000 -0.109936 124.941345 0.083204 -25.764554 -0.627416 
416 0.030335 0.000000 -0.109936 122.874162 0.097285 -32.729580 -0.616929 
417 0.070438 0.000000 -0.149310 119.330053 0.096819 -25.896842 -0.491032 
418 0.090490 0.000000 -0.050874 123.923290 -0.211966 -24.588402 -0.596162 
419 0.070438 0.000000 -0.050874 131.877777 -0.083029 -19.571530 -0.777480 
420 0.090490 0.000000 -0.070561 128.882484 -0.056939 -23.526176 -0.716418 
421 0.150645 0.000000 0.047563 84.774564 0.799117 8.148477 0.274624 
422 0.150645 0.000000 0.086937 85.030007 0.789606 7.885700 0.270709 
423 0.130593 0.000000 -0.011499 140.967367 -0.364705 -50.931238 -1.246592 
424 0.150645 0.000000 -0.011499 156.336638 -0.372314 -0.992660 -1.444227 
425 0.130593 0.000000 0.008188 16.504995 -8.404419 -1.616608 0.965434 
426 0.120568 0.000000 -0.041030 119.886795 -0.368325 -66.719675 -0.882449 
427 0.110542 0.000000 -0.041030 104.947919 -0.400601 -72.114817 -0.621477 
428 0.120568 0.000000 -0.050874 126.737178 -0.372211 -55.668173 -0.916140 
429 0.130593 0.000000 -0.041030 133.554484 -0.372776 -49.935896 -1.033053 
430 0.120568 0.000000 -0.031187 111.441570 -0.396221 -63.790997 -0.648867 
431 0.170697 0.000000 -0.050874 139.937244 -0.350841 36.928172 -1.094625 
432 0.170697 0.000000 -0.070561 135.234081 -0.344906 47.267977 -1.052264 
433 0.190749 0.000000 -0.050874 111.469092 -0.361685 63.103869 -0.640759 
434 0.170697 0.000000 -0.031187 121.261838 -0.361848 50.469494 -0.725173 
435 2.035511 0.000000 -0.306809 96.844871 0.070366 -24.027543 0.004374 
436 2.035511 0.000000 -0.621806 97.422172 0.002736 -22.771196 -0.000961 
437 2.356339 0.000000 -0.306809 96.988665 0.028243 -23.594217 0.003651 
438 2.035511 0.000000 0.008188 96.924232 -0.002148 -22.599752 0.009494 
439 5.564621 0.000000 -15.111679 96.213471 0.000023 -27.330703 -0.000400 
440 5.564621 0.000000 -20.151635 96.197179 0.000008 -27.360496 -0.000249 
441 10.697873 0.000000 -15.111679 96.211809 0.000033 -27.306894 -0.000238 
442 15.831124 0.000000 -15.111679 96.213349 0.000040 -27.281278 -0.000128 
443 15.831124 0.000000 -20.151635 96.196133 0.000016 -27.339741 -0.000116 
444 20.964375 0.000000 -15.111679 96.220081 0.000052 -27.246619 -0.000068 
445 -14.968384 0.000000 -15.111679 96.187250 -0.000017 -27.392672 -0.000235 
446 -20.101635 0.000000 -15.111679 96.182714 -0.000014 -27.393705 -0.000153 
447 -14.968384 0.000000 -20.151635 96.185072 -0.000011 -27.390737 -0.000182 
448 2.997996 0.000000 -7.551746 96.319818 0.000448 -27.164822 -0.001543 
449 2.997996 0.000000 -10.071724 96.259950 0.000066 -27.272383 -0.000976 
450 5.564621 0.000000 -7.551746 96.311168 0.000447 -27.080959 -0.000922 
451 8.131247 0.000000 -7.551746 96.313313 0.000251 -26.995905 -0.000503 
452 8.131247 0.000000 -10.071724 96.254507 0.000103 -27.195844 -0.000454 
453 10.697873 0.000000 -7.551746 96.332209 0.000318 -26.887090 -0.000281 
454 -7.268507 0.000000 -7.551746 96.222162 -0.000051 -27.396252 -0.000926 
455 -9.835133 0.000000 -7.551746 96.204390 -0.000045 -27.400158 -0.000605 
456 -7.268507 0.000000 -10.071724 96.213738 -0.000034 -27.388420 -0.000721 
457 1.714683 0.000000 -3.771779 96.685337 0.003092 -26.652192 -0.005839 
458 1.714683 0.000000 -5.031768 96.483853 0.004724 -26.972122 -0.003663 
459 2.997996 0.000000 -3.771779 96.621044 0.001235 -26.426433 -0.003398 
460 4.281308 0.000000 -3.771779 96.599302 0.001046 -26.224498 -0.001915 
461 4.281308 0.000000 -5.031768 96.450452 0.003616 -26.732514 -0.001732 
462 5.564621 0.000000 -3.771779 96.619130 0.003845 -26.000304 -0.001127 
463 -3.418569 0.000000 -3.771779 96.353746 0.000241 -27.413770 -0.003556 
464 -4.701881 0.000000 -3.771779 96.287044 0.000145 -27.427238 -0.002345 
465 -3.418569 0.000000 -5.031768 96.323098 0.000183 -27.381987 -0.002791 
466 1.073026 0.000000 -1.881795 97.605233 -0.001816 -25.528350 -0.017848 
467 1.073026 0.000000 -2.511790 97.173288 0.004032 -26.183794 -0.012824 
468 1.714683 0.000000 -1.881795 97.328260 0.004519 -25.147380 -0.010518 
469 2.356339 0.000000 -1.881795 97.187338 0.005491 -24.866686 -0.006373 
470 2.356339 0.000000 -2.511790 96.986373 0.010175 -25.649337 -0.006425 
471 2.997996 0.000000 -1.881795 97.118291 0.010243 -24.640717 -0.003913 
472 -1.493599 0.000000 -1.881795 96.835134 0.004877 -27.522494 -0.013453 
473 -2.135256 0.000000 -1.881795 96.603044 0.008772 -27.568055 -0.009215 
474 -1.493599 0.000000 -2.511790 96.739260 0.012622 -27.396801 -0.010907 
475 0.752198 0.000000 -0.936804 99.245789 0.063792 -23.540018 -0.040386 
476 0.752198 0.000000 -1.251801 98.639318 0.024776 -24.685926 -0.033911 
477 1.073026 0.000000 -0.936804 98.467712 0.013500 -23.236606 -0.023583 
478 1.393855 0.000000 -0.936804 98.030896 0.021904 -23.106751 -0.014398 
479 1.393855 0.000000 -1.251801 97.911641 0.010364 -24.017386 -0.016352 
480 1.714683 0.000000 -0.936804 97.716452 0.011548 -23.115784 -0.008284 
481 -0.531115 0.000000 -0.936804 98.248704 0.020640 -27.892114 -0.043078 
482 -0.851943 0.000000 -0.936804 97.629932 0.009464 -28.113656 -0.032198 
483 -0.531115 0.000000 -1.251801 98.020074 0.012886 -27.512977 -0.036490 
484 0.591784 0.000000 -0.464308 100.807246 0.017493 -20.025499 -0.056312 
485 0.591784 0.000000 -0.621806 100.502107 0.051779 -21.872227 -0.057907 
486 0.752198 0.000000 -0.464308 99.554454 0.040325 -20.287890 -0.032269 
487 0.912612 0.000000 -0.464308 98.740869 0.048287 -20.785976 -0.018182 
488 0.912612 0.000000 -0.621806 99.184909 0.025889 -21.528227 -0.030111 
489 1.073026 0.000000 -0.464308 98.354039 0.017921 -21.011305 -0.011499 
490 0.351163 0.000000 -0.228060 105.434122 0.102862 -14.351220 -0.132232 
491 0.351163 0.000000 -0.306809 105.156306 0.111411 -17.358514 -0.135918 
492 0.431370 0.000000 -0.228060 102.901170 0.140195 -14.407671 -0.079625 
493 2.035511 0.000000 -0.936804 97.532000 0.006164 -23.143176 -0.004810 
494 2.035511 0.000000 -1.251801 97.483704 0.004273 -23.823885 -0.007065 
495 2.356339 0.000000 -0.936804 97.422291 0.007714 -23.187976 -0.002878 
496 2.035511 0.000000 0.323185 96.591795 -0.001235 -22.975086 0.014217 
497 2.356339 0.000000 0.323185 96.707268 -0.002513 -23.263441 0.010652 
498 2.035511 0.000000 0.638183 96.255758 0.003444 -23.604041 0.017768 
499 0.391266 0.000000 -0.031187 101.690272 0.229199 1.341812 -0.034276 
500 0.391266 0.000000 -0.070561 101.168251 0.219130 -5.971959 -0.027073 
501 0.391266 0.000000 0.008188 100.265007 0.313464 -3.415247 -0.006483 
502 -0.370701 0.000000 -0.464308 99.639901 0.025972 -29.728209 -0.081188 
503 -0.531115 0.000000 -0.464308 98.522014 0.013211 -29.543143 -0.057938 
504 -0.370701 0.000000 -0.621806 99.531564 0.014818 -28.765107 -0.073396 
505 -0.130079 0.000000 -0.228060 104.176866 0.041919 -33.474969 -0.197339 
506 -0.210286 0.000000 -0.228060 101.807039 0.002423 -33.686275 -0.149944 
507 -0.130079 0.000000 -0.306809 104.335486 0.016397 -31.680596 -0.188955 
508 0.230852 0.000000 -0.109936 112.757266 0.091044 -5.217733 -0.274143 
509 0.230852 0.000000 -0.149310 112.348192 0.103196 -10.546597 -0.273336 
510 0.270956 0.000000 -0.109936 109.078249 0.109608 -5.964952 -0.193366 
511 0.391266 0.000000 0.047563 98.686454 0.304306 -17.567444 -0.004772 
512 0.391266 0.000000 0.086937 98.506704 0.211135 -17.068794 0.000504 
513 0.210801 0.000000 -0.050874 106.407973 -0.182873 16.508236 -0.159521 
514 0.210801 0.000000 -0.070561 113.308805 -0.042190 6.715225 -0.288398 
515 0.230852 0.000000 -0.050874 102.275376 0.017893 3.354554 -0.047151 
516 -0.009769 0.000000 -0.109936 117.260919 0.104548 -38.623812 -0.524193 
517 -0.049872 0.000000 -0.109936 110.521537 0.096682 -40.745720 -0.387523 
518 -0.009769 0.000000 -0.149310 113.877653 0.098571 -34.507517 -0.415890 
519 0.170697 0.000000 -0.011499 109.394001 -0.374770 61.279318 -0.572234 
520 0.170697 0.000000 0.008188 89.729977 0.761278 3.058959 0.193859 
521 0.050386 0.000000 -0.011499 151.756606 0.756431 -4.870013 -1.305436 
522 0.050386 0.000000 -0.031187 145.750924 0.607183 1.287821 -1.124536 
523 0.090490 0.000000 0.027875 69.195051 0.897650 17.118208 0.491821 
524 0.110542 0.000000 0.027875 76.693972 0.885610 13.994148 0.392141 
525 0.090490 0.000000 0.047563 67.506826 0.963361 17.129999 0.514846 
526 -0.089976 0.000000 -0.109936 105.483168 0.101310 -40.318609 -0.275230 
527 -0.130079 0.000000 -0.109936 102.366756 -0.048933 -38.960186 -0.199685 
528 -0.089976 0.000000 -0.149310 106.192215 0.095191 -37.095959 -0.265291 
529 -0.089976 0.000000 0.047563 84.404550 0.098567 -43.481779 0.098520 
530 -0.130079 0.000000 0.047563 88.842813 -0.020301 -40.449705 0.047078 
531 -0.089976 0.000000 0.086937 82.440417 0.095868 -38.479247 0.172292 
532 -0.029821 0.000000 0.027875 65.326378 0.160470 -58.914371 0.226154 
533 -0.049872 0.000000 0.027875 77.305612 0.133607 -53.672323 0.114311 
534 -0.029821 0.000000 0.047563 64.521599 0.147519 -47.026273 0.362547 
535 0.130593 0.000000 0.027875 80.755355 0.837002 12.298152 0.332663 
536 0.150645 0.000000 0.027875 82.810576 0.814576 10.183709 0.303804 
537 0.130593 0.000000 0.047563 81.775165 0.860270 11.239722 0.318575 
538 0.170697 0.000000 0.027875 89.730517 0.644399 3.040177 0.193878 
539 0.190749 0.000000 0.027875 89.730521 0.643544 3.040039 0.193878 
540 0.170697 0.000000 0.047563 85.928511 0.770594 6.960488 0.256725 
541 0.511577 0.000000 -0.228060 101.036234 0.122362 -14.961225 -0.043217 
542 0.511577 0.000000 -0.306809 101.573209 0.082978 -17.191997 -0.061269 
543 0.591784 0.000000 -0.228060 99.320292 0.080417 -16.628839 -0.014105 
544 0.671991 0.000000 -0.228060 98.435988 0.079736 -17.827346 -0.000746 
545 0.671991 0.000000 -0.306809 99.399291 0.081741 -18.266442 -0.021389 
546 0.752198 0.000000 -0.228060 97.966411 0.072044 -18.726954 0.005188 
547 0.311059 0.000000 -0.109936 106.493720 0.126722 -6.828869 -0.138756 
548 0.311059 0.000000 -0.149310 107.319841 0.128178 -9.470286 -0.160725 
549 0.351163 0.000000 -0.109936 104.516781 0.216507 -7.101972 -0.097424 
550 0.391266 0.000000 -0.109936 102.486828 0.194861 -8.218569 -0.057113 
551 0.391266 0.000000 -0.149310 103.285059 0.163334 -10.588221 -0.077994 
552 0.431370 0.000000 -0.109936 100.623858 0.154755 -9.527045 -0.021595 
553 0.210801 0.000000 0.027875 95.705251 0.370347 0.307350 0.084027 
554 0.230852 0.000000 0.027875 99.133270 0.215680 -1.042102 0.017146 
555 0.210801 0.000000 0.047563 92.165503 0.547826 -1.135979 0.150393 
556 0.050386 0.000000 -0.050874 139.339430 0.016346 -23.272927 -0.995711 
557 0.030335 0.000000 -0.050874 142.367624 0.082711 -33.819500 -1.141231 
558 0.050386 0.000000 -0.070561 132.978549 0.049990 -27.940107 -0.846395 
559 0.010283 0.000000 -0.050874 137.276408 0.116981 -46.686784 -1.102448 
560 -0.009769 0.000000 -0.050874 125.683583 0.124803 -54.458722 -0.876213 
561 0.010283 0.000000 -0.070561 128.920631 0.107757 -41.787961 -0.836677 
562 0.471473 0.000000 -0.109936 99.125733 0.115058 -10.667552 0.006028 
563 0.471473 0.000000 -0.149310 100.326404 0.147296 -12.085124 -0.021146 
564 0.511577 0.000000 -0.109936 97.898291 0.152247 -11.987426 0.027220 
565 0.551681 0.000000 -0.109936 97.071637 0.129538 -13.237408 0.040185 
566 0.551681 0.000000 -0.149310 98.417394 0.125105 -14.060351 0.011631 
567 0.591784 0.000000 -0.109936 96.517439 0.112635 -14.957219 0.046065 
568 0.631888 0.000000 -0.109936 96.273609 0.082761 -16.632042 0.045476 
569 0.631888 0.000000 -0.149310 97.319160 0.075685 -16.663054 0.025132 
570 0.671991 0.000000 -0.109936 96.284364 0.067890 -17.617959 0.041892 
571 -0.029821 0.000000 -0.050874 114.676135 0.121339 -55.021351 -0.617798 
572 -0.049872 0.000000 -0.050874 107.474438 0.116145 -52.261462 -0.428203 
573 -0.029821 0.000000 -0.070561 115.292727 0.112842 -48.239929 -0.561952 
1 19 21 3 22 
2 20 19 22 9 
3 28 20 9 30 
4 29 28 30 4 
5 35 37 19 38 
6 36 35 38 20 
7 44 36 20 46 
8 45 44 46 28 
9 51 53 35 54 
10 52 51 54 36 
11 60 52 36 62 
12 61 60 62 44 
13 67 69 51 70 
14 68 67 70 52 
15 76 68 52 78 
16 77 76 78 60 
17 83 85 67 86 
18 84 83 86 68 
19 92 84 68 94 
20 93 92 94 76 
21 99 101 83 102 
22 100 99 102 84 
23 108 100 84 110 
24 109 108 110 92 
25 115 117 99 118 
26 116 115 118 100 
27 10 125 124 26 
28 125 13 126 124 
29 124 126 8 127 
30 26 124 127 14 
31 23 129 128 42 
32 129 26 130 128 
33 128 130 14 131 
34 42 128 131 27 
35 39 133 132 58 
36 133 42 134 132 
37 132 134 27 135 
38 58 132 135 43 
39 137 58 138 136 
40 136 138 43 139 
41 71 141 140 90 
42 141 74 142 140 
43 140 142 59 143 
44 90 140 143 75 
45 87 145 144 106 
46 145 90 146 144 
47 144 146 75 147 
48 106 144 147 91 
49 149 106 150 148 
50 148 150 91 151 
51 152 116 100 154 
52 153 152 154 108 
53 155 157 115 158 
54 156 155 158 116 
55 119 161 159 160 
56 161 122 162 159 
57 14 127 164 37 
58 127 8 165 164 
59 164 165 21 166 
60 37 164 166 19 
61 27 131 167 53 
62 131 14 168 167 
63 167 168 37 169 
64 53 167 169 35 
65 43 135 170 69 
66 135 27 171 170 
67 170 171 53 172 
68 69 170 172 51 
69 139 43 174 173 
70 173 174 69 175 
71 85 173 175 67 
72 75 143 176 101 
73 143 59 177 176 
74 176 177 85 178 
75 101 176 178 83 
76 91 147 179 117 
77 147 75 180 179 
78 179 180 101 181 
79 117 179 181 99 
80 151 91 183 182 
81 182 183 117 184 
82 157 182 184 115 
83 122 186 185 162 
84 186 148 187 185 
85 185 187 151 188 
86 162 185 188 107 
87 189 191 157 192 
88 190 189 192 155 
89 159 195 193 194 
90 195 162 196 193 
91 193 196 107 197 
92 120 204 202 203 
93 204 119 160 202 
94 202 160 123 205 
95 203 202 205 5 
96 160 208 206 207 
97 208 159 194 206 
98 206 194 163 209 
99 207 206 209 123 
100 107 188 210 191 
101 188 151 211 210 
102 210 211 182 212 
103 191 210 212 157 
104 163 197 213 214 
105 197 107 215 213 
106 213 215 191 216 
107 214 213 216 189 
108 194 219 217 218 
109 219 193 220 217 
110 217 220 197 221 
111 218 217 221 163 
112 16 224 222 223 
113 224 15 32 222 
114 222 32 18 225 
115 223 222 225 6 
116 32 228 226 227 
117 228 31 48 226 
118 226 48 34 229 
119 227 226 229 18 
120 48 232 230 231 
121 232 47 64 230 
122 230 64 50 233 
123 231 230 233 34 
124 64 236 234 235 
125 236 63 80 234 
126 234 80 66 237 
127 235 234 237 50 
128 80 240 238 239 
129 239 238 241 66 
130 250 156 116 252 
131 251 250 252 152 
132 199 255 253 254 
133 255 198 256 253 
134 253 256 201 257 
135 254 253 257 114 
136 6 225 258 259 
137 225 18 45 258 
138 258 45 28 260 
139 259 258 260 29 
140 18 229 261 262 
141 229 34 61 261 
142 261 61 44 263 
143 262 261 263 45 
144 34 233 264 265 
145 233 50 77 264 
146 264 77 60 266 
147 265 264 266 61 
148 50 237 267 268 
149 237 66 93 267 
150 267 93 76 269 
151 268 267 269 77 
152 66 241 270 271 
153 270 109 92 272 
154 271 270 272 93 
155 273 153 108 275 
156 274 273 275 109 
157 276 251 152 278 
158 277 276 278 153 
159 281 199 254 279 
160 279 254 114 282 
161 282 114 293 291 
162 291 293 251 294 
163 292 291 294 276 
164 280 297 295 296 
165 297 279 298 295 
166 295 298 282 299 
167 296 295 299 249 
168 300 277 153 302 
169 301 300 302 273 
170 307 309 277 310 
171 308 307 310 300 
172 303 313 311 312 
173 313 288 314 311 
174 311 314 98 315 
175 312 311 315 306 
176 238 318 316 317 
177 318 96 243 316 
178 316 243 82 319 
179 317 316 319 241 
180 243 322 320 321 
181 321 320 323 82 
182 241 319 328 329 
183 319 82 274 328 
184 328 274 109 330 
185 329 328 330 270 
186 82 323 331 332 
187 331 301 273 333 
188 332 331 333 274 
189 334 308 300 336 
190 335 334 336 301 
191 324 339 337 338 
192 339 304 340 337 
193 337 340 286 341 
194 320 344 342 343 
195 344 284 325 342 
196 342 325 245 345 
197 343 342 345 323 
198 325 348 346 347 
199 348 324 338 346 
200 346 338 327 349 
201 347 346 349 245 
202 327 341 350 351 
203 341 286 352 350 
204 350 352 308 353 
205 351 350 353 334 
206 338 356 354 355 
207 356 337 357 354 
208 354 357 341 358 
209 355 354 358 327 
210 286 360 359 352 
211 360 306 361 359 
212 359 361 307 362 
213 352 359 362 308 
214 114 257 363 293 
215 257 201 364 363 
216 363 364 250 365 
217 293 363 365 251 
218 5 205 366 367 
219 205 123 190 366 
220 366 190 155 368 
221 367 366 368 156 
222 123 209 369 370 
223 209 163 214 369 
224 369 214 189 371 
225 370 369 371 190 
226 17 374 372 373 
227 374 7 375 372 
228 372 375 11 33 
229 373 372 33 15 
230 33 378 376 377 
231 378 11 379 376 
232 376 379 24 49 
233 377 376 49 31 
234 49 382 380 381 
235 382 24 383 380 
236 380 383 40 65 
237 381 380 65 47 
238 65 386 384 385 
239 386 40 387 384 
240 384 387 56 81 
241 385 384 81 63 
242 81 390 388 389 
243 390 56 391 388 
244 388 391 72 97 
245 389 388 97 79 
246 97 394 392 393 
247 394 72 395 392 
248 392 395 88 113 
249 393 392 113 95 
250 95 398 396 397 
251 398 113 399 396 
252 396 399 111 248 
253 397 396 248 112 
254 112 402 400 401 
255 402 248 403 400 
256 400 403 246 289 
257 401 400 289 247 
258 247 406 404 405 
259 406 289 407 404 
260 404 407 287 408 
261 79 411 409 410 
262 411 97 393 409 
263 409 393 95 244 
264 410 409 244 96 
265 244 414 412 413 
266 414 95 397 412 
267 412 397 112 285 
268 413 412 285 242 
269 285 417 415 416 
270 417 112 401 415 
271 415 401 247 305 
272 416 415 305 283 
273 305 420 418 419 
274 420 247 405 418 
275 418 405 288 313 
276 419 418 313 303 
277 421 292 276 422 
278 309 421 422 277 
279 288 408 423 314 
280 408 287 424 423 
281 423 424 290 425 
282 314 423 425 98 
283 405 428 426 427 
284 428 404 429 426 
285 426 429 408 430 
286 427 426 430 288 
287 289 432 431 407 
288 432 246 433 431 
289 431 433 280 434 
290 407 431 434 287 
291 74 436 435 142 
292 436 136 437 435 
293 435 437 139 438 
294 142 435 438 59 
295 7 440 439 375 
296 440 12 441 439 
297 439 441 10 25 
298 375 439 25 11 
299 12 443 442 441 
300 443 2 444 442 
301 442 444 13 125 
302 441 442 125 10 
303 1 447 445 446 
304 447 17 373 445 
305 445 373 15 224 
306 446 445 224 16 
307 11 449 448 379 
308 449 25 450 448 
309 448 450 23 41 
310 379 448 41 24 
311 25 452 451 450 
312 452 10 453 451 
313 451 453 26 129 
314 450 451 129 23 
315 15 456 454 455 
316 456 33 377 454 
317 454 377 31 228 
318 455 454 228 32 
319 24 458 457 383 
320 458 41 459 457 
321 457 459 39 57 
322 383 457 57 40 
323 41 461 460 459 
324 461 23 462 460 
325 460 462 42 133 
326 459 460 133 39 
327 31 465 463 464 
328 465 49 381 463 
329 463 381 47 232 
330 464 463 232 48 
331 40 467 466 387 
332 467 57 468 466 
333 466 468 55 73 
334 387 466 73 56 
335 57 470 469 468 
336 470 39 471 469 
337 469 471 58 137 
338 468 469 137 55 
339 47 474 472 473 
340 474 65 385 472 
341 472 385 63 236 
342 473 472 236 64 
343 56 476 475 391 
344 476 73 477 475 
345 475 477 71 89 
346 391 475 89 72 
347 73 479 478 477 
348 479 55 480 478 
349 478 480 74 141 
350 477 478 141 71 
351 63 483 481 482 
352 483 81 389 481 
353 481 389 79 240 
354 482 481 240 80 
355 72 485 484 395 
356 485 89 486 484 
357 484 486 87 105 
358 395 484 105 88 
359 89 488 487 486 
360 488 71 489 487 
361 487 489 90 145 
362 486 487 145 87 
363 113 491 490 399 
364 491 88 492 490 
365 490 492 104 200 
366 399 490 200 111 
367 55 494 493 480 
368 494 137 495 493 
369 493 495 136 436 
370 480 493 436 74 
371 59 438 496 177 
372 438 139 497 496 
373 496 497 173 498 
374 177 496 498 85 
375 198 500 499 256 
376 500 120 203 499 
377 499 203 5 501 
378 256 499 501 201 
379 240 504 502 503 
380 504 79 410 502 
381 502 410 96 318 
382 503 502 318 238 
383 96 507 505 506 
384 507 244 413 505 
385 505 413 242 322 
386 506 505 322 243 
387 248 509 508 403 
388 509 111 510 508 
389 508 510 199 281 
390 403 508 281 246 
391 201 501 511 364 
392 501 5 367 511 
393 511 367 156 512 
394 364 511 512 250 
395 246 514 513 433 
396 514 281 515 513 
397 513 515 279 297 
398 433 513 297 280 
399 242 518 516 517 
400 518 285 416 516 
401 516 416 283 326 
402 517 516 326 284 
403 287 434 519 424 
404 434 280 296 519 
405 519 296 249 520 
406 424 519 520 290 
407 304 522 521 340 
408 522 303 312 521 
409 521 312 306 360 
410 340 521 360 286 
411 306 315 523 361 
412 315 98 524 523 
413 523 524 309 525 
414 361 523 525 307 
415 322 528 526 527 
416 528 242 517 526 
417 526 517 284 344 
418 527 526 344 320 
419 323 345 529 530 
420 345 245 335 529 
421 529 335 301 531 
422 530 529 531 331 
423 245 349 532 533 
424 349 327 351 532 
425 532 351 334 534 
426 533 532 534 335 
427 98 425 535 524 
428 425 290 536 535 
429 535 536 421 537 
430 524 535 537 309 
431 290 520 538 536 
432 520 249 539 538 
433 538 539 292 540 
434 536 538 540 421 
435 88 542 541 492 
436 542 105 543 541 
437 541 543 103 121 
438 492 541 121 104 
439 105 545 544 543 
440 545 87 546 544 
441 544 546 106 149 
442 543 544 149 103 
443 111 548 547 510 
444 548 200 549 547 
445 547 549 198 255 
446 510 547 255 199 
447 200 551 550 549 
448 551 104 552 550 
449 550 552 120 500 
450 549 550 500 198 
451 249 299 553 539 
452 299 282 554 553 
453 553 554 291 555 
454 539 553 555 292 
455 283 558 556 557 
456 558 305 419 556 
457 556 419 303 522 
458 557 556 522 304 
459 326 561 559 560 
460 561 283 557 559 
461 559 557 304 339 
462 560 559 339 324 
463 104 563 562 552 
464 563 121 564 562 
465 562 564 119 204 
466 552 562 204 120 
467 121 566 565 564 
468 566 103 567 565 
469 565 567 122 161 
470 564 565 161 119 
471 103 569 568 567 
472 569 149 570 568 
473 568 570 148 186 
474 567 568 186 122 
475 284 573 571 572 
476 573 326 560 571 
477 571 560 324 348 
478 572 571 348 325 
