2 0.000000 100.000000 5791.461216
573 478 
1 -20.101635 0.000000 -20.151635 95.676901 -0.000010 -29.109344 -0.000142 
2 20.964375 0.000000 -20.151635 95.695255 0.000007 -29.037239 -0.000074 
3 20.964375 0.000000 20.168012 95.668495 0.000010 -29.087904 0.000143 
4 -20.101635 0.000000 20.168012 95.665134 -0.000006 -29.110397 0.000077 
5 0.431370 0.000000 0.008188 99.025992 0.453708 -4.630757 0.017220 
6 -20.101635 0.000000 0.008188 95.671843 -0.000022 -29.116963 -0.000090 
7 0.431370 0.000000 -20.151635 95.692701 -0.000003 -29.086861 -0.000314 
8 20.964375 0.000000 0.008188 95.772052 -0.000083 -28.755664 0.000083 
9 0.431370 0.000000 20.168012 95.656777 0.000009 -29.096297 0.000319 
10 10.697873 0.000000 -10.071724 95.765518 0.000054 -28.842900 -0.000295 
11 0.431370 0.000000 -10.071724 95.759500 0.000014 -29.024506 -0.001230 
12 10.697873 0.000000 -20.151635 95.693308 0.000006 -29.063016 -0.000187 
13 20.964375 0.000000 -10.071724 95.890643 0.000138 -28.388983 -0.000095 
14 10.697873 0.000000 0.008188 96.002128 -0.000560 -27.948121 0.000249 
15 -9.835133 0.000000 -10.071724 95.698369 -0.000036 -29.111294 -0.000565 
16 -20.101635 0.000000 -10.071724 95.677381 -0.000018 -29.113269 -0.000174 
17 -9.835133 0.000000 -20.151635 95.684515 -0.000012 -29.104142 -0.000258 
18 -9.835133 0.000000 0.008188 95.677711 -0.000075 -29.141557 -0.000345 
19 10.697873 0.000000 10.088100 95.664981 0.000040 -29.025802 0.000571 
20 0.431370 0.000000 10.088100 95.618554 0.000049 -29.059021 0.001267 
21 20.964375 0.000000 10.088100 95.677884 0.000014 -29.051249 0.000177 
22 10.697873 0.000000 20.168012 95.662565 0.000014 -29.087387 0.000260 
23 5.564621 0.000000 -5.031768 95.987135 0.000600 -28.248931 -0.001153 
24 0.431370 0.000000 -5.031768 96.002216 0.004463 -28.807815 -0.004632 
25 5.564621 0.000000 -10.071724 95.760505 0.000050 -28.935019 -0.000731 
26 10.697873 0.000000 -5.031768 96.220555 0.000621 -27.321904 -0.000488 
27 5.564621 0.000000 0.008188 96.408904 -0.002201 -26.405206 0.000809 
28 -9.835133 0.000000 10.088100 95.651464 -0.000017 -29.115152 0.000311 
29 -20.101635 0.000000 10.088100 95.665719 -0.000013 -29.114082 0.000044 
30 -9.835133 0.000000 20.168012 95.660091 -0.000002 -29.107177 0.000192 
31 -4.701881 0.000000 -5.031768 95.780954 0.000647 -29.120349 -0.002199 
32 -9.835133 0.000000 -5.031768 95.700010 -0.000062 -29.127006 -0.000687 
33 -4.701881 0.000000 -10.071724 95.728196 -0.000032 -29.091047 -0.001018 
34 -4.701881 0.000000 0.008188 95.695788 0.000221 -29.238704 -0.001259 
35 5.564621 0.000000 5.048144 95.648905 0.000002 -28.790209 0.002241 
36 0.431370 0.000000 5.048144 95.472254 0.000596 -28.918164 0.004879 
37 10.697873 0.000000 5.048144 95.701042 0.000042 -28.883875 0.000703 
38 5.564621 0.000000 10.088100 95.641475 0.000061 -29.023933 0.001032 
39 2.997996 0.000000 -2.511790 96.494230 0.001947 -27.022025 -0.004133 
40 0.431370 0.000000 -2.511790 96.783457 0.006982 -28.213894 -0.016306 
41 2.997996 0.000000 -5.031768 95.992769 0.004759 -28.511877 -0.002754 
42 5.564621 0.000000 -2.511790 96.630071 0.001295 -26.029291 -0.001489 
43 2.997996 0.000000 0.008188 96.677574 -0.003139 -24.673536 0.004466 
44 -4.701881 0.000000 5.048144 95.596485 -0.000021 -29.132901 0.001259 
45 -9.835133 0.000000 5.048144 95.653536 -0.000044 -29.129835 0.000185 
46 -4.701881 0.000000 10.088100 95.631412 0.000002 -29.102120 0.000770 
47 -2.135256 0.000000 -2.511790 96.090192 0.004364 -29.177297 -0.008464 
48 -4.701881 0.000000 -2.511790 95.785037 0.000181 -29.182865 -0.002641 
49 -2.135256 0.000000 -5.031768 95.892564 0.000274 -29.045801 -0.003904 
50 -2.135256 0.000000 0.008188 95.730761 0.001395 -29.645959 -0.004326 
51 2.997996 0.000000 2.528166 95.555897 0.000742 -28.023426 0.008376 
52 0.431370 0.000000 2.528166 94.932748 -0.002478 -28.456167 0.017802 
53 5.564621 0.000000 2.528166 95.768754 -0.004343 -28.303372 0.002726 
54 2.997996 0.000000 5.048144 95.559118 0.000189 -28.785299 0.003986 
55 1.714683 0.000000 -1.251801 97.303842 0.000659 -25.312623 -0.010877 
56 0.431370 0.000000 -1.251801 98.629710 0.016252 -26.941660 -0.045367 
57 1.714683 0.000000 -2.511790 96.654706 0.002772 -27.473236 -0.009691 
58 2.997996 0.000000 -1.251801 97.001771 0.002749 -24.879470 -0.002833 
59 1.714683 0.000000 0.008188 96.456118 0.011083 -23.289890 0.015380 
60 -2.135256 0.000000 2.528166 95.371044 -0.001660 -29.205949 0.005138 
61 -4.701881 0.000000 2.528166 95.602758 0.000257 -29.190750 0.000801 
62 -2.135256 0.000000 5.048144 95.518938 0.000411 -29.081130 0.003042 
63 -0.851943 0.000000 -1.251801 97.138733 0.003104 -29.475710 -0.030475 
64 -2.135256 0.000000 -1.251801 96.098151 0.003248 -29.438855 -0.010150 
65 -0.851943 0.000000 -2.511790 96.483394 0.001761 -28.933737 -0.014621 
66 -0.851943 0.000000 0.008188 95.654756 -0.001096 -31.164049 -0.012103 
67 1.714683 0.000000 1.268177 95.131719 0.010931 -26.348367 0.025572 
68 0.431370 0.000000 1.268177 93.673938 0.008305 -27.326235 0.047847 
69 2.997996 0.000000 1.268177 95.811668 0.000303 -26.845699 0.009943 
70 1.714683 0.000000 2.528166 95.226537 0.001031 -28.026007 0.014645 
71 1.073026 0.000000 -0.621806 98.395934 0.033557 -22.842235 -0.020353 
72 0.431370 0.000000 -0.621806 101.636430 0.039390 -23.792740 -0.089606 
73 1.073026 0.000000 -1.251801 97.931251 0.018573 -25.712282 -0.025165 
74 1.714683 0.000000 -0.621806 97.307871 0.006787 -23.651311 -0.002821 
75 1.073026 0.000000 0.008188 95.806576 0.057246 -22.084079 0.033339 
76 -0.851943 0.000000 1.268177 94.493267 0.001780 -29.462144 0.020300 
77 -2.135256 0.000000 1.268177 95.372661 -0.000307 -29.445115 0.003704 
78 -0.851943 0.000000 2.528166 95.074142 -0.002284 -29.008936 0.011939 
79 -0.210286 0.000000 -0.621806 100.507984 0.034262 -30.088679 -0.100718 
80 -0.851943 0.000000 -0.621806 97.046165 0.011261 -30.318965 -0.033720 
81 -0.210286 0.000000 -1.251801 98.270638 0.005984 -28.713987 -0.048161 
82 -0.210286 0.000000 0.008188 93.810324 -0.005674 -39.787183 -0.038340 
83 1.073026 0.000000 0.638183 94.105522 0.006809 -23.845443 0.057555 
84 0.431370 0.000000 0.638183 91.603606 0.018752 -24.715517 0.099792 
85 1.714683 0.000000 0.638183 95.491781 0.005545 -24.678092 0.027231 
86 1.073026 0.000000 1.268177 94.322028 0.000074 -26.414172 0.040565 
87 0.752198 0.000000 -0.306809 98.549492 0.058671 -19.988646 -0.011155 
88 0.431370 0.000000 -0.306809 103.683513 0.113880 -17.682133 -0.106294 
89 0.752198 0.000000 -0.621806 99.427666 0.030649 -22.947747 -0.041246 
90 1.073026 0.000000 -0.306809 97.381379 0.013413 -22.060670 0.003019 
91 0.752198 0.000000 0.008188 94.583469 0.148098 -20.034131 0.065258 
92 -0.210286 0.000000 0.638183 91.490607 0.013499 -29.541915 0.075674 
93 -0.851943 0.000000 0.638183 94.483729 -0.006183 -30.173947 0.016236 
94 -0.210286 0.000000 1.268177 93.733321 -0.007069 -28.733182 0.038847 
95 0.110542 0.000000 -0.306809 109.586173 0.032154 -25.709223 -0.267009 
96 -0.210286 0.000000 -0.306809 102.047349 -0.014016 -33.901468 -0.156297 
97 0.110542 0.000000 -0.621806 102.411584 0.035201 -27.222047 -0.122917 
98 0.110542 0.000000 0.008188 20.660175 -8.696436 -1.483614 0.949533 
99 0.752198 0.000000 0.323185 93.258449 0.025186 -21.583686 0.083701 
100 0.431370 0.000000 0.323185 90.097593 0.086818 -20.328698 0.146916 
101 1.073026 0.000000 0.323185 94.757180 0.023577 -22.403603 0.051915 
102 0.752198 0.000000 0.638183 93.027491 0.026671 -23.984844 0.077061 
103 0.591784 0.000000 -0.149310 97.653946 0.104170 -16.081719 0.020507 
104 0.431370 0.000000 -0.149310 101.945363 0.129907 -11.729484 -0.053045 
105 0.591784 0.000000 -0.306809 100.167488 0.084164 -18.744151 -0.038488 
106 0.752198 0.000000 -0.149310 96.765495 0.054789 -19.445929 0.025829 
107 0.591784 0.000000 0.008188 73.274736 1.585467 -12.885059 0.446227 
108 0.110542 0.000000 0.323185 84.728468 0.066288 -23.887816 0.225045 
109 -0.210286 0.000000 0.323185 89.290913 0.018856 -32.046939 0.100013 
110 0.110542 0.000000 0.638183 90.583650 0.015082 -26.958684 0.106783 
111 0.270956 0.000000 -0.149310 109.966377 0.108560 -10.756560 -0.220832 
112 0.110542 0.000000 -0.149310 120.563695 0.105485 -22.199435 -0.502843 
113 0.270956 0.000000 -0.306809 107.291883 0.064443 -19.875172 -0.190657 
114 0.270956 0.000000 0.008188 102.608051 0.139955 1.827453 -0.053177 
115 0.591784 0.000000 0.165687 92.673450 0.117600 -20.105484 0.100739 
116 0.431370 0.000000 0.165687 92.156241 0.196848 -17.940608 0.118532 
117 0.752198 0.000000 0.165687 93.653072 0.073848 -20.285518 0.081759 
118 0.591784 0.000000 0.323185 92.059301 0.081551 -21.126812 0.107874 
119 0.511577 0.000000 -0.070561 96.180101 0.145009 -11.251350 0.062277 
120 0.431370 0.000000 -0.070561 99.445463 0.174690 -8.043786 0.004587 
121 0.511577 0.000000 -0.149310 99.138421 0.149938 -14.052888 -0.002593 
122 0.591784 0.000000 -0.070561 94.697553 0.103159 -15.215795 0.080084 
123 0.511577 0.000000 0.008188 94.382001 1.352999 -13.077259 0.091919 
124 15.831124 0.000000 -5.031768 96.908209 -0.000325 -25.038555 -0.001813 
125 15.831124 0.000000 -10.071724 95.800977 0.000068 -28.695188 -0.000124 
126 20.964375 0.000000 -5.031768 96.627187 -0.004070 -25.958288 -0.001065 
127 15.831124 0.000000 0.008188 95.841861 -0.000188 -28.513109 0.000134 
128 8.131247 0.000000 -2.511790 96.966573 -0.004148 -24.841154 -0.001960 
129 8.131247 0.000000 -5.031768 96.058861 0.000390 -27.896024 -0.000549 
130 10.697873 0.000000 -2.511790 96.956770 -0.006134 -24.862258 -0.001875 
131 8.131247 0.000000 0.008188 96.160056 -0.000298 -27.374811 0.000386 
132 4.281308 0.000000 -1.251801 96.972338 -0.006098 -24.769515 -0.001716 
133 4.281308 0.000000 -2.511790 96.506150 0.001530 -26.582171 -0.002005 
134 5.564621 0.000000 -1.251801 96.865795 0.016335 -25.099896 -0.001299 
135 4.281308 0.000000 0.008188 96.561810 -0.002901 -25.668652 0.001694 
136 2.356339 0.000000 -0.621806 96.975256 -0.008124 -24.369028 0.000195 
137 2.356339 0.000000 -1.251801 97.034072 0.004013 -25.138066 -0.004753 
138 2.997996 0.000000 -0.621806 96.568986 0.225125 -25.707228 0.001352 
139 2.356339 0.000000 0.008188 96.647638 0.000023 -24.069901 0.007987 
140 1.393855 0.000000 -0.306809 96.927022 0.004088 -23.329987 0.006086 
141 1.393855 0.000000 -0.621806 97.608830 0.015354 -23.365367 -0.007342 
142 1.714683 0.000000 -0.306809 96.618206 0.013245 -24.617903 0.005888 
143 1.393855 0.000000 0.008188 96.221825 0.027438 -22.780152 0.022242 
144 0.912612 0.000000 -0.149310 96.530274 0.018354 -21.512628 0.021911 
145 0.912612 0.000000 -0.306809 97.770669 0.045945 -21.236557 -0.001010 
146 1.073026 0.000000 -0.149310 96.436180 -0.043523 -22.761294 0.018198 
147 0.912612 0.000000 0.008188 95.383795 0.100937 -21.496160 0.043984 
148 0.671991 0.000000 -0.070561 95.113075 0.060712 -18.661796 0.060524 
149 0.671991 0.000000 -0.149310 96.959353 0.067573 -18.205483 0.026744 
150 0.752198 0.000000 -0.070561 95.549573 0.030305 -19.838972 0.047669 
151 0.671991 0.000000 0.008188 93.648016 0.103929 -19.566683 0.084718 
152 0.270956 0.000000 0.165687 89.051990 0.140063 -14.117314 0.187042 
153 0.110542 0.000000 0.165687 78.579197 0.142929 -15.603319 0.358183 
154 0.270956 0.000000 0.323185 87.742014 0.117154 -20.726106 0.187175 
155 0.511577 0.000000 0.086937 93.675025 0.223997 -20.215331 0.081628 
156 0.431370 0.000000 0.086937 97.456044 0.465156 -21.102547 0.005679 
157 0.591784 0.000000 0.086937 92.572941 0.161838 -20.029738 0.102903 
158 0.511577 0.000000 0.165687 92.219523 0.150983 -18.784577 0.114268 
159 0.551681 0.000000 -0.031187 92.603128 0.122743 -11.972900 0.128130 
160 0.511577 0.000000 -0.031187 93.939506 0.112569 -10.277404 0.106973 
161 0.551681 0.000000 -0.070561 95.135282 0.119629 -12.967303 0.078111 
162 0.591784 0.000000 -0.031187 92.187921 0.127505 -15.609156 0.125773 
163 0.551681 0.000000 0.008188 84.607915 2.604240 -17.864811 0.251557 
164 15.831124 0.000000 5.048144 95.702291 0.000013 -28.950199 0.000296 
165 20.964375 0.000000 5.048144 95.697147 0.000004 -28.991551 0.000155 
166 15.831124 0.000000 10.088100 95.674851 0.000023 -29.038940 0.000306 
167 8.131247 0.000000 2.528166 95.785532 -0.000335 -28.522405 0.001160 
168 10.697873 0.000000 2.528166 95.771641 -0.000031 -28.665554 0.000608 
169 8.131247 0.000000 5.048144 95.688322 -0.000541 -28.837485 0.001214 
170 4.281308 0.000000 1.268177 95.961330 -0.000698 -27.333746 0.004429 
171 5.564621 0.000000 1.268177 95.971207 -0.000283 -27.697052 0.002240 
172 4.281308 0.000000 2.528166 95.714160 0.000397 -28.163388 0.004562 
173 2.356339 0.000000 0.638183 95.986262 0.003946 -25.369079 0.014305 
174 2.997996 0.000000 0.638183 96.159897 -0.000756 -25.879359 0.008353 
175 2.356339 0.000000 1.268177 95.605412 0.002960 -26.606642 0.015169 
176 1.393855 0.000000 0.323185 95.515110 0.007440 -23.100812 0.034322 
177 1.714683 0.000000 0.323185 95.938936 0.003797 -23.759542 0.023120 
178 1.393855 0.000000 0.638183 95.008576 0.014689 -24.315129 0.038214 
179 0.912612 0.000000 0.165687 94.668428 0.058962 -21.359470 0.058166 
180 1.073026 0.000000 0.165687 95.255032 0.029325 -21.865773 0.044837 
181 0.912612 0.000000 0.323185 94.188168 0.030723 -22.120665 0.063926 
182 0.671991 0.000000 0.086937 93.276298 0.109112 -19.936865 0.090204 
183 0.752198 0.000000 0.086937 94.023132 0.095526 -20.010812 0.075921 
184 0.671991 0.000000 0.165687 93.124426 0.097164 -20.293595 0.091600 
185 0.631888 0.000000 -0.031187 93.491989 0.113630 -17.926030 0.093789 
186 0.631888 0.000000 -0.070561 94.826340 0.073076 -17.392426 0.070546 
187 0.671991 0.000000 -0.031187 94.264777 0.091515 -19.017123 0.075249 
188 0.631888 0.000000 0.008188 92.621286 0.131047 -19.087966 0.105693 
189 0.551681 0.000000 0.047563 92.655615 0.269765 -21.221251 0.096452 
190 0.511577 0.000000 0.047563 95.273029 1.153544 -26.571377 0.021568 
191 0.591784 0.000000 0.047563 91.850267 0.197418 -20.149219 0.115750 
192 0.551681 0.000000 0.086937 92.803525 0.199279 -19.866205 0.099280 
193 0.571732 0.000000 -0.011499 77.104367 2.015110 -13.309030 0.387373 
194 0.551681 0.000000 -0.011499 82.622401 2.362498 -11.897984 0.302640 
195 0.571732 0.000000 -0.031187 91.906706 0.129794 -13.782716 0.136318 
196 0.591784 0.000000 -0.011499 90.545565 0.155199 -16.525083 0.152840 
197 0.571732 0.000000 0.008188 75.486262 1.844845 -13.558180 0.411460 
198 0.351163 0.000000 -0.070561 103.656926 0.241730 -4.737330 -0.076726 
199 0.270956 0.000000 -0.070561 107.778332 0.106363 -1.935187 -0.161993 
200 0.351163 0.000000 -0.149310 105.654655 0.181354 -10.356555 -0.127020 
201 0.351163 0.000000 0.008188 101.606360 0.211510 -1.751660 -0.032697 
202 0.471473 0.000000 -0.031187 97.326064 0.658752 -1.402541 0.052524 
203 0.431370 0.000000 -0.031187 99.828433 0.412622 -0.133998 0.003410 
204 0.471473 0.000000 -0.070561 97.675026 0.119414 -9.572267 0.036795 
205 0.471473 0.000000 0.008188 97.124672 0.677822 -8.128613 0.050026 
206 0.531629 0.000000 -0.011499 91.247782 2.054350 -7.847061 0.160805 
207 0.511577 0.000000 -0.011499 94.763512 1.217878 -5.322014 0.099007 
208 0.531629 0.000000 -0.031187 93.307756 0.099279 -11.431853 0.116297 
209 0.531629 0.000000 0.008188 90.319873 2.019271 -16.472096 0.156691 
210 0.631888 0.000000 0.047563 92.668182 0.146762 -19.810649 0.102012 
211 0.671991 0.000000 0.047563 93.378614 0.123346 -19.878754 0.088525 
212 0.631888 0.000000 0.086937 92.872849 0.125900 -20.051506 0.097256 
213 0.571732 0.000000 0.027875 90.743366 0.263043 -21.782512 0.129109 
214 0.551681 0.000000 0.027875 83.487126 2.421866 -25.936983 0.235131 
215 0.591784 0.000000 0.027875 90.981575 0.189704 -20.001740 0.132225 
216 0.571732 0.000000 0.047563 91.937331 0.234195 -20.976027 0.110748 
217 0.561706 0.000000 -0.001656 78.465854 2.046649 -12.862469 0.367348 
218 0.551681 0.000000 -0.001656 84.421776 2.600948 -10.967035 0.274592 
219 0.561706 0.000000 -0.011499 79.689301 2.137030 -11.282206 0.351776 
220 0.571732 0.000000 -0.001656 75.331767 1.812695 -13.037342 0.415187 
221 0.561706 0.000000 0.008188 79.663329 2.181657 -14.485129 0.343918 
222 -14.968384 0.000000 -5.031768 95.681403 -0.000035 -29.119801 -0.000289 
223 -20.101635 0.000000 -5.031768 95.675449 -0.000022 -29.115709 -0.000152 
224 -14.968384 0.000000 -10.071724 95.683860 -0.000026 -29.113950 -0.000302 
225 -14.968384 0.000000 0.008188 95.673447 -0.000037 -29.123347 -0.000158 
226 -7.268507 0.000000 -2.511790 95.714916 0.000407 -29.152958 -0.001124 
227 -9.835133 0.000000 -2.511790 95.692154 -0.000074 -29.136690 -0.000594 
228 -7.268507 0.000000 -5.031768 95.725222 -0.000082 -29.130020 -0.001188 
229 -7.268507 0.000000 0.008188 95.683057 0.000169 -29.166777 -0.000595 
230 -3.418569 0.000000 -1.251801 95.834752 0.000326 -29.287068 -0.004203 
231 -4.701881 0.000000 -1.251801 95.752994 0.000198 -29.220586 -0.002248 
232 -3.418569 0.000000 -2.511790 95.878314 0.000300 -29.197004 -0.004512 
233 -3.418569 0.000000 0.008188 95.709341 0.000364 -29.337710 -0.002098 
234 -1.493599 0.000000 -0.621806 96.269507 -0.000343 -29.944507 -0.016449 
235 -2.135256 0.000000 -0.621806 95.965951 0.004222 -29.595359 -0.008535 
236 -1.493599 0.000000 -1.251801 96.431369 -0.003007 -29.517907 -0.017032 
237 -1.493599 0.000000 0.008188 95.735095 0.000270 -30.146779 -0.007404 
238 -0.531115 0.000000 -0.306809 97.756552 0.006212 -32.262561 -0.059722 
239 -0.851943 0.000000 -0.306809 96.553221 0.007483 -30.895871 -0.027708 
240 -0.531115 0.000000 -0.621806 98.284683 0.010062 -30.679417 -0.060111 
241 -0.531115 0.000000 0.008188 95.435327 0.001277 -32.920354 -0.019165 
242 -0.049872 0.000000 -0.149310 110.331499 0.102828 -38.900099 -0.368627 
243 -0.210286 0.000000 -0.149310 100.346938 0.003662 -37.667134 -0.148832 
244 -0.049872 0.000000 -0.306809 106.306793 0.034009 -31.830406 -0.231431 
245 -0.049872 0.000000 0.008188 84.127218 0.134463 -62.927915 -0.103733 
246 0.190749 0.000000 -0.070561 121.190544 -0.063662 9.320685 -0.477403 
247 0.110542 0.000000 -0.070561 132.176497 -0.090493 -25.373161 -0.811443 
248 0.190749 0.000000 -0.149310 116.347519 0.111920 -13.422290 -0.371692 
249 0.190749 0.000000 0.008188 97.335440 -0.487313 4.376848 0.050642 
250 0.351163 0.000000 0.086937 96.665786 0.228981 -14.420643 0.044772 
251 0.270956 0.000000 0.086937 94.292952 0.311364 -8.242717 0.104080 
252 0.351163 0.000000 0.165687 91.162253 0.235600 -15.812309 0.143936 
253 0.311059 0.000000 -0.031187 103.903418 0.172775 2.714320 -0.080332 
254 0.270956 0.000000 -0.031187 103.764740 0.109908 3.260559 -0.077776 
255 0.311059 0.000000 -0.070561 105.567213 0.134002 -4.045860 -0.116082 
256 0.351163 0.000000 -0.031187 102.904032 0.205261 1.976565 -0.059319 
257 0.311059 0.000000 0.008188 102.185598 0.172142 -0.125908 -0.044194 
258 -14.968384 0.000000 5.048144 95.665025 -0.000029 -29.120814 0.000018 
259 -20.101635 0.000000 5.048144 95.668074 -0.000019 -29.116175 -0.000013 
260 -14.968384 0.000000 10.088100 95.661465 -0.000017 -29.115584 0.000117 
261 -7.268507 0.000000 2.528166 95.649960 0.000090 -29.156193 0.000100 
262 -9.835133 0.000000 2.528166 95.662760 -0.000062 -29.138265 -0.000040 
263 -7.268507 0.000000 5.048144 95.636327 -0.000048 -29.135525 0.000481 
264 -3.418569 0.000000 1.268177 95.583156 0.000431 -29.293347 0.000576 
265 -4.701881 0.000000 1.268177 95.637714 0.000247 -29.224561 -0.000065 
266 -3.418569 0.000000 2.528166 95.534049 0.000436 -29.210905 0.001997 
267 -1.493599 0.000000 0.638183 95.226594 0.001370 -29.923666 0.003647 
268 -2.135256 0.000000 0.638183 95.499763 -0.001661 -29.595337 0.000391 
269 -1.493599 0.000000 1.268177 95.114203 0.001526 -29.487274 0.008379 
270 -0.531115 0.000000 0.323185 93.541760 0.001893 -31.734432 0.024287 
271 -0.851943 0.000000 0.323185 94.840567 -0.008293 -30.762566 0.005893 
272 -0.531115 0.000000 0.638183 93.337564 -0.009533 -30.361110 0.036630 
273 -0.049872 0.000000 0.165687 79.651490 0.083586 -32.326319 0.261064 
274 -0.210286 0.000000 0.165687 89.027514 -0.017799 -35.785352 0.079351 
275 -0.049872 0.000000 0.323185 85.527556 -0.009445 -29.470130 0.181655 
276 0.190749 0.000000 0.086937 88.395393 0.618639 1.670283 0.218308 
277 0.110542 0.000000 0.086937 78.183106 0.832937 11.893729 0.374525 
278 0.190749 0.000000 0.165687 84.741145 0.156782 -12.983391 0.265035 
279 0.230852 0.000000 -0.031187 103.771858 0.096225 3.404809 -0.078020 
280 0.190749 0.000000 -0.031187 84.158441 -0.383633 71.760625 -0.223238 
281 0.230852 0.000000 -0.070561 110.685272 0.027652 2.688819 -0.225846 
282 0.230852 0.000000 0.008188 97.384620 -0.150301 2.849315 0.050809 
283 0.030335 0.000000 -0.070561 134.455801 0.090572 -36.504487 -0.941095 
284 -0.049872 0.000000 -0.070561 110.279593 0.109659 -50.304805 -0.469217 
285 0.030335 0.000000 -0.149310 118.220710 0.101637 -32.512184 -0.503319 
286 0.030335 0.000000 0.008188 84.304716 1.211978 -23.616574 0.233350 
287 0.150645 0.000000 -0.031187 149.922558 -0.339482 -1.010758 -1.247791 
288 0.110542 0.000000 -0.031187 91.097957 -0.405290 -77.481143 -0.430233 
289 0.150645 0.000000 -0.070561 157.900659 -0.347940 -1.122538 -1.493400 
290 0.150645 0.000000 0.008188 15.110076 -8.375409 1.167985 0.970017 
291 0.230852 0.000000 0.047563 91.794178 0.471233 -1.744156 0.157056 
292 0.190749 0.000000 0.047563 88.325745 0.624011 1.778767 0.219501 
293 0.270956 0.000000 0.047563 96.155532 0.285247 -6.276668 0.071464 
294 0.230852 0.000000 0.086937 90.930002 0.474445 -2.346864 0.172600 
295 0.210801 0.000000 -0.011499 60.309163 -0.610234 19.606603 0.597801 
296 0.190749 0.000000 -0.011499 40.057868 -0.574569 46.986811 0.618728 
297 0.210801 0.000000 -0.031187 103.805552 0.098336 3.405959 -0.078720 
298 0.230852 0.000000 -0.011499 97.719467 -0.202940 3.596965 0.043793 
299 0.210801 0.000000 0.008188 92.275892 -0.635501 4.089379 0.146803 
300 0.030335 0.000000 0.086937 58.289242 0.170291 -19.144012 0.623584 
301 -0.049872 0.000000 0.086937 73.778877 0.111187 -40.134115 0.294592 
302 0.030335 0.000000 0.165687 75.643860 0.116042 -23.999438 0.370202 
303 0.070438 0.000000 -0.031187 129.920049 0.132023 6.170479 -0.691731 
304 0.030335 0.000000 -0.031187 162.629105 0.942925 -12.804117 -1.661306 
305 0.070438 0.000000 -0.070561 132.363020 0.012877 -25.255938 -0.815783 
306 0.070438 0.000000 0.008188 123.813014 -0.041391 6.553757 -0.537262 
307 0.070438 0.000000 0.047563 56.804493 0.956971 17.362208 0.647089 
308 0.030335 0.000000 0.047563 31.416123 1.062103 13.454535 0.883087 
309 0.110542 0.000000 0.047563 71.133950 0.900294 14.533938 0.472792 
310 0.070438 0.000000 0.086937 63.655852 0.992744 17.344582 0.564611 
311 0.090490 0.000000 -0.011499 110.128233 -0.464145 7.611071 -0.218637 
312 0.070438 0.000000 -0.011499 131.363103 0.159143 4.813077 -0.727946 
313 0.090490 0.000000 -0.031187 116.049070 -0.261855 7.041022 -0.351703 
314 0.110542 0.000000 -0.011499 50.314665 -0.398258 -58.828759 0.400745 
315 0.090490 0.000000 0.008188 115.506006 -0.277276 7.075105 -0.339177 
316 -0.370701 0.000000 -0.149310 97.656755 -0.017331 -34.849192 -0.075131 
317 -0.531115 0.000000 -0.149310 96.733384 0.006602 -32.816285 -0.043426 
318 -0.370701 0.000000 -0.306809 99.079735 0.008444 -33.087297 -0.091156 
319 -0.370701 0.000000 0.008188 94.982607 0.010592 -35.321023 -0.026927 
320 -0.130079 0.000000 -0.070561 100.048228 -0.054098 -43.641470 -0.191423 
321 -0.210286 0.000000 -0.070561 97.617684 -0.006183 -39.435811 -0.108440 
322 -0.130079 0.000000 -0.149310 103.720852 -0.029821 -39.134399 -0.228952 
323 -0.130079 0.000000 0.008188 91.943696 0.096717 -44.793042 -0.046007 
324 -0.009769 0.000000 -0.031187 130.633589 0.166636 -72.804713 -1.236569 
325 -0.049872 0.000000 -0.031187 103.064319 0.123103 -60.515057 -0.428434 
326 -0.009769 0.000000 -0.070561 123.486675 0.114969 -49.178893 -0.766754 
327 -0.009769 0.000000 0.008188 60.210373 1.756975 -94.777257 -0.261110 
328 -0.370701 0.000000 0.165687 92.740859 -0.001788 -34.027644 0.024125 
329 -0.531115 0.000000 0.165687 94.238199 0.005717 -32.532331 0.006081 
330 -0.370701 0.000000 0.323185 92.162162 0.014945 -32.041080 0.047950 
331 -0.130079 0.000000 0.086937 86.033133 0.001899 -40.187370 0.098328 
332 -0.210286 0.000000 0.086937 90.650219 -0.024127 -37.948267 0.034247 
333 -0.130079 0.000000 0.165687 85.367296 0.020838 -35.354296 0.146250 
334 -0.009769 0.000000 0.047563 48.543716 0.186180 -45.033586 0.561545 
335 -0.049872 0.000000 0.047563 73.101049 0.128332 -50.236474 0.213252 
336 -0.009769 0.000000 0.086937 63.597251 0.140099 -33.458053 0.483593 
337 0.010283 0.000000 -0.011499 131.698354 1.623424 -79.189748 -1.361811 
338 -0.009769 0.000000 -0.011499 109.029017 1.827369 -110.005374 -1.399185 
339 0.010283 0.000000 -0.031187 166.994900 1.450061 -60.187017 -2.151188 
340 0.030335 0.000000 -0.011499 163.565101 1.055614 -22.938067 -1.728081 
341 0.010283 0.000000 0.008188 38.966942 1.580784 -65.470593 0.419268 
342 -0.089976 0.000000 -0.031187 97.707651 0.102123 -50.541262 -0.210121 
343 -0.130079 0.000000 -0.031187 96.319067 0.096849 -44.933742 -0.129641 
344 -0.089976 0.000000 -0.070561 103.252329 0.099354 -46.899290 -0.286060 
345 -0.089976 0.000000 0.008188 89.722020 0.101895 -50.663280 -0.061682 
346 -0.029821 0.000000 -0.011499 98.021926 0.160572 -78.444082 -0.576180 
347 -0.049872 0.000000 -0.011499 94.494609 0.130404 -64.074592 -0.303480 
348 -0.029821 0.000000 -0.031187 111.388887 0.137219 -68.044793 -0.703760 
349 -0.029821 0.000000 0.008188 76.235275 0.175047 -76.956871 -0.173421 
350 0.010283 0.000000 0.027875 -2.915022 1.340697 -19.958058 0.959138 
351 -0.009769 0.000000 0.027875 -16.575788 1.614675 -65.162208 0.547652 
352 0.030335 0.000000 0.027875 21.027397 1.120371 8.046666 0.949184 
353 0.010283 0.000000 0.047563 35.877051 0.278676 -29.113611 0.786516 
354 0.000257 0.000000 -0.001656 77.144612 1.866202 -114.726377 -0.911692 
355 -0.009769 0.000000 -0.001656 67.170403 1.766008 -96.768506 -0.387913 
356 0.000257 0.000000 -0.011499 117.339533 1.701668 -91.352394 -1.211672 
357 0.010283 0.000000 -0.001656 107.668128 1.645733 -80.960174 -0.814968 
358 0.000257 0.000000 0.008188 13.743950 1.706291 -84.746469 0.262623 
359 0.050386 0.000000 0.027875 43.800733 1.024365 16.009693 0.782414 
360 0.050386 0.000000 0.008188 147.928684 0.602914 1.339557 -1.188505 
361 0.070438 0.000000 0.027875 53.652039 1.001108 17.395655 0.681785 
362 0.050386 0.000000 0.047563 45.350657 1.018856 16.404604 0.767317 
363 0.311059 0.000000 0.047563 97.825324 0.212370 -8.267170 0.036181 
364 0.351163 0.000000 0.047563 97.476554 0.242929 -12.683974 0.033738 
365 0.311059 0.000000 0.086937 95.973966 0.235641 -11.665058 0.065287 
366 0.471473 0.000000 0.047563 96.844736 0.581650 -23.403735 0.007302 
367 0.431370 0.000000 0.047563 97.500876 0.458738 -19.539665 0.011157 
368 0.471473 0.000000 0.086937 94.295535 0.259850 -19.052044 0.074530 
369 0.531629 0.000000 0.027875 92.139168 1.909144 -27.131271 0.077062 
370 0.511577 0.000000 0.027875 95.057306 1.184313 -23.507576 0.041010 
371 0.531629 0.000000 0.047563 93.778702 0.300784 -21.887433 0.072640 
372 -4.701881 0.000000 -15.111679 95.701639 -0.000016 -29.093276 -0.000522 
373 -9.835133 0.000000 -15.111679 95.690628 -0.000020 -29.105426 -0.000382 
374 -4.701881 0.000000 -20.151635 95.689273 -0.000009 -29.097235 -0.000309 
375 0.431370 0.000000 -15.111679 95.710327 -0.000002 -29.070264 -0.000555 
376 -2.135256 0.000000 -7.551746 95.793746 0.000520 -29.050148 -0.002035 
377 -4.701881 0.000000 -7.551746 95.751803 -0.000051 -29.096614 -0.001502 
378 -2.135256 0.000000 -10.071724 95.746581 -0.000014 -29.064306 -0.001214 
379 0.431370 0.000000 -7.551746 95.825606 0.000113 -28.964012 -0.002146 
380 -0.851943 0.000000 -3.771779 96.124721 0.004715 -28.908269 -0.007565 
381 -2.135256 0.000000 -3.771779 95.977848 -0.001611 -29.070983 -0.005687 
382 -0.851943 0.000000 -5.031768 95.958674 -0.001759 -28.948556 -0.004609 
383 0.431370 0.000000 -3.771779 96.238137 0.003234 -28.624080 -0.008112 
384 -0.210286 0.000000 -1.881795 97.188618 -0.005402 -28.564182 -0.026154 
385 -0.851943 0.000000 -1.881795 96.738149 0.000354 -29.042827 -0.020176 
386 -0.210286 0.000000 -2.511790 96.684455 0.002687 -28.626337 -0.016735 
387 0.431370 0.000000 -1.881795 97.377047 -0.004802 -27.795847 -0.025490 
388 0.110542 0.000000 -0.936804 99.915587 0.024410 -27.605475 -0.074519 
389 -0.210286 0.000000 -0.936804 99.028876 0.034987 -29.027684 -0.064933 
390 0.110542 0.000000 -1.251801 98.599998 0.013924 -27.873081 -0.049887 
391 0.431370 0.000000 -0.936804 99.841103 0.023470 -25.951270 -0.064171 
392 0.270956 0.000000 -0.464308 104.468203 0.046267 -23.618672 -0.147145 
393 0.110542 0.000000 -0.464308 105.118226 0.023514 -26.810340 -0.176864 
394 0.270956 0.000000 -0.621806 102.357782 0.066790 -25.324282 -0.111844 
395 0.431370 0.000000 -0.464308 102.507496 0.055302 -21.794940 -0.098281 
396 0.190749 0.000000 -0.228060 111.691318 0.109797 -19.607396 -0.285941 
397 0.110542 0.000000 -0.228060 113.119994 0.101661 -24.635986 -0.340308 
398 0.190749 0.000000 -0.306809 109.123914 0.060781 -22.278159 -0.240435 
399 0.270956 0.000000 -0.228060 109.264393 0.119186 -16.042535 -0.219608 
400 0.150645 0.000000 -0.109936 125.083743 0.057144 -12.941728 -0.581343 
401 0.110542 0.000000 -0.109936 126.474567 0.062604 -20.788044 -0.642796 
402 0.150645 0.000000 -0.149310 119.237841 0.103531 -17.225249 -0.451438 
403 0.190749 0.000000 -0.109936 119.358251 0.073800 -6.913170 -0.429419 
404 0.130593 0.000000 -0.050874 146.904704 -0.343428 -39.724439 -1.315914 
405 0.110542 0.000000 -0.050874 119.532712 -0.352430 -68.881555 -0.903286 
406 0.130593 0.000000 -0.070561 142.645844 -0.340587 -51.666468 -1.301738 
407 0.150645 0.000000 -0.050874 151.883240 -0.341296 -0.407628 -1.306880 
408 0.130593 0.000000 -0.031187 132.559517 -0.351813 -51.369112 -1.021093 
409 -0.049872 0.000000 -0.464308 103.647471 -0.002467 -29.826375 -0.163241 
410 -0.210286 0.000000 -0.464308 101.397279 0.022724 -31.426371 -0.126903 
411 -0.049872 0.000000 -0.621806 101.835987 0.037352 -28.999443 -0.121154 
412 0.030335 0.000000 -0.228060 111.626876 0.097993 -30.166911 -0.337061 
413 -0.049872 0.000000 -0.228060 108.140329 -0.024738 -34.165611 -0.286162 
414 0.030335 0.000000 -0.306809 108.543427 0.007005 -29.242996 -0.263683 
415 0.070438 0.000000 -0.109936 126.146700 0.086381 -27.238256 -0.665492 
416 0.030335 0.000000 -0.109936 124.010093 0.098634 -34.580875 -0.657435 
417 0.070438 0.000000 -0.149310 120.244365 0.098126 -27.441231 -0.521174 
418 0.090490 0.000000 -0.050874 125.470783 -0.197785 -25.599243 -0.639828 
419 0.070438 0.000000 -0.050874 133.616997 -0.069971 -20.628632 -0.827905 
420 0.090490 0.000000 -0.070561 130.368238 -0.047642 -24.651419 -0.760357 
421 0.150645 0.000000 0.047563 82.385420 0.791070 7.889511 0.314977 
422 0.150645 0.000000 0.086937 82.652276 0.781645 7.635875 0.310968 
423 0.130593 0.000000 -0.011499 142.645844 -0.340587 -51.666468 -1.301738 
424 0.150645 0.000000 -0.011499 157.900659 -0.347940 -1.122538 -1.493400 
425 0.130593 0.000000 0.008188 16.322618 -8.354592 -1.723520 0.966080 
426 0.120568 0.000000 -0.041030 121.430605 -0.343292 -67.721078 -0.933165 
427 0.110542 0.000000 -0.041030 106.356503 -0.375801 -73.235607 -0.667530 
428 0.120568 0.000000 -0.050874 128.291030 -0.347459 -56.518815 -0.965309 
429 0.130593 0.000000 -0.041030 135.147990 -0.348362 -50.693352 -1.083492 
430 0.120568 0.000000 -0.031187 112.873639 -0.371467 -64.793834 -0.693884 
431 0.170697 0.000000 -0.050874 141.157510 -0.323582 37.125878 -1.130388 
432 0.170697 0.000000 -0.070561 136.358702 -0.316846 47.554013 -1.085518 
433 0.190749 0.000000 -0.050874 112.308027 -0.330606 63.467893 -0.664138 
434 0.170697 0.000000 -0.031187 122.251705 -0.332205 50.739249 -0.752006 
435 2.035511 0.000000 -0.306809 96.587546 0.093803 -24.914715 0.005009 
436 2.035511 0.000000 -0.621806 97.120650 -0.001937 -23.965557 -0.000677 
437 2.356339 0.000000 -0.306809 96.732860 0.028905 -24.540359 0.004052 
438 2.035511 0.000000 0.008188 96.581310 0.002426 -23.797669 0.010572 
439 5.564621 0.000000 -15.111679 95.711818 0.000011 -29.042259 -0.000420 
440 5.564621 0.000000 -20.151635 95.693685 0.000003 -29.074843 -0.000263 
441 10.697873 0.000000 -15.111679 95.711047 0.000017 -29.015065 -0.000248 
442 15.831124 0.000000 -15.111679 95.714309 0.000017 -28.984271 -0.000132 
443 15.831124 0.000000 -20.151635 95.693455 0.000008 -29.051088 -0.000120 
444 20.964375 0.000000 -15.111679 95.724317 0.000018 -28.940519 -0.000070 
445 -14.968384 0.000000 -15.111679 95.682506 -0.000018 -29.109829 -0.000252 
446 -20.101635 0.000000 -15.111679 95.677607 -0.000014 -29.110956 -0.000165 
447 -14.968384 0.000000 -20.151635 95.680150 -0.000012 -29.107764 -0.000195 
448 2.997996 0.000000 -7.551746 95.829122 0.000528 -28.861650 -0.001622 
449 2.997996 0.000000 -10.071724 95.762716 0.000038 -28.978989 -0.001028 
450 5.564621 0.000000 -7.551746 95.823268 0.000410 -28.766419 -0.000961 
451 8.131247 0.000000 -7.551746 95.830681 0.000121 -28.665140 -0.000521 
452 8.131247 0.000000 -10.071724 95.760069 0.000053 -28.891753 -0.000472 
453 10.697873 0.000000 -7.551746 95.859097 0.000135 -28.529963 -0.000293 
454 -7.268507 0.000000 -7.551746 95.720255 -0.000056 -29.113502 -0.000996 
455 -9.835133 0.000000 -7.551746 95.701067 -0.000048 -29.117766 -0.000654 
456 -7.268507 0.000000 -10.071724 95.711142 -0.000038 -29.105145 -0.000773 
457 1.714683 0.000000 -3.771779 96.228735 0.002875 -28.306369 -0.006122 
458 1.714683 0.000000 -5.031768 96.008071 0.005103 -28.653264 -0.003856 
459 2.997996 0.000000 -3.771779 96.169071 0.000793 -28.052650 -0.003544 
460 4.281308 0.000000 -3.771779 96.156870 0.000458 -27.816844 -0.001992 
461 4.281308 0.000000 -5.031768 95.981467 0.003683 -28.382865 -0.001803 
462 5.564621 0.000000 -3.771779 96.192935 0.003250 -27.546381 -0.001188 
463 -3.418569 0.000000 -3.771779 95.862427 0.000248 -29.131628 -0.003826 
464 -4.701881 0.000000 -3.771779 95.790475 0.000157 -29.146357 -0.002533 
465 -3.418569 0.000000 -5.031768 95.829284 0.000185 -29.097729 -0.002993 
466 1.073026 0.000000 -1.881795 97.226390 -0.003191 -27.093560 -0.018703 
467 1.073026 0.000000 -2.511790 96.755934 0.003278 -27.802413 -0.013468 
468 1.714683 0.000000 -1.881795 96.944642 0.002964 -26.669852 -0.010954 
469 2.356339 0.000000 -1.881795 96.806596 0.003522 -26.350251 -0.006585 
470 2.356339 0.000000 -2.511790 96.572189 0.009144 -27.210355 -0.006659 
471 2.997996 0.000000 -1.881795 96.748180 0.007980 -26.082201 -0.004049 
472 -1.493599 0.000000 -1.881795 96.380955 0.005285 -29.244681 -0.014454 
473 -2.135256 0.000000 -1.881795 96.131016 0.009094 -29.294483 -0.009934 
474 -1.493599 0.000000 -2.511790 96.276963 0.013108 -29.110914 -0.011670 
475 0.752198 0.000000 -0.936804 99.005499 0.060660 -24.943841 -0.042429 
476 0.752198 0.000000 -1.251801 98.335765 0.022871 -26.186475 -0.035565 
477 1.073026 0.000000 -0.936804 98.186008 0.010126 -24.597143 -0.024551 
478 1.393855 0.000000 -0.936804 97.722829 0.018280 -24.442833 -0.014720 
479 1.393855 0.000000 -1.251801 97.580039 0.007649 -25.445107 -0.016932 
480 1.714683 0.000000 -0.936804 97.399888 0.007609 -24.428523 -0.008349 
481 -0.531115 0.000000 -0.936804 97.914250 0.019959 -29.637101 -0.046556 
482 -0.851943 0.000000 -0.936804 97.235637 0.009181 -29.868171 -0.034688 
483 -0.531115 0.000000 -1.251801 97.651740 0.012454 -29.225868 -0.039001 
484 0.591784 0.000000 -0.464308 100.743741 0.013998 -21.146765 -0.059649 
485 0.591784 0.000000 -0.621806 100.376370 0.048135 -23.147014 -0.061120 
486 0.752198 0.000000 -0.464308 99.397929 0.036033 -21.390998 -0.033752 
487 0.912612 0.000000 -0.464308 98.522264 0.043260 -21.893563 -0.018597 
488 0.912612 0.000000 -0.621806 98.962789 0.021111 -22.744936 -0.031097 
489 1.073026 0.000000 -0.464308 98.102234 0.012540 -22.118541 -0.011328 
490 0.351163 0.000000 -0.228060 105.732200 0.101670 -15.222230 -0.141102 
491 0.351163 0.000000 -0.306809 105.379585 0.109171 -18.402936 -0.144354 
492 0.431370 0.000000 -0.228060 103.064948 0.138608 -15.220634 -0.085407 
493 2.035511 0.000000 -0.936804 97.215474 0.002095 -24.434300 -0.004788 
494 2.035511 0.000000 -1.251801 97.143211 0.000974 -25.205452 -0.007212 
495 2.356339 0.000000 -0.936804 97.112246 0.003748 -24.455824 -0.002888 
496 2.035511 0.000000 0.323185 96.182703 0.003232 -24.336215 0.015664 
497 2.356339 0.000000 0.323185 96.301119 0.001877 -24.675267 0.011723 
498 2.035511 0.000000 0.638183 95.803456 0.006765 -25.055197 0.019393 
499 0.391266 0.000000 -0.031187 102.039267 0.232499 1.346413 -0.041388 
500 0.391266 0.000000 -0.070561 101.453877 0.219162 -6.350057 -0.033326 
501 0.391266 0.000000 0.008188 100.241902 0.312305 -3.367483 -0.005988 
502 -0.370701 0.000000 -0.464308 99.398740 0.025128 -31.574148 -0.087704 
503 -0.531115 0.000000 -0.464308 98.208284 0.012551 -31.392472 -0.063035 
504 -0.370701 0.000000 -0.621806 99.283367 0.013742 -30.557330 -0.079094 
505 -0.130079 0.000000 -0.228060 104.262222 0.042079 -35.507247 -0.213138 
506 -0.210286 0.000000 -0.228060 101.751089 0.001789 -35.756435 -0.163181 
507 -0.130079 0.000000 -0.306809 104.410821 0.015572 -33.611506 -0.203135 
508 0.230852 0.000000 -0.109936 113.479719 0.100361 -5.872046 -0.291214 
509 0.230852 0.000000 -0.149310 112.999352 0.108040 -11.374402 -0.289824 
510 0.270956 0.000000 -0.109936 109.674500 0.117876 -6.561233 -0.207156 
511 0.391266 0.000000 0.047563 97.669716 0.322275 -17.370708 0.015878 
512 0.391266 0.000000 0.086937 97.286084 0.227064 -16.858853 0.025115 
513 0.210801 0.000000 -0.050874 107.196084 -0.157461 16.238251 -0.175471 
514 0.210801 0.000000 -0.070561 114.143398 -0.024163 6.289168 -0.306827 
515 0.230852 0.000000 -0.050874 102.893896 0.041218 3.374852 -0.059855 
516 -0.009769 0.000000 -0.109936 118.142899 0.104522 -40.819318 -0.562397 
517 -0.049872 0.000000 -0.109936 111.062417 0.095796 -43.114838 -0.419376 
518 -0.009769 0.000000 -0.149310 114.544089 0.098058 -36.529216 -0.445474 
519 0.170697 0.000000 -0.011499 110.224850 -0.343322 61.620952 -0.594678 
520 0.170697 0.000000 0.008188 87.561692 0.756338 2.979744 0.232350 
521 0.050386 0.000000 -0.011499 154.281315 0.750371 -4.986501 -1.382815 
522 0.050386 0.000000 -0.031187 147.996109 0.604417 1.297703 -1.190490 
523 0.090490 0.000000 0.027875 66.271811 0.884771 16.348745 0.533998 
524 0.110542 0.000000 0.027875 74.001480 0.874379 13.462571 0.434178 
525 0.090490 0.000000 0.047563 64.547953 0.949929 16.311539 0.556659 
526 -0.089976 0.000000 -0.109936 105.737523 0.100010 -42.714137 -0.300493 
527 -0.130079 0.000000 -0.109936 102.416170 -0.048024 -41.308809 -0.219549 
528 -0.089976 0.000000 -0.149310 106.446342 0.093870 -39.316122 -0.287659 
529 -0.089976 0.000000 0.047563 83.597902 0.096880 -46.357284 0.086238 
530 -0.130079 0.000000 0.047563 88.181082 -0.019472 -43.072413 0.036886 
531 -0.089976 0.000000 0.086937 81.409345 0.094002 -41.132897 0.168059 
532 -0.029821 0.000000 0.027875 64.042332 0.163443 -62.882485 0.194435 
533 -0.049872 0.000000 0.027875 76.417784 0.133191 -57.180430 0.089070 
534 -0.029821 0.000000 0.047563 62.922708 0.147978 -50.480357 0.349244 
535 0.130593 0.000000 0.027875 78.185842 0.826818 11.892476 0.374486 
536 0.150645 0.000000 0.027875 80.332871 0.805567 9.852630 0.344891 
537 0.130593 0.000000 0.047563 79.251711 0.850843 10.872171 0.360024 
538 0.170697 0.000000 0.027875 87.563358 0.638138 2.959627 0.232349 
539 0.190749 0.000000 0.027875 87.563370 0.637274 2.959480 0.232349 
540 0.170697 0.000000 0.047563 83.590968 0.763051 6.743138 0.296650 
541 0.511577 0.000000 -0.228060 101.087860 0.119769 -15.740021 -0.046652 
542 0.511577 0.000000 -0.306809 101.604993 0.079622 -18.133441 -0.065240 
543 0.591784 0.000000 -0.228060 99.264094 0.076648 -17.424618 -0.015698 
544 0.671991 0.000000 -0.228060 98.303903 0.074275 -18.642803 -0.001122 
545 0.671991 0.000000 -0.306809 99.292220 0.076872 -19.181883 -0.022690 
546 0.752198 0.000000 -0.228060 97.785265 0.065263 -19.551777 0.005577 
547 0.311059 0.000000 -0.109936 106.976411 0.133214 -7.386402 -0.149853 
548 0.311059 0.000000 -0.149310 107.781296 0.131713 -10.140759 -0.171966 
549 0.351163 0.000000 -0.109936 104.901642 0.218794 -7.609804 -0.106231 
550 0.391266 0.000000 -0.109936 102.770560 0.196041 -8.716938 -0.063781 
551 0.391266 0.000000 -0.149310 103.559652 0.163672 -11.206295 -0.085021 
552 0.431370 0.000000 -0.109936 100.816871 0.155443 -10.021854 -0.026450 
553 0.210801 0.000000 0.027875 94.557671 0.375486 0.319375 0.105860 
554 0.230852 0.000000 0.027875 98.591302 0.227594 -0.980386 0.027874 
555 0.210801 0.000000 0.047563 90.172741 0.544634 -1.127895 0.186731 
556 0.050386 0.000000 -0.050874 141.317947 0.027721 -24.563474 -1.057413 
557 0.030335 0.000000 -0.050874 144.482134 0.091647 -35.580902 -1.214110 
558 0.050386 0.000000 -0.070561 134.638932 0.055914 -29.461593 -0.899563 
559 0.010283 0.000000 -0.050874 139.232395 0.122838 -49.064513 -1.179300 
560 -0.009769 0.000000 -0.050874 127.161822 0.127698 -57.305588 -0.945408 
561 0.010283 0.000000 -0.070561 130.429998 0.110316 -44.020437 -0.894980 
562 0.471473 0.000000 -0.109936 99.232339 0.112152 -11.166077 0.002825 
563 0.471473 0.000000 -0.149310 100.437140 0.146833 -12.689733 -0.024867 
564 0.511577 0.000000 -0.109936 97.925106 0.148673 -12.494358 0.025454 
565 0.551681 0.000000 -0.109936 97.027587 0.125126 -13.753225 0.039648 
566 0.551681 0.000000 -0.149310 98.393871 0.122072 -14.672463 0.010335 
567 0.591784 0.000000 -0.109936 96.405446 0.107370 -15.511843 0.046536 
568 0.631888 0.000000 -0.109936 96.108651 0.076215 -17.225677 0.046640 
569 0.631888 0.000000 -0.149310 97.184823 0.068481 -17.329793 0.025478 
570 0.671991 0.000000 -0.109936 96.080140 0.062125 -18.248591 0.043559 
571 -0.029821 0.000000 -0.050874 115.620942 0.122155 -58.023410 -0.673493 
572 -0.049872 0.000000 -0.050874 108.015631 0.115787 -55.224730 -0.471716 
573 -0.029821 0.000000 -0.070561 116.176240 0.112954 -50.918572 -0.608963 
1 19 21 3 22 
2 20 19 22 9 
3 28 20 9 30 
4 29 28 30 4 
5 35 37 19 38 
6 36 35 38 20 
7 44 36 20 46 
8 45 44 46 28 
9 51 53 35 54 
10 52 51 54 36 
11 60 52 36 62 
12 61 60 62 44 
13 67 69 51 70 
14 68 67 70 52 
15 76 68 52 78 
16 77 76 78 60 
17 83 85 67 86 
18 84 83 86 68 
19 92 84 68 94 
20 93 92 94 76 
21 99 101 83 102 
22 100 99 102 84 
23 108 100 84 110 
24 109 108 110 92 
25 115 117 99 118 
26 116 115 118 100 
27 10 125 124 26 
28 125 13 126 124 
29 124 126 8 127 
30 26 124 127 14 
31 23 129 128 42 
32 129 26 130 128 
33 128 130 14 131 
34 42 128 131 27 
35 39 133 132 58 
36 133 42 134 132 
37 132 134 27 135 
38 58 132 135 43 
39 137 58 138 136 
40 136 138 43 139 
41 71 141 140 90 
42 141 74 142 140 
43 140 142 59 143 
44 90 140 143 75 
45 87 145 144 106 
46 145 90 146 144 
47 144 146 75 147 
48 106 144 147 91 
49 149 106 150 148 
50 148 150 91 151 
51 152 116 100 154 
52 153 152 154 108 
53 155 157 115 158 
54 156 155 158 116 
55 119 161 159 160 
56 161 122 162 159 
57 14 127 164 37 
58 127 8 165 164 
59 164 165 21 166 
60 37 164 166 19 
61 27 131 167 53 
62 131 14 168 167 
63 167 168 37 169 
64 53 167 169 35 
65 43 135 170 69 
66 135 27 171 170 
67 170 171 53 172 
68 69 170 172 51 
69 139 43 174 173 
70 173 174 69 175 
71 85 173 175 67 
72 75 143 176 101 
73 143 59 177 176 
74 176 177 85 178 
75 101 176 178 83 
76 91 147 179 117 
77 147 75 180 179 
78 179 180 101 181 
79 117 179 181 99 
80 151 91 183 182 
81 182 183 117 184 
82 157 182 184 115 
83 122 186 185 162 
84 186 148 187 185 
85 185 187 151 188 
86 162 185 188 107 
87 189 191 157 192 
88 190 189 192 155 
89 159 195 193 194 
90 195 162 196 193 
91 193 196 107 197 
92 120 204 202 203 
93 204 119 160 202 
94 202 160 123 205 
95 203 202 205 5 
96 160 208 206 207 
97 208 159 194 206 
98 206 194 163 209 
99 207 206 209 123 
100 107 188 210 191 
101 188 151 211 210 
102 210 211 182 212 
103 191 210 212 157 
104 163 197 213 214 
105 197 107 215 213 
106 213 215 191 216 
107 214 213 216 189 
108 194 219 217 218 
109 219 193 220 217 
110 217 220 197 221 
111 218 217 221 163 
112 16 224 222 223 
113 224 15 32 222 
114 222 32 18 225 
115 223 222 225 6 
116 32 228 226 227 
117 228 31 48 226 
118 226 48 34 229 
119 227 226 229 18 
120 48 232 230 231 
121 232 47 64 230 
122 230 64 50 233 
123 231 230 233 34 
124 64 236 234 235 
125 236 63 80 234 
126 234 80 66 237 
127 235 234 237 50 
128 80 240 238 239 
129 239 238 241 66 
130 250 156 116 252 
131 251 250 252 152 
132 199 255 253 254 
133 255 198 256 253 
134 253 256 201 257 
135 254 253 257 114 
136 6 225 258 259 
137 225 18 45 258 
138 258 45 28 260 
139 259 258 260 29 
140 18 229 261 262 
141 229 34 61 261 
142 261 61 44 263 
143 262 261 263 45 
144 34 233 264 265 
145 233 50 77 264 
146 264 77 60 266 
147 265 264 266 61 
148 50 237 267 268 
149 237 66 93 267 
150 267 93 76 269 
151 268 267 269 77 
152 66 241 270 271 
153 270 109 92 272 
154 271 270 272 93 
155 273 153 108 275 
156 274 273 275 109 
157 276 251 152 278 
158 277 276 278 153 
159 281 199 254 279 
160 279 254 114 282 
161 282 114 293 291 
162 291 293 251 294 
163 292 291 294 276 
164 280 297 295 296 
165 297 279 298 295 
166 295 298 282 299 
167 296 295 299 249 
168 300 277 153 302 
169 301 300 302 273 
170 307 309 277 310 
171 308 307 310 300 
172 303 313 311 312 
173 313 288 314 311 
174 311 314 98 315 
175 312 311 315 306 
176 238 318 316 317 
177 318 96 243 316 
178 316 243 82 319 
179 317 316 319 241 
180 243 322 320 321 
181 321 320 323 82 
182 241 319 328 329 
183 319 82 274 328 
184 328 274 109 330 
185 329 328 330 270 
186 82 323 331 332 
187 331 301 273 333 
188 332 331 333 274 
189 334 308 300 336 
190 335 334 336 301 
191 324 339 337 338 
192 339 304 340 337 
193 337 340 286 341 
194 320 344 342 343 
195 344 284 325 342 
196 342 325 245 345 
197 343 342 345 323 
198 325 348 346 347 
199 348 324 338 346 
200 346 338 327 349 
201 347 346 349 245 
202 327 341 350 351 
203 341 286 352 350 
204 350 352 308 353 
205 351 350 353 334 
206 338 356 354 355 
207 356 337 357 354 
208 354 357 341 358 
209 355 354 358 327 
210 286 360 359 352 
211 360 306 361 359 
212 359 361 307 362 
213 352 359 362 308 
214 114 257 363 293 
215 257 201 364 363 
216 363 364 250 365 
217 293 363 365 251 
218 5 205 366 367 
219 205 123 190 366 
220 366 190 155 368 
221 367 366 368 156 
222 123 209 369 370 
223 209 163 214 369 
224 369 214 189 371 
225 370 369 371 190 
226 17 374 372 373 
227 374 7 375 372 
228 372 375 11 33 
229 373 372 33 15 
230 33 378 376 377 
231 378 11 379 376 
232 376 379 24 49 
233 377 376 49 31 
234 49 382 380 381 
235 382 24 383 380 
236 380 383 40 65 
237 381 380 65 47 
238 65 386 384 385 
239 386 40 387 384 
240 384 387 56 81 
241 385 384 81 63 
242 81 390 388 389 
243 390 56 391 388 
244 388 391 72 97 
245 389 388 97 79 
246 97 394 392 393 
247 394 72 395 392 
248 392 395 88 113 
249 393 392 113 95 
250 95 398 396 397 
251 398 113 399 396 
252 396 399 111 248 
253 397 396 248 112 
254 112 402 400 401 
255 402 248 403 400 
256 400 403 246 289 
257 401 400 289 247 
258 247 406 404 405 
259 406 289 407 404 
260 404 407 287 408 
261 79 411 409 410 
262 411 97 393 409 
263 409 393 95 244 
264 410 409 244 96 
265 244 414 412 413 
266 414 95 397 412 
267 412 397 112 285 
268 413 412 285 242 
269 285 417 415 416 
270 417 112 401 415 
271 415 401 247 305 
272 416 415 305 283 
273 305 420 418 419 
274 420 247 405 418 
275 418 405 288 313 
276 419 418 313 303 
277 421 292 276 422 
278 309 421 422 277 
279 288 408 423 314 
280 408 287 424 423 
281 423 424 290 425 
282 314 423 425 98 
283 405 428 426 427 
284 428 404 429 426 
285 426 429 408 430 
286 427 426 430 288 
287 289 432 431 407 
288 432 246 433 431 
289 431 433 280 434 
290 407 431 434 287 
291 74 436 435 142 
292 436 136 437 435 
293 435 437 139 438 
294 142 435 438 59 
295 7 440 439 375 
296 440 12 441 439 
297 439 441 10 25 
298 375 439 25 11 
299 12 443 442 441 
300 443 2 444 442 
301 442 444 13 125 
302 441 442 125 10 
303 1 447 445 446 
304 447 17 373 445 
305 445 373 15 224 
306 446 445 224 16 
307 11 449 448 379 
308 449 25 450 448 
309 448 450 23 41 
310 379 448 41 24 
311 25 452 451 450 
312 452 10 453 451 
313 451 453 26 129 
314 450 451 129 23 
315 15 456 454 455 
316 456 33 377 454 
317 454 377 31 228 
318 455 454 228 32 
319 24 458 457 383 
320 458 41 459 457 
321 457 459 39 57 
322 383 457 57 40 
323 41 461 460 459 
324 461 23 462 460 
325 460 462 42 133 
326 459 460 133 39 
327 31 465 463 464 
328 465 49 381 463 
329 463 381 47 232 
330 464 463 232 48 
331 40 467 466 387 
332 467 57 468 466 
333 466 468 55 73 
334 387 466 73 56 
335 57 470 469 468 
336 470 39 471 469 
337 469 471 58 137 
338 468 469 137 55 
339 47 474 472 473 
340 474 65 385 472 
341 472 385 63 236 
342 473 472 236 64 
343 56 476 475 391 
344 476 73 477 475 
345 475 477 71 89 
346 391 475 89 72 
347 73 479 478 477 
348 479 55 480 478 
349 478 480 74 141 
350 477 478 141 71 
351 63 483 481 482 
352 483 81 389 481 
353 481 389 79 240 
354 482 481 240 80 
355 72 485 484 395 
356 485 89 486 484 
357 484 486 87 105 
358 395 484 105 88 
359 89 488 487 486 
360 488 71 489 487 
361 487 489 90 145 
362 486 487 145 87 
363 113 491 490 399 
364 491 88 492 490 
365 490 492 104 200 
366 399 490 200 111 
367 55 494 493 480 
368 494 137 495 493 
369 493 495 136 436 
370 480 493 436 74 
371 59 438 496 177 
372 438 139 497 496 
373 496 497 173 498 
374 177 496 498 85 
375 198 500 499 256 
376 500 120 203 499 
377 499 203 5 501 
378 256 499 501 201 
379 240 504 502 503 
380 504 79 410 502 
381 502 410 96 318 
382 503 502 318 238 
383 96 507 505 506 
384 507 244 413 505 
385 505 413 242 322 
386 506 505 322 243 
387 248 509 508 403 
388 509 111 510 508 
389 508 510 199 281 
390 403 508 281 246 
391 201 501 511 364 
392 501 5 367 511 
393 511 367 156 512 
394 364 511 512 250 
395 246 514 513 433 
396 514 281 515 513 
397 513 515 279 297 
398 433 513 297 280 
399 242 518 516 517 
400 518 285 416 516 
401 516 416 283 326 
402 517 516 326 284 
403 287 434 519 424 
404 434 280 296 519 
405 519 296 249 520 
406 424 519 520 290 
407 304 522 521 340 
408 522 303 312 521 
409 521 312 306 360 
410 340 521 360 286 
411 306 315 523 361 
412 315 98 524 523 
413 523 524 309 525 
414 361 523 525 307 
415 322 528 526 527 
416 528 242 517 526 
417 526 517 284 344 
418 527 526 344 320 
419 323 345 529 530 
420 345 245 335 529 
421 529 335 301 531 
422 530 529 531 331 
423 245 349 532 533 
424 349 327 351 532 
425 532 351 334 534 
426 533 532 534 335 
427 98 425 535 524 
428 425 290 536 535 
429 535 536 421 537 
430 524 535 537 309 
431 290 520 538 536 
432 520 249 539 538 
433 538 539 292 540 
434 536 538 540 421 
435 88 542 541 492 
436 542 105 543 541 
437 541 543 103 121 
438 492 541 121 104 
439 105 545 544 543 
440 545 87 546 544 
441 544 546 106 149 
442 543 544 149 103 
443 111 548 547 510 
444 548 200 549 547 
445 547 549 198 255 
446 510 547 255 199 
447 200 551 550 549 
448 551 104 552 550 
449 550 552 120 500 
450 549 550 500 198 
451 249 299 553 539 
452 299 282 554 553 
453 553 554 291 555 
454 539 553 555 292 
455 283 558 556 557 
456 558 305 419 556 
457 556 419 303 522 
458 557 556 522 304 
459 326 561 559 560 
460 561 283 557 559 
461 559 557 304 339 
462 560 559 339 324 
463 104 563 562 552 
464 563 121 564 562 
465 562 564 119 204 
466 552 562 204 120 
467 121 566 565 564 
468 566 103 567 565 
469 565 567 122 161 
470 564 565 161 119 
471 103 569 568 567 
472 569 149 570 568 
473 568 570 148 186 
474 567 568 186 122 
475 284 573 571 572 
476 573 326 560 571 
477 571 560 324 348 
478 572 571 348 325 
