2 0.000000 100.000000 5791.461216
573 478 
1 -20.101635 0.000000 -20.151635 98.841625 -0.000007 15.157828 0.000057 
2 20.964375 0.000000 -20.151635 98.843114 0.000004 15.141643 0.000077 
3 20.964375 0.000000 20.168012 98.851818 -0.000004 15.128571 -0.000056 
4 -20.101635 0.000000 20.168012 98.848500 -0.000004 15.157513 -0.000078 
5 0.431370 0.000000 0.008188 92.132045 0.378894 -5.383043 0.148257 
6 -20.101635 0.000000 0.008188 98.845300 -0.000014 15.161860 -0.000028 
7 0.431370 0.000000 -20.151635 98.836114 -0.000002 15.148453 0.000195 
8 20.964375 0.000000 0.008188 98.954122 0.000286 14.433264 -0.000024 
9 0.431370 0.000000 20.168012 98.856202 0.000006 15.145564 -0.000194 
10 10.697873 0.000000 -10.071724 98.838579 0.000028 15.095762 0.000305 
11 0.431370 0.000000 -10.071724 98.810726 0.000015 15.122485 0.000775 
12 10.697873 0.000000 -20.151635 98.839458 0.000004 15.142169 0.000148 
13 20.964375 0.000000 -10.071724 98.847745 0.000009 15.108115 0.000087 
14 10.697873 0.000000 0.008188 99.172943 0.000459 12.975456 -0.000364 
15 -9.835133 0.000000 -10.071724 98.832436 -0.000022 15.160072 0.000232 
16 -20.101635 0.000000 -10.071724 98.841788 -0.000012 15.160027 0.000047 
17 -9.835133 0.000000 -20.151635 98.838378 -0.000008 15.155620 0.000128 
18 -9.835133 0.000000 0.008188 98.846970 -0.000040 15.176451 -0.000105 
19 10.697873 0.000000 10.088100 98.872669 -0.000021 15.045951 -0.000219 
20 0.431370 0.000000 10.088100 98.890427 0.000047 15.111577 -0.000768 
21 20.964375 0.000000 10.088100 98.871787 -0.000101 14.994554 -0.000047 
22 10.697873 0.000000 20.168012 98.854345 0.000004 15.135086 -0.000125 
23 5.564621 0.000000 -5.031768 98.820818 0.000191 14.919399 0.001186 
24 0.431370 0.000000 -5.031768 98.713129 0.002269 15.020158 0.003011 
25 5.564621 0.000000 -10.071724 98.824118 0.000036 15.097787 0.000585 
26 10.697873 0.000000 -5.031768 98.856524 0.000086 14.965607 0.000342 
27 5.564621 0.000000 0.008188 99.631249 -0.006240 9.853140 -0.002347 
28 -9.835133 0.000000 10.088100 98.860074 -0.000008 15.158958 -0.000311 
29 -20.101635 0.000000 10.088100 98.848652 -0.000009 15.159792 -0.000088 
30 -9.835133 0.000000 20.168012 98.852532 -0.000001 15.154697 -0.000149 
31 -4.701881 0.000000 -5.031768 98.795433 -0.001815 15.167604 0.000941 
32 -9.835133 0.000000 -5.031768 98.832927 -0.000036 15.168907 0.000196 
33 -4.701881 0.000000 -10.071724 98.819470 -0.000017 15.151069 0.000516 
34 -4.701881 0.000000 0.008188 98.851438 -0.000202 15.234957 -0.000371 
35 5.564621 0.000000 5.048144 98.948957 -0.001667 14.747307 -0.000838 
36 0.431370 0.000000 5.048144 99.022600 0.000341 14.982358 -0.002995 
37 10.697873 0.000000 5.048144 98.941662 -0.000424 14.579692 -0.000202 
38 5.564621 0.000000 10.088100 98.882738 0.000029 15.070832 -0.000493 
39 2.997996 0.000000 -2.511790 98.734734 0.001407 14.293804 0.004714 
40 0.431370 0.000000 -2.511790 98.313942 0.006985 14.648280 0.011980 
41 2.997996 0.000000 -5.031768 98.764187 -0.000317 14.925698 0.002286 
42 5.564621 0.000000 -2.511790 98.883256 -0.010250 14.448442 0.001334 
43 2.997996 0.000000 0.008188 100.678774 -0.061881 2.217994 -0.014114 
44 -4.701881 0.000000 5.048144 98.905832 0.002345 15.164356 -0.001232 
45 -9.835133 0.000000 5.048144 98.860607 -0.000021 15.168178 -0.000349 
46 -4.701881 0.000000 10.088100 98.876139 0.000012 15.147719 -0.000594 
47 -2.135256 0.000000 -2.511790 98.650151 0.000904 15.188073 0.003747 
48 -4.701881 0.000000 -2.511790 98.796071 -0.000206 15.203437 0.000819 
49 -2.135256 0.000000 -5.031768 98.744656 -0.000126 15.131526 0.002053 
50 -2.135256 0.000000 0.008188 98.853245 0.001990 15.502834 -0.001230 
51 2.997996 0.000000 2.528166 99.203072 -0.000026 13.846728 -0.003298 
52 0.431370 0.000000 2.528166 99.525341 -0.003306 14.545900 -0.011688 
53 5.564621 0.000000 2.528166 99.133669 0.001659 13.473054 -0.000901 
54 2.997996 0.000000 5.048144 98.990559 0.006989 14.831121 -0.001909 
55 1.714683 0.000000 -1.251801 98.468038 -0.000827 12.674731 0.014340 
56 0.431370 0.000000 -1.251801 97.340657 0.013967 13.575035 0.034051 
57 1.714683 0.000000 -2.511790 98.558531 0.002792 14.348074 0.008035 
58 2.997996 0.000000 -1.251801 98.919753 0.002466 13.004878 0.004576 
59 1.714683 0.000000 0.008188 99.994797 0.141478 -1.875345 -0.000250 
60 -2.135256 0.000000 2.528166 99.079341 0.003056 15.183926 -0.004727 
61 -4.701881 0.000000 2.528166 98.907173 -0.000091 15.202268 -0.001374 
62 -2.135256 0.000000 5.048144 98.968303 0.000124 15.121058 -0.002337 
63 -0.851943 0.000000 -1.251801 98.062461 0.003363 15.259745 0.015089 
64 -2.135256 0.000000 -1.251801 98.644023 -0.000138 15.324546 0.003452 
65 -0.851943 0.000000 -2.511790 98.467908 -0.003373 15.043199 0.007777 
66 -0.851943 0.000000 0.008188 98.701080 0.001055 16.710873 -0.002116 
67 1.714683 0.000000 1.268177 99.743289 0.010316 11.953659 -0.009161 
68 0.431370 0.000000 1.268177 101.005054 0.006947 13.328250 -0.037966 
69 2.997996 0.000000 1.268177 99.489945 0.001001 11.500168 -0.003050 
70 1.714683 0.000000 2.528166 99.332124 -0.000117 14.098004 -0.006562 
71 1.073026 0.000000 -0.621806 97.623183 0.026006 9.474317 0.037995 
72 0.431370 0.000000 -0.621806 94.970888 0.031536 10.996858 0.085960 
73 1.073026 0.000000 -1.251801 97.941000 0.015680 12.814076 0.024336 
74 1.714683 0.000000 -0.621806 98.743972 0.003636 10.000363 0.014962 
75 1.073026 0.000000 0.008188 99.118747 0.067991 -4.061365 0.015897 
76 -0.851943 0.000000 1.268177 99.728018 0.001800 15.319488 -0.018036 
77 -2.135256 0.000000 1.268177 99.078982 0.003842 15.334972 -0.005181 
78 -0.851943 0.000000 2.528166 99.303113 0.000370 15.023647 -0.008682 
79 -0.210286 0.000000 -0.621806 95.727448 0.033719 15.267732 0.060315 
80 -0.851943 0.000000 -0.621806 97.801566 0.011489 15.990027 0.017917 
81 -0.210286 0.000000 -1.251801 97.621494 0.005687 14.673559 0.025473 
82 -0.210286 0.000000 0.008188 96.540365 0.008734 21.068155 0.023609 
83 1.073026 0.000000 0.638183 100.746071 0.007478 8.499157 -0.022201 
84 0.431370 0.000000 0.638183 104.277302 0.016084 10.120229 -0.097617 
85 1.714683 0.000000 0.638183 99.923642 0.008161 8.661874 -0.005976 
86 1.073026 0.000000 1.268177 100.191745 -0.000327 12.338428 -0.019062 
87 0.752198 0.000000 -0.306809 95.472509 0.043113 4.297022 0.086653 
88 0.431370 0.000000 -0.306809 92.219171 0.089575 6.982818 0.144686 
89 0.752198 0.000000 -0.621806 96.288849 0.022313 9.610199 0.063610 
90 1.073026 0.000000 -0.306809 97.886232 0.008209 5.142631 0.039184 
91 0.752198 0.000000 0.008188 97.399280 -0.070427 -7.224345 0.046118 
92 -0.210286 0.000000 0.638183 101.962371 0.012543 15.782177 -0.064540 
93 -0.851943 0.000000 0.638183 99.850717 -0.004653 16.180926 -0.023199 
94 -0.210286 0.000000 1.268177 100.525915 -0.006722 14.754424 -0.032315 
95 0.110542 0.000000 -0.306809 90.849214 0.039625 12.361229 0.159362 
96 -0.210286 0.000000 -0.306809 94.507008 -0.004757 16.729117 0.078856 
97 0.110542 0.000000 -0.621806 95.051684 0.031581 13.318610 0.078779 
98 0.110542 0.000000 0.008188 21.146925 -7.853861 -4.240813 0.947314 
99 0.752198 0.000000 0.323185 102.136229 0.024230 2.532106 -0.043822 
100 0.431370 0.000000 0.323185 107.406822 0.075295 3.867683 -0.155119 
101 1.073026 0.000000 0.323185 100.384795 0.026132 4.330933 -0.009586 
102 0.752198 0.000000 0.638183 102.039546 0.024782 8.630394 -0.048655 
103 0.591784 0.000000 -0.149310 92.756355 0.077378 -0.237743 0.139620 
104 0.431370 0.000000 -0.149310 89.327592 0.097260 2.654175 0.201353 
105 0.591784 0.000000 -0.306809 93.858383 0.063359 5.195420 0.116361 
106 0.752198 0.000000 -0.149310 95.825202 0.044731 -0.814131 0.081687 
107 0.591784 0.000000 0.008188 73.436357 1.367967 -13.142209 0.443251 
108 0.110542 0.000000 0.323185 109.916168 0.056888 14.567572 -0.229378 
109 -0.210286 0.000000 0.323185 102.607792 0.021159 18.809258 -0.088215 
110 0.110542 0.000000 0.638183 104.294070 0.012893 13.697502 -0.106487 
111 0.270956 0.000000 -0.149310 87.505088 0.084590 7.049405 0.229316 
112 0.110542 0.000000 -0.149310 87.452285 0.089158 10.179710 0.224846 
113 0.270956 0.000000 -0.306809 90.869654 0.057316 9.440069 0.165359 
114 0.270956 0.000000 0.008188 86.568757 0.108862 0.927455 0.250498 
115 0.591784 0.000000 0.165687 102.746726 0.100694 -4.850561 -0.058043 
116 0.431370 0.000000 0.165687 110.158091 0.167149 -5.615398 -0.216637 
117 0.752198 0.000000 0.165687 100.347607 0.068120 -1.680533 -0.007247 
118 0.591784 0.000000 0.323185 104.101572 0.071925 2.492363 -0.084335 
119 0.511577 0.000000 -0.070561 88.829918 0.096320 -3.160956 0.209924 
120 0.431370 0.000000 -0.070561 87.147571 0.117693 -0.494423 0.240504 
121 0.511577 0.000000 -0.149310 90.704933 0.113594 0.566109 0.177228 
122 0.591784 0.000000 -0.070561 91.838967 0.073806 -4.705947 0.154345 
123 0.511577 0.000000 0.008188 93.629598 1.195128 -14.091964 0.103349 
124 15.831124 0.000000 -5.031768 98.860978 0.000040 15.005242 0.000135 
125 15.831124 0.000000 -10.071724 98.845217 0.000016 15.101667 0.000156 
126 20.964375 0.000000 -5.031768 98.860090 0.000020 15.033667 0.000067 
127 15.831124 0.000000 0.008188 99.022389 0.000507 13.980218 -0.000088 
128 8.131247 0.000000 -2.511790 98.903746 0.000410 14.593192 0.000509 
129 8.131247 0.000000 -5.031768 98.846670 -0.001517 14.940345 0.000612 
130 10.697873 0.000000 -2.511790 98.901999 0.000220 14.692539 0.000252 
131 8.131247 0.000000 0.008188 99.326929 -0.000057 11.938787 -0.000837 
132 4.281308 0.000000 -1.251801 99.014782 0.001984 13.357512 0.001765 
133 4.281308 0.000000 -2.511790 98.843763 0.000944 14.370652 0.002339 
134 5.564621 0.000000 -1.251801 99.023270 0.000981 13.630065 0.000861 
135 4.281308 0.000000 0.008188 99.946232 -0.013394 7.653979 -0.004783 
136 2.356339 0.000000 -0.621806 99.109869 -0.001240 10.596963 0.006494 
137 2.356339 0.000000 -1.251801 98.758705 0.002825 12.786619 0.008322 
138 2.997996 0.000000 -0.621806 99.237215 -0.000014 11.142794 0.002781 
139 2.356339 0.000000 0.008188 100.364408 0.112308 -1.094454 -0.007422 
140 1.393855 0.000000 -0.306809 98.736486 0.011536 5.931444 0.021592 
141 1.393855 0.000000 -0.621806 98.269530 0.009889 9.590315 0.025113 
142 1.714683 0.000000 -0.306809 99.185931 -0.001241 6.784320 0.011612 
143 1.393855 0.000000 0.008188 99.691995 0.136125 -2.773073 0.005380 
144 0.912612 0.000000 -0.149310 97.456976 0.023343 -0.186534 0.050210 
145 0.912612 0.000000 -0.306809 96.993942 0.034266 4.637737 0.057067 
146 1.073026 0.000000 -0.149310 98.415781 -0.003681 0.899749 0.031352 
147 0.912612 0.000000 0.008188 98.500222 0.081639 -5.625580 0.026605 
148 0.671991 0.000000 -0.070561 94.764278 0.046698 -5.017720 0.099455 
149 0.671991 0.000000 -0.149310 94.524418 0.050476 -0.751144 0.106457 
150 0.752198 0.000000 -0.070561 96.370024 0.011223 -4.633836 0.069135 
151 0.671991 0.000000 0.008188 96.246086 0.077627 -7.700375 0.067739 
152 0.270956 0.000000 0.165687 119.186379 0.134171 1.429489 -0.420745 
153 0.110542 0.000000 0.165687 119.611196 0.138710 18.117611 -0.463511 
154 0.270956 0.000000 0.323185 110.566240 0.100416 8.319163 -0.229411 
155 0.511577 0.000000 0.086937 104.716521 0.182941 -13.724895 -0.115396 
156 0.431370 0.000000 0.086937 115.022155 0.433629 -24.860732 -0.384834 
157 0.591784 0.000000 0.086937 99.952656 0.133432 -9.791321 -0.008642 
158 0.511577 0.000000 0.165687 105.726218 0.127642 -5.555800 -0.120892 
159 0.551681 0.000000 -0.031187 88.773211 0.071048 -7.031482 0.206987 
160 0.511577 0.000000 -0.031187 87.110868 0.074951 -6.098302 0.237450 
161 0.551681 0.000000 -0.070561 90.155532 0.080829 -4.116628 0.185503 
162 0.591784 0.000000 -0.031187 91.157269 0.095276 -7.989415 0.162651 
163 0.551681 0.000000 0.008188 86.205390 2.272065 -18.775863 0.221094 
164 15.831124 0.000000 5.048144 98.980724 -0.000751 14.284574 -0.000123 
165 20.964375 0.000000 5.048144 99.068603 -0.001109 13.701195 -0.000231 
166 15.831124 0.000000 10.088100 98.869892 -0.000062 15.023432 -0.000096 
167 8.131247 0.000000 2.528166 99.200772 -0.000732 12.887277 -0.000688 
168 10.697873 0.000000 2.528166 99.341962 -0.000330 11.929953 -0.001115 
169 8.131247 0.000000 5.048144 98.937076 0.000836 14.671787 -0.000381 
170 4.281308 0.000000 1.268177 99.536782 0.000723 10.794489 -0.002409 
171 5.564621 0.000000 1.268177 99.679283 0.001037 9.758470 -0.003119 
172 4.281308 0.000000 2.528166 99.136772 -0.000406 13.677635 -0.001518 
173 2.356339 0.000000 0.638183 99.850289 0.006316 8.356097 -0.003990 
174 2.997996 0.000000 0.638183 99.974692 0.000594 7.668329 -0.005374 
175 2.356339 0.000000 1.268177 99.558160 0.003220 11.719110 -0.004916 
176 1.393855 0.000000 0.323185 100.073889 0.012174 4.818049 -0.003800 
177 1.714683 0.000000 0.323185 99.999179 0.008771 5.048270 -0.002532 
178 1.393855 0.000000 0.638183 100.215286 0.015746 8.551030 -0.011622 
179 0.912612 0.000000 0.165687 99.996060 0.059632 -0.360441 0.000065 
180 1.073026 0.000000 0.165687 99.865618 0.035834 0.991878 0.002587 
181 0.912612 0.000000 0.323185 100.987987 0.031238 3.484390 -0.021072 
182 0.671991 0.000000 0.086937 98.931569 0.093654 -6.234954 0.017366 
183 0.752198 0.000000 0.086937 98.947586 0.092496 -4.429136 0.018975 
184 0.671991 0.000000 0.165687 101.054130 0.085362 -3.054693 -0.022128 
185 0.631888 0.000000 -0.031187 93.789369 0.083464 -7.551120 0.114653 
186 0.631888 0.000000 -0.070561 93.491745 0.051936 -5.012992 0.123416 
187 0.671991 0.000000 -0.031187 95.269517 0.066619 -7.049659 0.087402 
188 0.631888 0.000000 0.008188 95.023282 0.096446 -9.033631 0.088896 
189 0.551681 0.000000 0.047563 99.520193 0.221862 -16.525470 -0.017741 
190 0.511577 0.000000 0.047563 105.488085 1.048090 -29.387977 -0.199249 
191 0.591784 0.000000 0.047563 97.066964 0.165349 -12.442723 0.042316 
192 0.551681 0.000000 0.086937 101.779816 0.163272 -11.697226 -0.049598 
193 0.571732 0.000000 -0.011499 77.234952 1.745805 -13.685881 0.384441 
194 0.551681 0.000000 -0.011499 81.928052 2.053060 -12.317241 0.313186 
195 0.571732 0.000000 -0.031187 89.689052 0.088431 -7.568831 0.189858 
196 0.591784 0.000000 -0.011499 90.891250 0.115379 -9.761001 0.164349 
197 0.571732 0.000000 0.008188 75.725264 1.596307 -13.905506 0.406977 
198 0.351163 0.000000 -0.070561 85.836632 0.179620 2.174278 0.262731 
199 0.270956 0.000000 -0.070561 83.867885 0.071124 5.993407 0.293025 
200 0.351163 0.000000 -0.149310 88.250107 0.145366 4.636544 0.219040 
201 0.351163 0.000000 0.008188 92.129483 0.172072 -2.831442 0.150411 
202 0.471473 0.000000 -0.031187 86.457306 0.560676 -1.246961 0.252327 
203 0.431370 0.000000 -0.031187 86.072601 0.331339 -0.117053 0.259138 
204 0.471473 0.000000 -0.070561 87.854268 0.076407 -1.941004 0.227785 
205 0.471473 0.000000 0.008188 93.039415 0.591196 -8.974788 0.126277 
206 0.531629 0.000000 -0.011499 87.239243 1.791278 -8.081730 0.232079 
207 0.511577 0.000000 -0.011499 88.648043 1.064066 -5.492515 0.211022 
208 0.531629 0.000000 -0.031187 87.910782 0.068906 -6.772060 0.222583 
209 0.531629 0.000000 0.008188 91.767856 1.774088 -17.601106 0.126571 
210 0.631888 0.000000 0.047563 97.170740 0.126003 -9.140330 0.047429 
211 0.671991 0.000000 0.047563 97.552728 0.110382 -7.718471 0.042388 
212 0.631888 0.000000 0.086937 99.182722 0.106644 -7.754551 0.010264 
213 0.571732 0.000000 0.027875 95.115610 0.212508 -17.099027 0.066060 
214 0.551681 0.000000 0.027875 88.418044 2.122930 -27.443694 0.142459 
215 0.591784 0.000000 0.027875 94.776797 0.149483 -13.402093 0.083772 
216 0.571732 0.000000 0.047563 97.818880 0.194912 -14.776953 0.021307 
217 0.561706 0.000000 -0.001656 78.493203 1.774842 -13.264732 0.365971 
218 0.551681 0.000000 -0.001656 83.143249 2.260646 -11.338786 0.295352 
219 0.561706 0.000000 -0.011499 78.711838 1.852374 -11.552935 0.366754 
220 0.571732 0.000000 -0.001656 75.473739 1.567794 -13.357033 0.412285 
221 0.561706 0.000000 0.008188 80.074490 1.895062 -15.008988 0.335922 
222 -14.968384 0.000000 -5.031768 98.840858 -0.000022 15.163951 0.000054 
223 -20.101635 0.000000 -5.031768 98.843102 -0.000014 15.161319 0.000018 
224 -14.968384 0.000000 -10.071724 98.838959 -0.000017 15.160756 0.000101 
225 -14.968384 0.000000 0.008188 98.845766 -0.000023 15.165628 -0.000048 
226 -7.268507 0.000000 -2.511790 98.828865 -0.000352 15.183766 0.000231 
227 -9.835133 0.000000 -2.511790 98.838131 -0.000042 15.174174 0.000077 
228 -7.268507 0.000000 -5.031768 98.821403 -0.000044 15.171661 0.000415 
229 -7.268507 0.000000 0.008188 98.848467 0.000218 15.190937 -0.000178 
230 -3.418569 0.000000 -1.251801 98.776123 -0.000264 15.265688 0.001024 
231 -4.701881 0.000000 -1.251801 98.816186 -0.000221 15.225040 0.000356 
232 -3.418569 0.000000 -2.511790 98.749223 -0.000234 15.213012 0.001716 
233 -3.418569 0.000000 0.008188 98.853829 -0.000225 15.296320 -0.000606 
234 -1.493599 0.000000 -0.621806 98.563726 0.000226 15.492095 0.004519 
235 -2.135256 0.000000 -0.621806 98.714630 0.002652 15.419426 0.001766 
236 -1.493599 0.000000 -1.251801 98.461086 -0.005803 15.338405 0.007015 
237 -1.493599 0.000000 0.008188 98.835215 0.000995 15.621767 -0.001244 
238 -0.531115 0.000000 -0.306809 97.205164 0.009543 16.823760 0.026812 
239 -0.851943 0.000000 -0.306809 98.074798 0.008622 16.432587 0.011130 
240 -0.531115 0.000000 -0.621806 97.089557 0.011513 15.877270 0.032153 
241 -0.531115 0.000000 0.008188 98.430186 0.005972 17.474330 0.000615 
242 -0.049872 0.000000 -0.149310 89.079767 0.091233 16.998164 0.177585 
243 -0.210286 0.000000 -0.149310 94.366700 0.017632 18.562538 0.075036 
244 -0.049872 0.000000 -0.306809 92.062659 0.035485 15.351483 0.128880 
245 -0.049872 0.000000 0.008188 87.181674 0.122695 32.001914 0.137522 
246 0.190749 0.000000 -0.070561 87.371691 -0.080170 15.769806 0.211749 
247 0.110542 0.000000 -0.070561 85.030610 -0.093373 -2.037801 0.276563 
248 0.190749 0.000000 -0.149310 87.883861 0.091037 9.219084 0.219143 
249 0.190749 0.000000 0.008188 85.668764 -0.430619 3.719550 0.264684 
250 0.351163 0.000000 0.086937 122.362160 0.233882 -18.097172 -0.530006 
251 0.270956 0.000000 0.086937 127.540854 0.305159 -10.925448 -0.638613 
252 0.351163 0.000000 0.165687 114.893300 0.199128 -3.311499 -0.321148 
253 0.311059 0.000000 -0.031187 83.660836 0.125857 2.184197 0.299608 
254 0.270956 0.000000 -0.031187 80.984089 0.077484 2.539168 0.343512 
255 0.311059 0.000000 -0.070561 84.910369 0.094027 3.786136 0.277589 
256 0.351163 0.000000 -0.031187 84.473204 0.153389 1.611550 0.286166 
257 0.311059 0.000000 0.008188 91.659542 0.138364 -1.251941 0.159694 
258 -14.968384 0.000000 5.048144 98.850558 -0.000017 15.163675 -0.000137 
259 -20.101635 0.000000 5.048144 98.847455 -0.000012 15.161188 -0.000068 
260 -14.968384 0.000000 10.088100 98.852155 -0.000010 15.160288 -0.000158 
261 -7.268507 0.000000 2.528166 98.867919 0.001094 15.183079 -0.000539 
262 -9.835133 0.000000 2.528166 98.855712 -0.000032 15.173801 -0.000270 
263 -7.268507 0.000000 5.048144 98.874576 -0.000014 15.170275 -0.000632 
264 -3.418569 0.000000 1.268177 98.933457 -0.000116 15.266664 -0.002090 
265 -4.701881 0.000000 1.268177 98.886953 -0.000150 15.224810 -0.001042 
266 -3.418569 0.000000 2.528166 98.961633 -0.000025 15.211479 -0.002479 
267 -1.493599 0.000000 0.638183 99.136996 0.001877 15.528520 -0.006928 
268 -2.135256 0.000000 0.638183 98.997663 0.000919 15.428823 -0.003859 
269 -1.493599 0.000000 1.268177 99.295993 0.002607 15.391935 -0.009661 
270 -0.531115 0.000000 0.323185 99.967958 0.004741 17.113657 -0.028647 
271 -0.851943 0.000000 0.323185 99.417162 -0.005898 16.596038 -0.015920 
272 -0.531115 0.000000 0.638183 100.581404 -0.007696 16.239240 -0.038033 
273 -0.049872 0.000000 0.165687 105.859328 0.078509 24.714795 -0.181702 
274 -0.210286 0.000000 0.165687 100.583020 -0.005981 20.663996 -0.054394 
275 -0.049872 0.000000 0.323185 105.678643 -0.005383 18.251752 -0.150110 
276 0.190749 0.000000 0.086937 132.815854 0.579488 2.823554 -0.764836 
277 0.110542 0.000000 0.086937 134.925184 0.773657 20.897084 -0.864209 
278 0.190749 0.000000 0.165687 121.682880 0.151777 9.088636 -0.488935 
279 0.230852 0.000000 -0.031187 80.301147 0.066689 2.632547 0.354479 
280 0.190749 0.000000 -0.031187 61.140826 -0.352935 53.781656 0.336921 
281 0.230852 0.000000 -0.070561 83.065291 0.002307 10.160648 0.299692 
282 0.230852 0.000000 0.008188 79.817981 -0.134902 1.916735 0.362540 
283 0.030335 0.000000 -0.070561 80.306773 0.078423 10.866352 0.343274 
284 -0.049872 0.000000 -0.070561 85.702488 0.098779 20.247796 0.224510 
285 0.030335 0.000000 -0.149310 86.973188 0.088813 13.480556 0.225393 
286 0.030335 0.000000 0.008188 81.477593 1.091088 32.434320 0.230823 
287 0.150645 0.000000 -0.031187 100.911459 -0.339054 1.998122 -0.018723 
288 0.110542 0.000000 -0.031187 56.143014 -0.424874 -45.920512 0.473909 
289 0.150645 0.000000 -0.070561 106.369384 -0.338629 1.323943 -0.131631 
290 0.150645 0.000000 0.008188 16.681371 -7.535329 0.439646 0.966476 
291 0.230852 0.000000 0.047563 127.029448 0.444354 -2.326784 -0.614209 
292 0.190749 0.000000 0.047563 132.863914 0.584317 2.979563 -0.766204 
293 0.270956 0.000000 0.047563 118.769261 0.273468 -8.655426 -0.418113 
294 0.230852 0.000000 0.086937 130.989938 0.450220 -2.974169 -0.716741 
295 0.210801 0.000000 -0.011499 45.990969 -0.497065 15.599430 0.764124 
296 0.190749 0.000000 -0.011499 29.935254 -0.453641 36.536346 0.776877 
297 0.210801 0.000000 -0.031187 80.321199 0.068379 2.633211 0.354157 
298 0.230852 0.000000 -0.011499 75.435220 -0.184209 2.769816 0.430182 
299 0.210801 0.000000 0.008188 70.322054 -0.555311 3.102295 0.504488 
300 0.030335 0.000000 0.086937 116.638466 0.165897 35.509320 -0.486547 
301 -0.049872 0.000000 0.086937 101.839269 0.104348 31.055672 -0.133570 
302 0.030335 0.000000 0.165687 112.850553 0.110988 24.257323 -0.332368 
303 0.070438 0.000000 -0.031187 72.736691 0.034557 3.509833 0.469705 
304 0.030335 0.000000 -0.031187 74.246553 0.808740 -4.813133 0.446363 
305 0.070438 0.000000 -0.070561 80.499760 0.005135 5.405666 0.349057 
306 0.070438 0.000000 0.008188 70.604588 -0.130134 3.802373 0.500052 
307 0.070438 0.000000 0.047563 130.425490 0.887296 42.143995 -0.878771 
308 0.030335 0.000000 0.047563 120.151872 0.986166 59.747320 -0.800719 
309 0.110542 0.000000 0.047563 133.869653 0.834870 28.653295 -0.874279 
310 0.070438 0.000000 0.086937 132.694135 0.919265 36.811949 -0.896370 
311 0.090490 0.000000 -0.011499 66.326833 -0.527100 4.600880 0.557931 
312 0.070438 0.000000 -0.011499 72.402447 0.061090 2.852524 0.474975 
313 0.090490 0.000000 -0.031187 67.894022 -0.339508 4.174281 0.537286 
314 0.110542 0.000000 -0.011499 30.632336 -0.436910 -35.380294 0.780970 
315 0.090490 0.000000 0.008188 67.704426 -0.354153 4.200295 0.539834 
316 -0.370701 0.000000 -0.149310 96.640802 -0.003026 17.934572 0.033891 
317 -0.531115 0.000000 -0.149310 97.701323 0.010677 17.193929 0.015882 
318 -0.370701 0.000000 -0.306809 96.369847 0.013959 16.777506 0.043137 
319 -0.370701 0.000000 0.008188 97.879312 0.016889 18.916105 0.006182 
320 -0.130079 0.000000 -0.070561 92.098115 -0.023002 20.973632 0.107804 
321 -0.210286 0.000000 -0.070561 95.005781 0.012362 19.877757 0.057878 
322 -0.130079 0.000000 -0.149310 92.235151 -0.005030 18.385843 0.115464 
323 -0.130079 0.000000 0.008188 94.461552 0.087875 24.247445 0.048907 
324 -0.009769 0.000000 -0.031187 72.974619 0.143712 18.546564 0.433071 
325 -0.049872 0.000000 -0.031187 83.990128 0.111494 24.721234 0.233451 
326 -0.009769 0.000000 -0.070561 81.660742 0.102647 16.479738 0.305993 
327 -0.009769 0.000000 0.008188 40.247198 1.594026 36.505992 0.704493 
328 -0.370701 0.000000 0.165687 99.617568 0.008664 18.893299 -0.028062 
329 -0.531115 0.000000 0.165687 99.281380 0.009121 17.501067 -0.016308 
330 -0.370701 0.000000 0.323185 100.874975 0.017355 18.010635 -0.050014 
331 -0.130079 0.000000 0.086937 98.997449 0.013123 24.627511 -0.040701 
332 -0.210286 0.000000 0.086937 98.734168 -0.007640 21.444756 -0.020831 
333 -0.130079 0.000000 0.165687 102.137249 0.022265 22.603450 -0.094293 
334 -0.009769 0.000000 0.047563 100.947958 0.170155 44.693307 -0.218801 
335 -0.049872 0.000000 0.047563 95.892311 0.119092 33.943043 -0.034748 
336 -0.009769 0.000000 0.086937 107.181959 0.133254 35.068228 -0.271777 
337 0.010283 0.000000 -0.011499 48.176805 1.453811 2.698482 0.766960 
338 -0.009769 0.000000 -0.011499 31.986511 1.645709 9.041958 0.889240 
339 0.010283 0.000000 -0.031187 56.655112 1.284475 -12.536325 0.663139 
340 0.030335 0.000000 -0.011499 70.493262 0.914800 -6.401791 0.498888 
341 0.010283 0.000000 0.008188 57.423536 1.440169 51.496462 0.404858 
342 -0.089976 0.000000 -0.031187 89.883263 0.092759 23.920880 0.134878 
343 -0.130079 0.000000 -0.031187 92.825315 0.087525 22.787396 0.086419 
344 -0.089976 0.000000 -0.070561 89.505794 0.089533 21.145360 0.154158 
345 -0.089976 0.000000 0.008188 92.199941 0.093365 26.782677 0.078185 
346 -0.029821 0.000000 -0.011499 77.440774 0.142300 29.589511 0.312737 
347 -0.049872 0.000000 -0.011499 84.503140 0.118389 28.378181 0.205388 
348 -0.029821 0.000000 -0.031187 78.908132 0.122606 23.517537 0.322042 
349 -0.029821 0.000000 0.008188 81.527010 0.155575 37.351137 0.195822 
350 0.010283 0.000000 0.027875 90.279170 1.240537 77.529611 -0.416271 
351 -0.009769 0.000000 0.027875 56.563175 1.484325 80.614915 0.029964 
352 0.030335 0.000000 0.027875 114.145684 1.040303 65.779808 -0.735730 
353 0.010283 0.000000 0.047563 109.746518 0.249827 48.725533 -0.441854 
354 0.000257 0.000000 -0.001656 29.585127 1.689160 24.303062 0.853123 
355 -0.009769 0.000000 -0.001656 39.174986 1.600492 32.619399 0.739873 
356 0.000257 0.000000 -0.011499 42.189678 1.529173 7.607515 0.815982 
357 0.010283 0.000000 -0.001656 48.910932 1.481826 13.920806 0.741174 
358 0.000257 0.000000 0.008188 44.703889 1.558406 62.156840 0.413566 
359 0.050386 0.000000 0.027875 125.416517 0.950237 51.440327 -0.837631 
360 0.050386 0.000000 0.008188 76.575794 0.484030 0.928972 0.413505 
361 0.070438 0.000000 0.027875 129.332054 0.927892 44.525731 -0.871018 
362 0.050386 0.000000 0.047563 126.107017 0.945016 50.436369 -0.844770 
363 0.311059 0.000000 0.047563 115.194053 0.203777 -11.017215 -0.339109 
364 0.351163 0.000000 0.047563 117.704684 0.239739 -15.992109 -0.411020 
365 0.311059 0.000000 0.086937 124.955486 0.238726 -15.109933 -0.584224 
366 0.471473 0.000000 0.047563 111.568169 0.540551 -26.883298 -0.317046 
367 0.431370 0.000000 0.047563 112.330945 0.424385 -22.944480 -0.314487 
368 0.471473 0.000000 0.086937 107.909332 0.213896 -14.124339 -0.184397 
369 0.531629 0.000000 0.027875 100.238097 1.698267 -29.477117 -0.091946 
370 0.511577 0.000000 0.027875 103.400924 1.068152 -26.006397 -0.136922 
371 0.531629 0.000000 0.047563 101.777629 0.243305 -18.262215 -0.069225 
372 -4.701881 0.000000 -15.111679 98.831337 -0.000009 15.151206 0.000281 
373 -9.835133 0.000000 -15.111679 98.835700 -0.000012 15.156578 0.000178 
374 -4.701881 0.000000 -20.151635 98.836667 -0.000006 15.152623 0.000171 
375 0.431370 0.000000 -15.111679 98.829502 0.000000 15.141725 0.000346 
376 -2.135256 0.000000 -7.551746 98.791881 -0.002445 15.132528 0.001117 
377 -4.701881 0.000000 -7.551746 98.808613 -0.000025 15.154721 0.000719 
378 -2.135256 0.000000 -10.071724 98.812762 -0.000004 15.139042 0.000685 
379 0.431370 0.000000 -7.551746 98.785211 -0.002842 15.095109 0.001362 
380 -0.851943 0.000000 -3.771779 98.636819 -0.004381 15.058305 0.004403 
381 -2.135256 0.000000 -3.771779 98.701219 -0.000152 15.144788 0.002870 
382 -0.851943 0.000000 -5.031768 98.719528 -0.000067 15.084306 0.002692 
383 0.431370 0.000000 -3.771779 98.621370 -0.005684 14.916345 0.005133 
384 -0.210286 0.000000 -1.881795 98.115172 -0.005015 14.777119 0.015505 
385 -0.851943 0.000000 -1.881795 98.279046 0.000745 15.095837 0.011334 
386 -0.210286 0.000000 -2.511790 98.388095 0.003095 14.874454 0.009853 
387 0.431370 0.000000 -1.881795 98.074450 -0.004770 14.332804 0.017597 
388 0.110542 0.000000 -0.936804 96.368692 0.021770 13.859382 0.052099 
389 -0.210286 0.000000 -0.936804 96.750162 0.032794 14.830495 0.041946 
390 0.110542 0.000000 -1.251801 97.311988 0.012398 14.170984 0.032956 
391 0.431370 0.000000 -0.936804 96.520077 0.019813 12.742800 0.052150 
392 0.270956 0.000000 -0.464308 93.233471 0.037057 11.161230 0.118295 
393 0.110542 0.000000 -0.464308 93.235227 0.020702 12.992353 0.113839 
394 0.270956 0.000000 -0.621806 94.599352 0.057943 12.068161 0.090532 
395 0.431370 0.000000 -0.464308 93.720053 0.043232 9.466710 0.112693 
396 0.190749 0.000000 -0.228060 89.299345 0.092478 10.070382 0.192421 
397 0.110542 0.000000 -0.228060 89.286741 0.086929 11.848588 0.188748 
398 0.190749 0.000000 -0.306809 90.473765 0.059774 10.698769 0.170003 
399 0.270956 0.000000 -0.228060 89.493391 0.104649 8.251089 0.192284 
400 0.150645 0.000000 -0.109936 88.571247 0.040351 8.347787 0.208545 
401 0.110542 0.000000 -0.109936 86.685464 0.048887 7.428902 0.243044 
402 0.150645 0.000000 -0.149310 87.961369 0.085519 9.588061 0.217086 
403 0.190749 0.000000 -0.109936 87.627317 0.052885 9.705747 0.222725 
404 0.130593 0.000000 -0.050874 95.421394 -0.355562 -23.439535 0.034522 
405 0.110542 0.000000 -0.050874 74.949884 -0.390371 -41.202757 0.268470 
406 0.130593 0.000000 -0.070561 91.471736 -0.361751 -31.031899 0.066981 
407 0.150645 0.000000 -0.050874 102.315336 -0.338932 2.251614 -0.047361 
408 0.130593 0.000000 -0.031187 85.079219 -0.373456 -30.398864 0.183730 
409 -0.049872 0.000000 -0.464308 94.067302 0.000536 14.675405 0.093598 
410 -0.210286 0.000000 -0.464308 95.490045 0.025540 15.552801 0.063976 
411 -0.049872 0.000000 -0.621806 95.446864 0.035877 14.355239 0.068382 
412 0.030335 0.000000 -0.228060 89.753979 0.085320 13.972807 0.174898 
413 -0.049872 0.000000 -0.228060 91.212494 -0.000037 15.819939 0.143001 
414 0.030335 0.000000 -0.306809 91.419723 0.019834 13.919972 0.144867 
415 0.070438 0.000000 -0.109936 84.783876 0.073339 9.494919 0.272154 
416 0.030335 0.000000 -0.109936 84.441456 0.086410 12.632160 0.271006 
417 0.070438 0.000000 -0.149310 86.913156 0.084268 11.530510 0.231314 
418 0.090490 0.000000 -0.050874 75.067698 -0.191857 -3.855966 0.434994 
419 0.070438 0.000000 -0.050874 76.572418 -0.073156 3.107585 0.412700 
420 0.090490 0.000000 -0.070561 81.487612 -0.051791 1.635125 0.335709 
421 0.150645 0.000000 0.047563 134.225718 0.735553 13.609815 -0.820231 
422 0.150645 0.000000 0.086937 134.183273 0.727003 13.152330 -0.817866 
423 0.130593 0.000000 -0.011499 91.471736 -0.361751 -31.031899 0.066981 
424 0.150645 0.000000 -0.011499 106.369384 -0.338629 1.323943 -0.131631 
425 0.130593 0.000000 0.008188 17.730924 -7.529937 -3.152857 0.961897 
426 0.120568 0.000000 -0.041030 76.223529 -0.387891 -40.427586 0.255543 
427 0.110542 0.000000 -0.041030 66.190506 -0.406380 -43.617633 0.371615 
428 0.120568 0.000000 -0.050874 81.786196 -0.378842 -33.491102 0.218922 
429 0.130593 0.000000 -0.041030 86.790274 -0.370354 -30.057830 0.156384 
430 0.120568 0.000000 -0.031187 71.197846 -0.397876 -38.370572 0.345841 
431 0.170697 0.000000 -0.050874 98.256825 -0.322819 27.936466 -0.043495 
432 0.170697 0.000000 -0.070561 95.877686 -0.318267 35.208598 -0.043228 
433 0.190749 0.000000 -0.050874 80.330727 -0.321307 47.110597 0.132746 
434 0.170697 0.000000 -0.031187 86.144481 -0.323760 38.046733 0.113147 
435 2.035511 0.000000 -0.306809 99.360313 -0.007914 7.263634 0.007477 
436 2.035511 0.000000 -0.621806 98.974177 -0.000795 10.308987 0.009784 
437 2.356339 0.000000 -0.306809 99.493953 -0.008429 7.881250 0.003884 
438 2.035511 0.000000 0.008188 100.185567 0.094800 -1.539384 -0.003953 
439 5.564621 0.000000 -15.111679 98.832798 0.000009 15.133037 0.000307 
440 5.564621 0.000000 -20.151635 98.837288 0.000002 15.144532 0.000183 
441 10.697873 0.000000 -15.111679 98.838023 0.000011 15.129473 0.000214 
442 15.831124 0.000000 -15.111679 98.841933 0.000008 15.129692 0.000136 
443 15.831124 0.000000 -20.151635 98.841555 0.000004 15.141414 0.000108 
444 20.964375 0.000000 -15.111679 98.844201 0.000006 15.131358 0.000087 
445 -14.968384 0.000000 -15.111679 98.839256 -0.000012 15.158420 0.000102 
446 -20.101635 0.000000 -15.111679 98.841432 -0.000009 15.158747 0.000058 
447 -14.968384 0.000000 -20.151635 98.840203 -0.000008 15.157193 0.000087 
448 2.997996 0.000000 -7.551746 98.798414 -0.003192 15.061413 0.001203 
449 2.997996 0.000000 -10.071724 98.815493 0.000030 15.107044 0.000728 
450 5.564621 0.000000 -7.551746 98.818775 -0.002078 15.047149 0.000843 
451 8.131247 0.000000 -7.551746 98.833902 0.000063 15.048867 0.000539 
452 8.131247 0.000000 -10.071724 98.832416 0.000033 15.094845 0.000430 
453 10.697873 0.000000 -7.551746 98.842846 0.000047 15.055361 0.000343 
454 -7.268507 0.000000 -7.551746 98.822815 -0.000031 15.162314 0.000416 
455 -9.835133 0.000000 -7.551746 98.831591 -0.000029 15.163749 0.000238 
456 -7.268507 0.000000 -10.071724 98.826733 -0.000022 15.157456 0.000353 
457 1.714683 0.000000 -3.771779 98.673443 0.002460 14.792952 0.004472 
458 1.714683 0.000000 -5.031768 98.730916 -0.000378 14.960940 0.002838 
459 2.997996 0.000000 -3.771779 98.743567 0.000643 14.740585 0.003242 
460 4.281308 0.000000 -3.771779 98.800374 -0.008668 14.743009 0.002113 
461 4.281308 0.000000 -5.031768 98.797226 0.002735 14.915609 0.001663 
462 5.564621 0.000000 -3.771779 98.835704 -0.005130 14.766776 0.001345 
463 -3.418569 0.000000 -3.771779 98.756461 -0.000188 15.176109 0.001685 
464 -4.701881 0.000000 -3.771779 98.791467 -0.000175 15.182731 0.000973 
465 -3.418569 0.000000 -5.031768 98.772801 -0.000148 15.157290 0.001419 
466 1.073026 0.000000 -1.881795 98.246209 -0.003468 13.963627 0.015270 
467 1.073026 0.000000 -2.511790 98.445253 0.003439 14.464863 0.009930 
468 1.714683 0.000000 -1.881795 98.464685 0.002383 13.783645 0.011472 
469 2.356339 0.000000 -1.881795 98.675625 0.003103 13.794881 0.007282 
470 2.356339 0.000000 -2.511790 98.669712 0.008317 14.308304 0.005956 
471 2.997996 0.000000 -1.881795 98.796682 0.006920 13.855942 0.004723 
472 -1.493599 0.000000 -1.881795 98.501498 -0.001504 15.203770 0.006630 
473 -2.135256 0.000000 -1.881795 98.622771 0.004038 15.255669 0.004081 
474 -1.493599 0.000000 -2.511790 98.554027 0.004939 15.152280 0.005751 
475 0.752198 0.000000 -0.936804 96.949308 0.053505 11.865883 0.046003 
476 0.752198 0.000000 -1.251801 97.634015 0.019768 13.107500 0.029579 
477 1.073026 0.000000 -0.936804 97.618952 0.006847 11.539054 0.033739 
478 1.393855 0.000000 -0.936804 98.227773 0.014158 11.583216 0.021713 
479 1.393855 0.000000 -1.251801 98.210105 0.005533 12.667745 0.019430 
480 1.714683 0.000000 -0.936804 98.537728 0.004585 11.647686 0.015465 
481 -0.531115 0.000000 -0.936804 97.269629 0.018928 15.427835 0.030060 
482 -0.851943 0.000000 -0.936804 98.000901 0.009360 15.420552 0.015803 
483 -0.531115 0.000000 -1.251801 97.824192 0.012012 15.046480 0.020403 
484 0.591784 0.000000 -0.464308 94.516064 0.004673 8.033255 0.100218 
485 0.591784 0.000000 -0.621806 95.523816 0.038554 10.104979 0.077309 
486 0.752198 0.000000 -0.464308 95.900598 0.024782 7.616855 0.074506 
487 0.912612 0.000000 -0.464308 96.949710 0.031991 7.594726 0.054307 
488 0.912612 0.000000 -0.621806 97.138707 0.013839 9.542555 0.047301 
489 1.073026 0.000000 -0.464308 97.698345 0.005037 7.788385 0.039437 
490 0.351163 0.000000 -0.228060 89.852311 0.082609 6.406957 0.188551 
491 0.351163 0.000000 -0.306809 91.275412 0.085838 8.057645 0.160387 
492 0.431370 0.000000 -0.228060 90.929663 0.106487 5.045348 0.170633 
493 2.035511 0.000000 -0.936804 98.756650 0.000135 11.800312 0.010788 
494 2.035511 0.000000 -1.251801 98.646276 -0.000343 12.728117 0.010691 
495 2.356339 0.000000 -0.936804 98.883308 0.002721 11.932213 0.007971 
496 2.035511 0.000000 0.323185 100.074074 0.006814 4.730982 -0.003720 
497 2.356339 0.000000 0.323185 100.187216 0.004131 4.435469 -0.005715 
498 2.035511 0.000000 0.638183 99.846810 0.009318 8.557646 -0.004262 
499 0.391266 0.000000 -0.031187 85.161807 0.176588 1.122552 0.274618 
500 0.391266 0.000000 -0.070561 86.565525 0.161047 0.909439 0.250556 
501 0.391266 0.000000 0.008188 92.780408 0.258057 -4.300419 0.137324 
502 -0.370701 0.000000 -0.464308 96.424682 0.026799 16.082642 0.044363 
503 -0.531115 0.000000 -0.464308 97.045293 0.014325 16.335441 0.031536 
504 -0.370701 0.000000 -0.621806 96.491763 0.014919 15.725899 0.044204 
505 -0.130079 0.000000 -0.228060 92.869479 0.042199 16.983368 0.108682 
506 -0.210286 0.000000 -0.228060 94.039164 0.012383 17.742588 0.084184 
507 -0.130079 0.000000 -0.306809 93.280934 0.022791 16.242633 0.103484 
508 0.230852 0.000000 -0.109936 86.270434 0.075080 8.532403 0.248460 
509 0.230852 0.000000 -0.149310 87.535249 0.085990 8.268146 0.226921 
510 0.270956 0.000000 -0.109936 86.066927 0.089187 6.543453 0.254966 
511 0.391266 0.000000 0.047563 115.664406 0.309136 -20.958100 -0.381759 
512 0.391266 0.000000 0.086937 120.075671 0.233194 -20.742269 -0.484846 
513 0.210801 0.000000 -0.050874 78.787314 -0.170391 17.772198 0.347668 
514 0.210801 0.000000 -0.070561 84.012665 -0.043905 13.211783 0.276732 
515 0.230852 0.000000 -0.050874 79.778655 0.022651 2.615230 0.362853 
516 -0.009769 0.000000 -0.109936 85.484393 0.092936 15.832545 0.244174 
517 -0.049872 0.000000 -0.109936 87.609580 0.085579 18.226341 0.199235 
518 -0.009769 0.000000 -0.149310 87.753372 0.086527 15.490244 0.205939 
519 0.170697 0.000000 -0.011499 78.674069 -0.330332 45.875633 0.170571 
520 0.170697 0.000000 0.008188 133.401877 0.703514 4.675203 -0.781841 
521 0.050386 0.000000 -0.011499 75.482443 0.624711 -1.604851 0.429943 
522 0.050386 0.000000 -0.031187 76.574446 0.485481 0.908275 0.413529 
523 0.090490 0.000000 0.027875 133.185947 0.820640 34.075085 -0.890028 
524 0.110542 0.000000 0.027875 134.284689 0.811432 25.481698 -0.868235 
525 0.090490 0.000000 0.047563 132.517760 0.880295 35.263571 -0.880525 
526 -0.089976 0.000000 -0.109936 89.932942 0.089428 19.318926 0.153884 
527 -0.130079 0.000000 -0.109936 91.982994 -0.018793 19.561576 0.115647 
528 -0.089976 0.000000 -0.149310 90.643199 0.083425 18.065121 0.145745 
529 -0.089976 0.000000 0.047563 96.109229 0.089469 28.010761 -0.002159 
530 -0.130079 0.000000 0.047563 96.702254 -0.000895 24.805317 0.003337 
531 -0.089976 0.000000 0.086937 99.712245 0.087114 27.241858 -0.068466 
532 -0.029821 0.000000 0.027875 90.071033 0.148116 40.271388 0.026540 
533 -0.049872 0.000000 0.027875 91.528550 0.122542 33.955023 0.046957 
534 -0.029821 0.000000 0.047563 96.955248 0.136980 38.759886 -0.090267 
535 0.130593 0.000000 0.027875 134.927882 0.768102 20.898853 -0.864289 
536 0.150645 0.000000 0.027875 134.581069 0.748671 17.189160 -0.840809 
537 0.130593 0.000000 0.047563 134.737884 0.789847 19.020341 -0.851669 
538 0.170697 0.000000 0.027875 133.383459 0.596866 4.696895 -0.781356 
539 0.190749 0.000000 0.027875 133.383325 0.596087 4.697054 -0.781353 
540 0.170697 0.000000 0.047563 134.031196 0.710106 11.533625 -0.809789 
541 0.511577 0.000000 -0.228060 92.124779 0.091518 3.829900 0.149835 
542 0.511577 0.000000 -0.306809 92.975845 0.059201 5.933223 0.132029 
543 0.591784 0.000000 -0.228060 93.354863 0.055330 2.859391 0.127669 
544 0.671991 0.000000 -0.228060 94.589036 0.055142 2.411355 0.104710 
545 0.671991 0.000000 -0.306809 94.691659 0.058241 4.620096 0.101214 
546 0.752198 0.000000 -0.228060 95.527144 0.049636 1.985395 0.087062 
547 0.311059 0.000000 -0.109936 86.526299 0.101385 4.915980 0.248902 
548 0.311059 0.000000 -0.149310 87.711972 0.104537 5.602092 0.227522 
549 0.351163 0.000000 -0.109936 87.102986 0.171439 3.480165 0.240093 
550 0.391266 0.000000 -0.109936 87.736415 0.150652 2.329569 0.229687 
551 0.391266 0.000000 -0.149310 88.629534 0.128525 3.394333 0.213327 
552 0.431370 0.000000 -0.109936 88.267972 0.115080 1.094293 0.220755 
553 0.210801 0.000000 0.027875 115.029266 0.347100 0.008889 -0.323185 
554 0.230852 0.000000 0.027875 104.016016 0.205970 -2.399789 -0.082513 
555 0.210801 0.000000 0.047563 131.555630 0.513266 -1.226863 -0.730865 
556 0.050386 0.000000 -0.050874 77.674616 0.016860 6.658182 0.392232 
557 0.030335 0.000000 -0.050874 77.589447 0.075933 9.197051 0.389529 
558 0.050386 0.000000 -0.070561 80.335811 0.045764 8.294892 0.347735 
559 0.010283 0.000000 -0.050874 77.197018 0.106258 12.729022 0.387858 
560 -0.009769 0.000000 -0.050874 78.438600 0.113142 17.115787 0.355442 
561 0.010283 0.000000 -0.070561 80.592839 0.097418 13.638022 0.331879 
562 0.471473 0.000000 -0.109936 89.062965 0.078745 0.072692 0.206778 
563 0.471473 0.000000 -0.149310 90.039343 0.108089 1.777834 0.188974 
564 0.511577 0.000000 -0.109936 89.995940 0.107106 -0.908090 0.189989 
565 0.551681 0.000000 -0.109936 91.094756 0.089970 -1.711285 0.169881 
566 0.551681 0.000000 -0.149310 91.775560 0.090161 0.262025 0.157717 
567 0.591784 0.000000 -0.109936 92.358414 0.078013 -2.193302 0.146511 
568 0.631888 0.000000 -0.109936 93.526484 0.054899 -2.701576 0.124550 
569 0.631888 0.000000 -0.149310 93.667364 0.049361 -0.650308 0.122600 
570 0.671991 0.000000 -0.109936 94.575661 0.047943 -2.776291 0.104773 
571 -0.029821 0.000000 -0.050874 81.424471 0.109733 20.419332 0.295309 
572 -0.049872 0.000000 -0.050874 84.675096 0.104640 22.042794 0.234423 
573 -0.029821 0.000000 -0.070561 83.529291 0.101468 18.783463 0.267003 
1 19 21 3 22 
2 20 19 22 9 
3 28 20 9 30 
4 29 28 30 4 
5 35 37 19 38 
6 36 35 38 20 
7 44 36 20 46 
8 45 44 46 28 
9 51 53 35 54 
10 52 51 54 36 
11 60 52 36 62 
12 61 60 62 44 
13 67 69 51 70 
14 68 67 70 52 
15 76 68 52 78 
16 77 76 78 60 
17 83 85 67 86 
18 84 83 86 68 
19 92 84 68 94 
20 93 92 94 76 
21 99 101 83 102 
22 100 99 102 84 
23 108 100 84 110 
24 109 108 110 92 
25 115 117 99 118 
26 116 115 118 100 
27 10 125 124 26 
28 125 13 126 124 
29 124 126 8 127 
30 26 124 127 14 
31 23 129 128 42 
32 129 26 130 128 
33 128 130 14 131 
34 42 128 131 27 
35 39 133 132 58 
36 133 42 134 132 
37 132 134 27 135 
38 58 132 135 43 
39 137 58 138 136 
40 136 138 43 139 
41 71 141 140 90 
42 141 74 142 140 
43 140 142 59 143 
44 90 140 143 75 
45 87 145 144 106 
46 145 90 146 144 
47 144 146 75 147 
48 106 144 147 91 
49 149 106 150 148 
50 148 150 91 151 
51 152 116 100 154 
52 153 152 154 108 
53 155 157 115 158 
54 156 155 158 116 
55 119 161 159 160 
56 161 122 162 159 
57 14 127 164 37 
58 127 8 165 164 
59 164 165 21 166 
60 37 164 166 19 
61 27 131 167 53 
62 131 14 168 167 
63 167 168 37 169 
64 53 167 169 35 
65 43 135 170 69 
66 135 27 171 170 
67 170 171 53 172 
68 69 170 172 51 
69 139 43 174 173 
70 173 174 69 175 
71 85 173 175 67 
72 75 143 176 101 
73 143 59 177 176 
74 176 177 85 178 
75 101 176 178 83 
76 91 147 179 117 
77 147 75 180 179 
78 179 180 101 181 
79 117 179 181 99 
80 151 91 183 182 
81 182 183 117 184 
82 157 182 184 115 
83 122 186 185 162 
84 186 148 187 185 
85 185 187 151 188 
86 162 185 188 107 
87 189 191 157 192 
88 190 189 192 155 
89 159 195 193 194 
90 195 162 196 193 
91 193 196 107 197 
92 120 204 202 203 
93 204 119 160 202 
94 202 160 123 205 
95 203 202 205 5 
96 160 208 206 207 
97 208 159 194 206 
98 206 194 163 209 
99 207 206 209 123 
100 107 188 210 191 
101 188 151 211 210 
102 210 211 182 212 
103 191 210 212 157 
104 163 197 213 214 
105 197 107 215 213 
106 213 215 191 216 
107 214 213 216 189 
108 194 219 217 218 
109 219 193 220 217 
110 217 220 197 221 
111 218 217 221 163 
112 16 224 222 223 
113 224 15 32 222 
114 222 32 18 225 
115 223 222 225 6 
116 32 228 226 227 
117 228 31 48 226 
118 226 48 34 229 
119 227 226 229 18 
120 48 232 230 231 
121 232 47 64 230 
122 230 64 50 233 
123 231 230 233 34 
124 64 236 234 235 
125 236 63 80 234 
126 234 80 66 237 
127 235 234 237 50 
128 80 240 238 239 
129 239 238 241 66 
130 250 156 116 252 
131 251 250 252 152 
132 199 255 253 254 
133 255 198 256 253 
134 253 256 201 257 
135 254 253 257 114 
136 6 225 258 259 
137 225 18 45 258 
138 258 45 28 260 
139 259 258 260 29 
140 18 229 261 262 
141 229 34 61 261 
142 261 61 44 263 
143 262 261 263 45 
144 34 233 264 265 
145 233 50 77 264 
146 264 77 60 266 
147 265 264 266 61 
148 50 237 267 268 
149 237 66 93 267 
150 267 93 76 269 
151 268 267 269 77 
152 66 241 270 271 
153 270 109 92 272 
154 271 270 272 93 
155 273 153 108 275 
156 274 273 275 109 
157 276 251 152 278 
158 277 276 278 153 
159 281 199 254 279 
160 279 254 114 282 
161 282 114 293 291 
162 291 293 251 294 
163 292 291 294 276 
164 280 297 295 296 
165 297 279 298 295 
166 295 298 282 299 
167 296 295 299 249 
168 300 277 153 302 
169 301 300 302 273 
170 307 309 277 310 
171 308 307 310 300 
172 303 313 311 312 
173 313 288 314 311 
174 311 314 98 315 
175 312 311 315 306 
176 238 318 316 317 
177 318 96 243 316 
178 316 243 82 319 
179 317 316 319 241 
180 243 322 320 321 
181 321 320 323 82 
182 241 319 328 329 
183 319 82 274 328 
184 328 274 109 330 
185 329 328 330 270 
186 82 323 331 332 
187 331 301 273 333 
188 332 331 333 274 
189 334 308 300 336 
190 335 334 336 301 
191 324 339 337 338 
192 339 304 340 337 
193 337 340 286 341 
194 320 344 342 343 
195 344 284 325 342 
196 342 325 245 345 
197 343 342 345 323 
198 325 348 346 347 
199 348 324 338 346 
200 346 338 327 349 
201 347 346 349 245 
202 327 341 350 351 
203 341 286 352 350 
204 350 352 308 353 
205 351 350 353 334 
206 338 356 354 355 
207 356 337 357 354 
208 354 357 341 358 
209 355 354 358 327 
210 286 360 359 352 
211 360 306 361 359 
212 359 361 307 362 
213 352 359 362 308 
214 114 257 363 293 
215 257 201 364 363 
216 363 364 250 365 
217 293 363 365 251 
218 5 205 366 367 
219 205 123 190 366 
220 366 190 155 368 
221 367 366 368 156 
222 123 209 369 370 
223 209 163 214 369 
224 369 214 189 371 
225 370 369 371 190 
226 17 374 372 373 
227 374 7 375 372 
228 372 375 11 33 
229 373 372 33 15 
230 33 378 376 377 
231 378 11 379 376 
232 376 379 24 49 
233 377 376 49 31 
234 49 382 380 381 
235 382 24 383 380 
236 380 383 40 65 
237 381 380 65 47 
238 65 386 384 385 
239 386 40 387 384 
240 384 387 56 81 
241 385 384 81 63 
242 81 390 388 389 
243 390 56 391 388 
244 388 391 72 97 
245 389 388 97 79 
246 97 394 392 393 
247 394 72 395 392 
248 392 395 88 113 
249 393 392 113 95 
250 95 398 396 397 
251 398 113 399 396 
252 396 399 111 248 
253 397 396 248 112 
254 112 402 400 401 
255 402 248 403 400 
256 400 403 246 289 
257 401 400 289 247 
258 247 406 404 405 
259 406 289 407 404 
260 404 407 287 408 
261 79 411 409 410 
262 411 97 393 409 
263 409 393 95 244 
264 410 409 244 96 
265 244 414 412 413 
266 414 95 397 412 
267 412 397 112 285 
268 413 412 285 242 
269 285 417 415 416 
270 417 112 401 415 
271 415 401 247 305 
272 416 415 305 283 
273 305 420 418 419 
274 420 247 405 418 
275 418 405 288 313 
276 419 418 313 303 
277 421 292 276 422 
278 309 421 422 277 
279 288 408 423 314 
280 408 287 424 423 
281 423 424 290 425 
282 314 423 425 98 
283 405 428 426 427 
284 428 404 429 426 
285 426 429 408 430 
286 427 426 430 288 
287 289 432 431 407 
288 432 246 433 431 
289 431 433 280 434 
290 407 431 434 287 
291 74 436 435 142 
292 436 136 437 435 
293 435 437 139 438 
294 142 435 438 59 
295 7 440 439 375 
296 440 12 441 439 
297 439 441 10 25 
298 375 439 25 11 
299 12 443 442 441 
300 443 2 444 442 
301 442 444 13 125 
302 441 442 125 10 
303 1 447 445 446 
304 447 17 373 445 
305 445 373 15 224 
306 446 445 224 16 
307 11 449 448 379 
308 449 25 450 448 
309 448 450 23 41 
310 379 448 41 24 
311 25 452 451 450 
312 452 10 453 451 
313 451 453 26 129 
314 450 451 129 23 
315 15 456 454 455 
316 456 33 377 454 
317 454 377 31 228 
318 455 454 228 32 
319 24 458 457 383 
320 458 41 459 457 
321 457 459 39 57 
322 383 457 57 40 
323 41 461 460 459 
324 461 23 462 460 
325 460 462 42 133 
326 459 460 133 39 
327 31 465 463 464 
328 465 49 381 463 
329 463 381 47 232 
330 464 463 232 48 
331 40 467 466 387 
332 467 57 468 466 
333 466 468 55 73 
334 387 466 73 56 
335 57 470 469 468 
336 470 39 471 469 
337 469 471 58 137 
338 468 469 137 55 
339 47 474 472 473 
340 474 65 385 472 
341 472 385 63 236 
342 473 472 236 64 
343 56 476 475 391 
344 476 73 477 475 
345 475 477 71 89 
346 391 475 89 72 
347 73 479 478 477 
348 479 55 480 478 
349 478 480 74 141 
350 477 478 141 71 
351 63 483 481 482 
352 483 81 389 481 
353 481 389 79 240 
354 482 481 240 80 
355 72 485 484 395 
356 485 89 486 484 
357 484 486 87 105 
358 395 484 105 88 
359 89 488 487 486 
360 488 71 489 487 
361 487 489 90 145 
362 486 487 145 87 
363 113 491 490 399 
364 491 88 492 490 
365 490 492 104 200 
366 399 490 200 111 
367 55 494 493 480 
368 494 137 495 493 
369 493 495 136 436 
370 480 493 436 74 
371 59 438 496 177 
372 438 139 497 496 
373 496 497 173 498 
374 177 496 498 85 
375 198 500 499 256 
376 500 120 203 499 
377 499 203 5 501 
378 256 499 501 201 
379 240 504 502 503 
380 504 79 410 502 
381 502 410 96 318 
382 503 502 318 238 
383 96 507 505 506 
384 507 244 413 505 
385 505 413 242 322 
386 506 505 322 243 
387 248 509 508 403 
388 509 111 510 508 
389 508 510 199 281 
390 403 508 281 246 
391 201 501 511 364 
392 501 5 367 511 
393 511 367 156 512 
394 364 511 512 250 
395 246 514 513 433 
396 514 281 515 513 
397 513 515 279 297 
398 433 513 297 280 
399 242 518 516 517 
400 518 285 416 516 
401 516 416 283 326 
402 517 516 326 284 
403 287 434 519 424 
404 434 280 296 519 
405 519 296 249 520 
406 424 519 520 290 
407 304 522 521 340 
408 522 303 312 521 
409 521 312 306 360 
410 340 521 360 286 
411 306 315 523 361 
412 315 98 524 523 
413 523 524 309 525 
414 361 523 525 307 
415 322 528 526 527 
416 528 242 517 526 
417 526 517 284 344 
418 527 526 344 320 
419 323 345 529 530 
420 345 245 335 529 
421 529 335 301 531 
422 530 529 531 331 
423 245 349 532 533 
424 349 327 351 532 
425 532 351 334 534 
426 533 532 534 335 
427 98 425 535 524 
428 425 290 536 535 
429 535 536 421 537 
430 524 535 537 309 
431 290 520 538 536 
432 520 249 539 538 
433 538 539 292 540 
434 536 538 540 421 
435 88 542 541 492 
436 542 105 543 541 
437 541 543 103 121 
438 492 541 121 104 
439 105 545 544 543 
440 545 87 546 544 
441 544 546 106 149 
442 543 544 149 103 
443 111 548 547 510 
444 548 200 549 547 
445 547 549 198 255 
446 510 547 255 199 
447 200 551 550 549 
448 551 104 552 550 
449 550 552 120 500 
450 549 550 500 198 
451 249 299 553 539 
452 299 282 554 553 
453 553 554 291 555 
454 539 553 555 292 
455 283 558 556 557 
456 558 305 419 556 
457 556 419 303 522 
458 557 556 522 304 
459 326 561 559 560 
460 561 283 557 559 
461 559 557 304 339 
462 560 559 339 324 
463 104 563 562 552 
464 563 121 564 562 
465 562 564 119 204 
466 552 562 204 120 
467 121 566 565 564 
468 566 103 567 565 
469 565 567 122 161 
470 564 565 161 119 
471 103 569 568 567 
472 569 149 570 568 
473 568 570 148 186 
474 567 568 186 122 
475 284 573 571 572 
476 573 326 560 571 
477 571 560 324 348 
478 572 571 348 325 
