2 0.000000 100.000000 5791.461216
573 478 
1 -20.101635 0.000000 -20.151635 97.099822 -0.000010 -23.932115 -0.000112 
2 20.964375 0.000000 -20.151635 97.109697 0.000018 -23.882460 -0.000067 
3 20.964375 0.000000 20.168012 97.092880 0.000010 -23.913269 0.000113 
4 -20.101635 0.000000 20.168012 97.090354 -0.000005 -23.932806 0.000068 
5 0.431370 0.000000 0.008188 99.074366 0.425112 -4.761653 0.016142 
6 -20.101635 0.000000 0.008188 97.095622 -0.000021 -23.938190 -0.000060 
7 0.431370 0.000000 -20.151635 97.111690 0.000000 -23.914705 -0.000259 
8 20.964375 0.000000 0.008188 97.191387 -0.000319 -23.523691 0.000047 
9 0.431370 0.000000 20.168012 97.083303 0.000009 -23.920908 0.000262 
10 10.697873 0.000000 -10.071724 97.153025 0.000114 -23.746870 -0.000262 
11 0.431370 0.000000 -10.071724 97.162587 0.000033 -23.866550 -0.001018 
12 10.697873 0.000000 -20.151635 97.110787 0.000013 -23.897554 -0.000160 
13 20.964375 0.000000 -10.071724 97.188822 0.000251 -23.556425 -0.000057 
14 10.697873 0.000000 0.008188 97.379341 -0.001907 -22.718805 0.000112 
15 -9.835133 0.000000 -10.071724 97.116516 -0.000033 -23.933906 -0.000445 
16 -20.101635 0.000000 -10.071724 97.100134 -0.000018 -23.935269 -0.000133 
17 -9.835133 0.000000 -20.151635 97.105724 -0.000010 -23.928062 -0.000207 
18 -9.835133 0.000000 0.008188 97.099377 -0.000072 -23.958029 -0.000228 
19 10.697873 0.000000 10.088100 97.088891 0.000033 -23.858991 0.000450 
20 0.431370 0.000000 10.088100 97.051056 0.000045 -23.889204 0.001040 
21 20.964375 0.000000 10.088100 97.100228 0.000009 -23.878739 0.000135 
22 10.697873 0.000000 20.168012 97.087967 0.000014 -23.913205 0.000209 
23 5.564621 0.000000 -5.031768 97.295304 -0.000286 -23.318206 -0.001011 
24 0.431370 0.000000 -5.031768 97.348528 0.003154 -23.698714 -0.003837 
25 5.564621 0.000000 -10.071724 97.158323 0.000089 -23.801706 -0.000626 
26 10.697873 0.000000 -5.031768 97.364044 0.001129 -22.869596 -0.000278 
27 5.564621 0.000000 0.008188 97.630869 -0.005414 -21.527369 0.000479 
28 -9.835133 0.000000 10.088100 97.078776 -0.000017 -23.936396 0.000276 
29 -20.101635 0.000000 10.088100 97.090735 -0.000013 -23.935797 0.000047 
30 -9.835133 0.000000 20.168012 97.086141 -0.000002 -23.930060 0.000163 
31 -4.701881 0.000000 -5.031768 97.180817 0.000275 -23.942145 -0.001734 
32 -9.835133 0.000000 -5.031768 97.117543 -0.000059 -23.946537 -0.000525 
33 -4.701881 0.000000 -10.071724 97.139677 -0.000025 -23.918121 -0.000819 
34 -4.701881 0.000000 0.008188 97.110322 0.000100 -24.036351 -0.000816 
35 5.564621 0.000000 5.048144 97.071196 -0.000039 -23.655348 0.001761 
36 0.431370 0.000000 5.048144 96.928608 0.001624 -23.770474 0.003981 
37 10.697873 0.000000 5.048144 97.116775 -0.000010 -23.726731 0.000537 
38 5.564621 0.000000 10.088100 97.069455 0.000054 -23.858930 0.000827 
39 2.997996 0.000000 -2.511790 97.647545 0.002766 -22.385413 -0.003615 
40 0.431370 0.000000 -2.511790 97.952417 0.007144 -23.237616 -0.013466 
41 2.997996 0.000000 -5.031768 97.325430 0.003569 -23.480786 -0.002359 
42 5.564621 0.000000 -2.511790 97.633191 0.002326 -21.857735 -0.001000 
43 2.997996 0.000000 0.008188 97.696013 -0.003973 -20.558994 0.003282 
44 -4.701881 0.000000 5.048144 97.032433 0.000111 -23.949875 0.001111 
45 -9.835133 0.000000 5.048144 97.080099 -0.000043 -23.948301 0.000193 
46 -4.701881 0.000000 10.088100 97.062066 0.000001 -23.925331 0.000653 
47 -2.135256 0.000000 -2.511790 97.423505 0.003320 -23.993282 -0.006702 
48 -4.701881 0.000000 -2.511790 97.182969 0.000090 -23.992360 -0.002016 
49 -2.135256 0.000000 -5.031768 97.267797 0.000228 -23.883925 -0.003147 
50 -2.135256 0.000000 0.008188 97.125240 0.000940 -24.363173 -0.002688 
51 2.997996 0.000000 2.528166 96.979513 0.000296 -23.015216 0.006527 
52 0.431370 0.000000 2.528166 96.486603 -0.002604 -23.394668 0.014303 
53 5.564621 0.000000 2.528166 97.160584 -0.003343 -23.217126 0.002079 
54 2.997996 0.000000 5.048144 96.997459 0.000255 -23.657274 0.003183 
55 1.714683 0.000000 -1.251801 98.256252 0.001282 -21.070118 -0.009824 
56 0.431370 0.000000 -1.251801 99.413608 0.016113 -22.253484 -0.037828 
57 1.714683 0.000000 -2.511790 97.823538 0.003361 -22.675700 -0.008363 
58 2.997996 0.000000 -1.251801 97.910192 0.001575 -20.920945 -0.002409 
59 1.714683 0.000000 0.008188 97.398791 0.020642 -20.076619 0.011040 
60 -2.135256 0.000000 2.528166 96.843308 -0.001428 -24.007433 0.004502 
61 -4.701881 0.000000 2.528166 97.036248 0.000146 -23.996649 0.000813 
62 -2.135256 0.000000 5.048144 96.968183 0.000296 -23.906289 0.002566 
63 -0.851943 0.000000 -1.251801 98.250355 0.003030 -24.252489 -0.024132 
64 -2.135256 0.000000 -1.251801 97.425779 0.002315 -24.204863 -0.007766 
65 -0.851943 0.000000 -2.511790 97.733881 0.001829 -23.802756 -0.011848 
66 -0.851943 0.000000 0.008188 97.008820 -0.001326 -25.555129 -0.006378 
67 1.714683 0.000000 1.268177 96.593812 0.009371 -21.700927 0.019871 
68 0.431370 0.000000 1.268177 95.506613 0.007754 -22.519069 0.037138 
69 2.997996 0.000000 1.268177 97.151439 -0.001283 -22.034354 0.007609 
70 1.714683 0.000000 2.528166 96.710175 0.000631 -23.033155 0.011662 
71 1.073026 0.000000 -0.621806 99.078993 0.030401 -19.223845 -0.018620 
72 0.431370 0.000000 -0.621806 101.738572 0.036999 -19.769965 -0.074159 
73 1.073026 0.000000 -1.251801 98.811385 0.018699 -21.314585 -0.021800 
74 1.714683 0.000000 -0.621806 98.148990 0.000584 -20.050076 -0.003523 
75 1.073026 0.000000 0.008188 96.785963 0.072292 -19.646482 0.024649 
76 -0.851943 0.000000 1.268177 96.121543 0.001724 -24.208315 0.017461 
77 -2.135256 0.000000 1.268177 96.840171 -0.000230 -24.201441 0.003627 
78 -0.851943 0.000000 2.528166 96.599331 -0.001578 -23.845020 0.009998 
79 -0.210286 0.000000 -0.621806 100.906996 0.033301 -24.795534 -0.079704 
80 -0.851943 0.000000 -0.621806 98.131060 0.010796 -24.903536 -0.024989 
81 -0.210286 0.000000 -1.251801 99.172508 0.005812 -23.661413 -0.039505 
82 -0.210286 0.000000 0.008188 95.067452 -0.008071 -32.658389 -0.010439 
83 1.073026 0.000000 0.638183 95.735039 0.005844 -19.905896 0.043856 
84 0.431370 0.000000 0.638183 94.021464 0.018952 -20.588165 0.073609 
85 1.714683 0.000000 0.638183 96.821376 0.004076 -20.463809 0.020685 
86 1.073026 0.000000 1.268177 95.952176 -0.000647 -21.781750 0.031874 
87 0.752198 0.000000 -0.306809 98.943358 0.048457 -17.251845 -0.008742 
88 0.431370 0.000000 -0.306809 103.186391 0.104720 -14.816356 -0.086697 
89 0.752198 0.000000 -0.621806 99.887743 0.027956 -19.233856 -0.034750 
90 1.073026 0.000000 -0.306809 98.119332 0.002989 -19.094292 0.000800 
91 0.752198 0.000000 0.008188 95.583413 0.154116 -18.387569 0.052568 
92 -0.210286 0.000000 0.638183 93.694907 0.012687 -24.212242 0.063503 
93 -0.851943 0.000000 0.638183 96.118976 -0.006066 -24.736031 0.014927 
94 -0.210286 0.000000 1.268177 95.527282 -0.006937 -23.618374 0.031671 
95 0.110542 0.000000 -0.306809 108.316710 0.028742 -21.258988 -0.218446 
96 -0.210286 0.000000 -0.306809 102.118436 -0.015053 -27.985554 -0.121137 
97 0.110542 0.000000 -0.621806 102.479593 0.033636 -22.502998 -0.100845 
98 0.110542 0.000000 0.008188 20.701245 -8.438930 -1.603058 0.949767 
99 0.752198 0.000000 0.323185 95.113268 0.027669 -18.664170 0.060511 
100 0.431370 0.000000 0.323185 93.022276 0.085846 -17.471553 0.104159 
101 1.073026 0.000000 0.323185 96.174529 0.026135 -19.058102 0.038725 
102 0.752198 0.000000 0.638183 94.971386 0.026335 -20.077485 0.057733 
103 0.591784 0.000000 -0.149310 97.831518 0.083777 -14.266468 0.022546 
104 0.431370 0.000000 -0.149310 101.274850 0.110409 -10.033401 -0.035728 
105 0.591784 0.000000 -0.306809 100.226293 0.073866 -16.000705 -0.030134 
106 0.752198 0.000000 -0.149310 97.353287 0.039994 -17.370433 0.022060 
107 0.591784 0.000000 0.008188 73.895845 1.462743 -13.015503 0.436786 
108 0.110542 0.000000 0.323185 88.635739 0.065128 -19.345388 0.176946 
109 -0.210286 0.000000 0.323185 91.814370 0.017911 -26.065071 0.089073 
110 0.110542 0.000000 0.638183 93.153316 0.014718 -22.163680 0.083123 
111 0.270956 0.000000 -0.149310 108.203877 0.094063 -8.617813 -0.178235 
112 0.110542 0.000000 -0.149310 117.638885 0.099115 -18.387541 -0.417702 
113 0.270956 0.000000 -0.306809 106.255355 0.059232 -16.449126 -0.156078 
114 0.270956 0.000000 0.008188 101.527469 0.095035 1.732295 -0.031084 
115 0.591784 0.000000 0.165687 94.649284 0.115899 -18.289745 0.070698 
116 0.431370 0.000000 0.165687 95.137576 0.187549 -16.536328 0.067536 
117 0.752198 0.000000 0.165687 95.186783 0.078757 -18.000581 0.061545 
118 0.591784 0.000000 0.323185 94.321958 0.081174 -18.310696 0.076808 
119 0.511577 0.000000 -0.070561 96.072535 0.112813 -10.274939 0.066448 
120 0.431370 0.000000 -0.070561 98.781205 0.142615 -7.103931 0.019179 
121 0.511577 0.000000 -0.149310 98.928485 0.127543 -12.356819 0.006045 
122 0.591784 0.000000 -0.070561 95.090414 0.080908 -13.987227 0.076216 
123 0.511577 0.000000 0.008188 95.096431 1.267921 -13.299716 0.077818 
124 15.831124 0.000000 -5.031768 97.594743 0.002077 -21.905882 -0.000460 
125 15.831124 0.000000 -10.071724 97.162512 0.000155 -23.675728 -0.000109 
126 20.964375 0.000000 -5.031768 97.400286 -0.020462 -22.689031 -0.000161 
127 15.831124 0.000000 0.008188 97.252544 -0.000709 -23.264793 0.000069 
128 8.131247 0.000000 -2.511790 97.775256 -0.000821 -21.182242 -0.000869 
129 8.131247 0.000000 -5.031768 97.310400 0.000757 -23.134322 -0.000451 
130 10.697873 0.000000 -2.511790 97.434303 -0.020529 -22.546642 -0.000179 
131 8.131247 0.000000 0.008188 97.488193 -0.002821 -22.232103 0.000179 
132 4.281308 0.000000 -1.251801 97.850713 -0.008239 -20.881437 -0.001080 
133 4.281308 0.000000 -2.511790 97.603053 0.002540 -22.142384 -0.001664 
134 5.564621 0.000000 -1.251801 97.459238 -0.020538 -22.416791 -0.000082 
135 4.281308 0.000000 0.008188 97.695762 -0.005961 -21.066881 0.001172 
136 2.356339 0.000000 -0.621806 97.844400 -0.017596 -20.731117 -0.000331 
137 2.356339 0.000000 -1.251801 97.986421 0.003949 -21.025861 -0.004343 
138 2.997996 0.000000 -0.621806 97.484538 -0.018485 -22.088764 0.000885 
139 2.356339 0.000000 0.008188 97.613757 0.002812 -20.341391 0.005778 
140 1.393855 0.000000 -0.306809 97.757266 -0.004283 -20.255151 0.003325 
141 1.393855 0.000000 -0.621806 98.406707 0.010948 -19.754994 -0.007414 
142 1.714683 0.000000 -0.306809 97.493877 -0.026990 -21.458833 0.003446 
143 1.393855 0.000000 0.008188 97.173568 0.041068 -19.924888 0.016029 
144 0.912612 0.000000 -0.149310 97.284453 0.009256 -19.199676 0.016711 
145 0.912612 0.000000 -0.306809 98.394877 0.035554 -18.365324 -0.001884 
146 1.073026 0.000000 -0.149310 97.265432 -0.037171 -20.271698 0.012849 
147 0.912612 0.000000 0.008188 96.378101 0.113064 -19.401987 0.033481 
148 0.671991 0.000000 -0.070561 95.766776 0.045931 -17.106973 0.053607 
149 0.671991 0.000000 -0.149310 97.397815 0.050354 -16.233702 0.025013 
150 0.752198 0.000000 -0.070561 96.314097 0.022322 -18.110956 0.039559 
151 0.671991 0.000000 0.008188 94.645929 0.099855 -18.160120 0.071235 
152 0.270956 0.000000 0.165687 93.570742 0.131656 -12.324407 0.109261 
153 0.110542 0.000000 0.165687 84.382560 0.140058 -11.577391 0.274553 
154 0.270956 0.000000 0.323185 91.357943 0.115239 -17.301827 0.135436 
155 0.511577 0.000000 0.086937 95.746188 0.208816 -19.463952 0.045378 
156 0.431370 0.000000 0.086937 100.413736 0.455827 -21.738514 -0.055569 
157 0.591784 0.000000 0.086937 94.192858 0.153451 -18.803614 0.077411 
158 0.511577 0.000000 0.165687 94.627485 0.144760 -17.236248 0.074853 
159 0.551681 0.000000 -0.031187 92.906028 0.090831 -11.321267 0.124029 
160 0.511577 0.000000 -0.031187 93.888101 0.071177 -9.722756 0.109049 
161 0.551681 0.000000 -0.070561 95.294696 0.092023 -11.915305 0.077694 
162 0.591784 0.000000 -0.031187 92.789246 0.105012 -14.666591 0.117504 
163 0.551681 0.000000 0.008188 85.450823 2.417772 -18.102063 0.236463 
164 15.831124 0.000000 5.048144 97.119749 -0.000022 -23.781094 0.000221 
165 20.964375 0.000000 5.048144 97.116546 -0.000020 -23.816743 0.000114 
166 15.831124 0.000000 10.088100 97.097379 0.000017 -23.868940 0.000237 
167 8.131247 0.000000 2.528166 97.181785 -0.000527 -23.388679 0.000867 
168 10.697873 0.000000 2.528166 97.174927 -0.000232 -23.506875 0.000446 
169 8.131247 0.000000 5.048144 97.104905 -0.000320 -23.690469 0.000940 
170 4.281308 0.000000 1.268177 97.291145 -0.002070 -22.385238 0.003333 
171 5.564621 0.000000 1.268177 97.314899 -0.001410 -22.658099 0.001642 
172 4.281308 0.000000 2.528166 97.111098 -0.000061 -23.113301 0.003521 
173 2.356339 0.000000 0.638183 97.231706 0.001651 -20.935716 0.010769 
174 2.997996 0.000000 0.638183 97.390575 -0.003273 -21.277533 0.006234 
175 2.356339 0.000000 1.268177 96.980177 0.001365 -21.878361 0.011618 
176 1.393855 0.000000 0.323185 96.771916 0.008829 -19.481534 0.025567 
177 1.714683 0.000000 0.323185 97.116781 0.004077 -19.894162 0.017255 
178 1.393855 0.000000 0.638183 96.445152 0.013365 -20.238375 0.028874 
179 0.912612 0.000000 0.165687 96.005897 0.065377 -18.719232 0.043245 
180 1.073026 0.000000 0.165687 96.478594 0.036271 -18.920365 0.033390 
181 0.912612 0.000000 0.323185 95.767754 0.032959 -18.969187 0.046871 
182 0.671991 0.000000 0.086937 94.669310 0.110359 -18.265019 0.070410 
183 0.752198 0.000000 0.086937 95.310373 0.102039 -18.067625 0.058948 
184 0.671991 0.000000 0.165687 94.823655 0.099453 -18.207227 0.067696 
185 0.631888 0.000000 -0.031187 94.235019 0.098119 -16.669379 0.084188 
186 0.631888 0.000000 -0.070561 95.380078 0.052634 -15.972486 0.064752 
187 0.671991 0.000000 -0.031187 95.073764 0.080250 -17.588753 0.065161 
188 0.631888 0.000000 0.008188 93.620625 0.082187 -17.841512 0.091685 
189 0.551681 0.000000 0.047563 94.214592 0.248667 -20.608945 0.069882 
190 0.511577 0.000000 0.047563 97.239516 1.102245 -27.115104 -0.019197 
191 0.591784 0.000000 0.047563 93.198716 0.183669 -19.199924 0.094533 
192 0.551681 0.000000 0.086937 94.622392 0.186909 -18.892656 0.068964 
193 0.571732 0.000000 -0.011499 77.744628 1.863624 -13.454506 0.377128 
194 0.551681 0.000000 -0.011499 83.217969 2.188710 -12.037423 0.292508 
195 0.571732 0.000000 -0.031187 92.381953 0.102818 -12.990705 0.129681 
196 0.591784 0.000000 -0.011499 91.304078 0.133056 -15.696130 0.141718 
197 0.571732 0.000000 0.008188 76.127317 1.704899 -13.702840 0.401396 
198 0.351163 0.000000 -0.070561 102.376536 0.213049 -3.833947 -0.049570 
199 0.270956 0.000000 -0.070561 105.798995 0.078682 -0.868071 -0.119419 
200 0.351163 0.000000 -0.149310 104.453993 0.164828 -8.563638 -0.098400 
201 0.351163 0.000000 0.008188 101.336089 0.176149 -1.899067 -0.027264 
202 0.471473 0.000000 -0.031187 96.925683 0.614597 -1.396824 0.060308 
203 0.431370 0.000000 -0.031187 99.053322 0.382300 -0.133138 0.018828 
204 0.471473 0.000000 -0.070561 97.287457 0.089055 -8.631432 0.046064 
205 0.471473 0.000000 0.008188 97.501279 0.639661 -8.298189 0.042423 
206 0.531629 0.000000 -0.011499 91.562524 1.907073 -7.935236 0.154970 
207 0.511577 0.000000 -0.011499 94.889085 1.135390 -5.386520 0.096576 
208 0.531629 0.000000 -0.031187 93.431188 0.062257 -10.819502 0.115355 
209 0.531629 0.000000 0.008188 91.224441 1.882050 -16.729964 0.139467 
210 0.631888 0.000000 0.047563 93.920887 0.139014 -18.508947 0.083627 
211 0.671991 0.000000 0.047563 94.578219 0.122474 -18.381012 0.071708 
212 0.631888 0.000000 0.086937 94.354146 0.124673 -18.568216 0.075250 
213 0.571732 0.000000 0.027875 92.001837 0.239360 -21.154343 0.108810 
214 0.551681 0.000000 0.027875 84.673509 2.253813 -26.303286 0.213345 
215 0.591784 0.000000 0.027875 92.156527 0.172500 -19.160655 0.114001 
216 0.571732 0.000000 0.047563 93.372743 0.216900 -20.200837 0.087341 
217 0.561706 0.000000 -0.001656 79.108131 1.893739 -13.007538 0.356912 
218 0.551681 0.000000 -0.001656 84.965047 2.410053 -11.093264 0.265207 
219 0.561706 0.000000 -0.011499 80.232499 1.977030 -11.400379 0.342887 
220 0.571732 0.000000 -0.001656 75.963172 1.674754 -13.175088 0.405321 
221 0.561706 0.000000 0.008188 80.350582 2.020557 -14.655569 0.332492 
222 -14.968384 0.000000 -5.031768 97.103116 -0.000034 -23.940563 -0.000217 
223 -20.101635 0.000000 -5.031768 97.098544 -0.000021 -23.937215 -0.000112 
224 -14.968384 0.000000 -10.071724 97.105184 -0.000025 -23.935881 -0.000234 
225 -14.968384 0.000000 0.008188 97.096659 -0.000036 -23.943341 -0.000104 
226 -7.268507 0.000000 -2.511790 97.128550 0.000156 -23.967640 -0.000840 
227 -9.835133 0.000000 -2.511790 97.111077 -0.000071 -23.954254 -0.000437 
228 -7.268507 0.000000 -5.031768 97.137209 -0.000076 -23.949216 -0.000920 
229 -7.268507 0.000000 0.008188 97.102706 0.000033 -23.978431 -0.000390 
230 -3.418569 0.000000 -1.251801 97.219331 0.000173 -24.076714 -0.003129 
231 -4.701881 0.000000 -1.251801 97.156615 0.000089 -24.022380 -0.001648 
232 -3.418569 0.000000 -2.511790 97.255820 0.000185 -24.004750 -0.003492 
233 -3.418569 0.000000 0.008188 97.117741 0.000186 -24.116040 -0.001344 
234 -1.493599 0.000000 -0.621806 97.556029 -0.000419 -24.630758 -0.012385 
235 -2.135256 0.000000 -0.621806 97.316615 0.003464 -24.330860 -0.006251 
236 -1.493599 0.000000 -1.251801 97.688752 -0.002938 -24.274690 -0.013235 
237 -1.493599 0.000000 0.008188 97.116427 0.000196 -24.789980 -0.004614 
238 -0.531115 0.000000 -0.306809 98.669903 0.005702 -26.519358 -0.043903 
239 -0.851943 0.000000 -0.306809 97.727120 0.007050 -25.356250 -0.019353 
240 -0.531115 0.000000 -0.621806 99.126298 0.009820 -25.239788 -0.046307 
241 -0.531115 0.000000 0.008188 96.764867 0.000692 -27.016755 -0.009334 
242 -0.049872 0.000000 -0.149310 108.780300 0.100005 -32.374698 -0.288128 
243 -0.210286 0.000000 -0.149310 100.594575 0.001151 -31.093569 -0.108608 
244 -0.049872 0.000000 -0.306809 105.578489 0.030424 -26.319084 -0.183951 
245 -0.049872 0.000000 0.008188 85.302948 0.132022 -51.823030 0.003776 
246 0.190749 0.000000 -0.070561 118.186198 -0.081335 10.341541 -0.407493 
247 0.110542 0.000000 -0.070561 127.655496 -0.095820 -22.654134 -0.680914 
248 0.190749 0.000000 -0.149310 113.932765 0.101343 -10.712173 -0.309544 
249 0.190749 0.000000 0.008188 96.706504 -0.508089 4.332165 0.062883 
250 0.351163 0.000000 0.086937 100.657312 0.212560 -14.997321 -0.035686 
251 0.270956 0.000000 0.086937 99.239817 0.289675 -8.647249 0.007660 
252 0.351163 0.000000 0.165687 94.873291 0.225806 -14.397536 0.079172 
253 0.311059 0.000000 -0.031187 102.319908 0.128365 2.672829 -0.047652 
254 0.270956 0.000000 -0.031187 101.860686 0.061526 3.200109 -0.038584 
255 0.311059 0.000000 -0.070561 103.962615 0.104059 -3.021522 -0.081737 
256 0.351163 0.000000 -0.031187 101.550920 0.165039 1.949155 -0.031642 
257 0.311059 0.000000 0.008188 101.780820 0.132163 -0.265679 -0.035942 
258 -14.968384 0.000000 5.048144 97.089913 -0.000028 -23.941207 0.000037 
259 -20.101635 0.000000 5.048144 97.092596 -0.000018 -23.937515 0.000002 
260 -14.968384 0.000000 10.088100 97.087144 -0.000017 -23.936936 0.000111 
261 -7.268507 0.000000 2.528166 97.076209 0.000038 -23.969545 0.000167 
262 -9.835133 0.000000 2.528166 97.087385 -0.000061 -23.955214 0.000019 
263 -7.268507 0.000000 5.048144 97.065634 -0.000048 -23.952612 0.000454 
264 -3.418569 0.000000 1.268177 97.017039 0.000253 -24.078881 0.000790 
265 -4.701881 0.000000 1.268177 97.063814 0.000126 -24.024313 0.000145 
266 -3.418569 0.000000 2.528166 96.979005 0.000281 -24.011881 0.001850 
267 -1.493599 0.000000 0.638183 96.705971 0.001315 -24.600254 0.004278 
268 -2.135256 0.000000 0.638183 96.940242 -0.001823 -24.324828 0.001089 
269 -1.493599 0.000000 1.268177 96.630376 0.001617 -24.227717 0.007559 
270 -0.531115 0.000000 0.323185 95.279600 0.001423 -26.004154 0.024558 
271 -0.851943 0.000000 0.323185 96.377915 -0.008250 -25.209707 0.007577 
272 -0.531115 0.000000 0.638183 95.179768 -0.009594 -24.889839 0.032131 
273 -0.049872 0.000000 0.165687 83.654015 0.082462 -25.583053 0.234751 
274 -0.210286 0.000000 0.165687 91.327651 -0.018782 -29.154737 0.080926 
275 -0.049872 0.000000 0.323185 88.841340 -0.009664 -23.844923 0.153864 
276 0.190749 0.000000 0.086937 94.690371 0.588884 1.827495 0.103005 
277 0.110542 0.000000 0.086937 85.903781 0.802796 13.113649 0.244793 
278 0.190749 0.000000 0.165687 90.082686 0.151134 -10.373325 0.177748 
279 0.230852 0.000000 -0.031187 101.781569 0.047055 3.339323 -0.037064 
280 0.190749 0.000000 -0.031187 82.305938 -0.415573 70.461018 -0.173920 
281 0.230852 0.000000 -0.070561 108.290199 0.004406 3.770832 -0.174099 
282 0.230852 0.000000 0.008188 96.015481 -0.193265 2.756272 0.077339 
283 0.030335 0.000000 -0.070561 129.109452 0.086320 -31.005669 -0.763061 
284 -0.049872 0.000000 -0.070561 108.318331 0.107387 -42.088108 -0.350428 
285 0.030335 0.000000 -0.149310 115.512322 0.097855 -27.139425 -0.407965 
286 0.030335 0.000000 0.008188 84.790228 1.189387 -16.941745 0.252218 
287 0.150645 0.000000 -0.031187 145.355872 -0.354628 -0.608317 -1.112883 
288 0.110542 0.000000 -0.031187 87.565981 -0.417120 -74.194113 -0.317274 
289 0.150645 0.000000 -0.070561 153.098011 -0.361139 -0.804275 -1.343978 
290 0.150645 0.000000 0.008188 15.298045 -8.109395 1.243409 0.969866 
291 0.230852 0.000000 0.047563 96.982918 0.442128 -1.832665 0.059076 
292 0.190749 0.000000 0.047563 94.634557 0.594119 1.942844 0.104017 
293 0.270956 0.000000 0.047563 99.800986 0.258465 -6.626059 -0.000421 
294 0.230852 0.000000 0.086937 96.710814 0.448075 -2.446381 0.064083 
295 0.210801 0.000000 -0.011499 59.037145 -0.648380 19.530011 0.613277 
296 0.190749 0.000000 -0.011499 39.270486 -0.614370 46.562394 0.628939 
297 0.210801 0.000000 -0.031187 101.814147 0.049228 3.340433 -0.037728 
298 0.230852 0.000000 -0.011499 95.762255 -0.247389 3.523461 0.081711 
299 0.210801 0.000000 0.008188 90.252631 -0.667616 3.997594 0.183804 
300 0.030335 0.000000 0.086937 66.043013 0.168644 -12.557723 0.548060 
301 -0.049872 0.000000 0.086937 77.947339 0.110076 -31.723168 0.291784 
302 0.030335 0.000000 0.165687 80.956393 0.114562 -18.259060 0.311266 
303 0.070438 0.000000 -0.031187 124.225341 0.118958 5.907675 -0.546685 
304 0.030335 0.000000 -0.031187 153.367121 0.917496 -11.946703 -1.366504 
305 0.070438 0.000000 -0.070561 127.291615 0.007964 -21.665426 -0.667255 
306 0.070438 0.000000 0.008188 118.560725 -0.050602 6.284861 -0.409615 
307 0.070438 0.000000 0.047563 66.406204 0.933493 20.578127 0.516589 
308 0.030335 0.000000 0.047563 42.643123 1.044775 19.286190 0.780852 
309 0.110542 0.000000 0.047563 79.528036 0.871817 16.409242 0.340527 
310 0.070438 0.000000 0.086937 72.756583 0.965982 19.905253 0.430933 
311 0.090490 0.000000 -0.011499 105.925341 -0.463789 7.323483 -0.127403 
312 0.070438 0.000000 -0.011499 125.463537 0.146040 4.622922 -0.576249 
313 0.090490 0.000000 -0.031187 111.359235 -0.266167 6.764380 -0.244671 
314 0.110542 0.000000 -0.011499 48.295807 -0.416568 -56.253240 0.450291 
315 0.090490 0.000000 0.008188 110.855513 -0.281245 6.797921 -0.233524 
316 -0.370701 0.000000 -0.149310 98.501962 -0.017740 -28.672855 -0.052477 
317 -0.531115 0.000000 -0.149310 97.824780 0.005913 -26.962009 -0.029664 
318 -0.370701 0.000000 -0.306809 99.730293 0.007524 -27.258138 -0.068914 
319 -0.370701 0.000000 0.008188 96.284930 0.009172 -28.967095 -0.010988 
320 -0.130079 0.000000 -0.070561 100.043388 -0.057766 -36.092207 -0.131133 
321 -0.210286 0.000000 -0.070561 98.253619 -0.008461 -32.496611 -0.070980 
322 -0.130079 0.000000 -0.149310 103.316661 -0.033064 -32.416281 -0.172515 
323 -0.130079 0.000000 0.008188 93.148236 0.094826 -36.700684 -0.002354 
324 -0.009769 0.000000 -0.031187 124.779887 0.159018 -62.269753 -0.944757 
325 -0.049872 0.000000 -0.031187 101.704122 0.120697 -50.589129 -0.290300 
326 -0.009769 0.000000 -0.070561 119.532954 0.112005 -41.558195 -0.601522 
327 -0.009769 0.000000 0.008188 58.334397 1.727348 -79.523458 0.027013 
328 -0.370701 0.000000 0.165687 94.513861 -0.002507 -27.818264 0.029327 
329 -0.531115 0.000000 0.165687 95.810287 0.005058 -26.666014 0.010931 
330 -0.370701 0.000000 0.323185 94.159005 0.014032 -26.162089 0.044963 
331 -0.130079 0.000000 0.086937 88.467999 -0.001686 -32.571712 0.111250 
332 -0.210286 0.000000 0.086937 92.536893 -0.025545 -30.979413 0.047720 
333 -0.130079 0.000000 0.165687 88.266742 0.018153 -28.532808 0.139486 
334 -0.009769 0.000000 0.047563 55.448021 0.181531 -34.368664 0.574428 
335 -0.049872 0.000000 0.047563 76.607246 0.126692 -40.324753 0.250523 
336 -0.009769 0.000000 0.086937 69.577801 0.138818 -25.305152 0.451856 
337 0.010283 0.000000 -0.011499 122.696285 1.592110 -69.872352 -0.993906 
338 -0.009769 0.000000 -0.011499 100.597156 1.793532 -96.407376 -0.941739 
339 0.010283 0.000000 -0.031187 155.042756 1.419100 -54.904295 -1.705475 
340 0.030335 0.000000 -0.011499 153.728820 1.028930 -21.126467 -1.407994 
341 0.010283 0.000000 0.008188 41.620033 1.555770 -51.696198 0.559286 
342 -0.089976 0.000000 -0.031187 97.688470 0.100321 -41.839289 -0.129357 
343 -0.130079 0.000000 -0.031187 96.825251 0.094812 -37.007440 -0.074469 
344 -0.089976 0.000000 -0.070561 102.559020 0.097323 -38.954314 -0.203580 
345 -0.089976 0.000000 0.008188 90.893724 0.100344 -41.591467 0.000847 
346 -0.029821 0.000000 -0.011499 96.409682 0.155536 -65.887624 -0.363603 
347 -0.049872 0.000000 -0.011499 94.165692 0.127883 -53.291413 -0.170717 
348 -0.029821 0.000000 -0.031187 108.452779 0.133545 -57.420292 -0.505911 
349 -0.029821 0.000000 0.008188 77.593270 0.169626 -63.600114 -0.006572 
350 0.010283 0.000000 0.027875 8.533567 1.323702 -8.140743 0.985915 
351 -0.009769 0.000000 0.027875 -7.730253 1.592391 -47.834677 0.764955 
352 0.030335 0.000000 0.027875 32.696538 1.104194 15.236867 0.869756 
353 0.010283 0.000000 0.047563 45.304570 0.267707 -19.739151 0.755779 
354 0.000257 0.000000 -0.001656 72.031965 1.833390 -98.711320 -0.493589 
355 -0.009769 0.000000 -0.001656 64.372773 1.735804 -81.767622 -0.083281 
356 0.000257 0.000000 -0.011499 109.225961 1.669703 -80.048730 -0.834090 
357 0.010283 0.000000 -0.001656 101.479696 1.615536 -70.058136 -0.520888 
358 0.000257 0.000000 0.008188 17.688950 1.679861 -67.470483 0.513201 
359 0.050386 0.000000 0.027875 54.265387 1.003966 20.525727 0.663295 
360 0.050386 0.000000 0.008188 140.636307 0.581036 1.302734 -0.978061 
361 0.070438 0.000000 0.027875 63.477107 0.977929 20.901200 0.553284 
362 0.050386 0.000000 0.047563 55.723761 0.998112 20.751803 0.646323 
363 0.311059 0.000000 0.047563 100.816027 0.187536 -8.678150 -0.023922 
364 0.351163 0.000000 0.047563 100.805062 0.223916 -13.200110 -0.033595 
365 0.311059 0.000000 0.086937 100.376826 0.217049 -12.191253 -0.022418 
366 0.471473 0.000000 0.047563 99.434082 0.567617 -24.020261 -0.046443 
367 0.431370 0.000000 0.047563 100.129887 0.446088 -20.118866 -0.043096 
368 0.471473 0.000000 0.086937 96.679840 0.238492 -18.514414 0.031017 
369 0.531629 0.000000 0.027875 93.791990 1.792622 -27.612568 0.043740 
370 0.511577 0.000000 0.027875 96.819588 1.125704 -23.991144 0.004913 
371 0.531629 0.000000 0.047563 95.471469 0.276498 -21.397102 0.042729 
372 -4.701881 0.000000 -15.111679 97.118936 -0.000012 -23.919655 -0.000424 
373 -9.835133 0.000000 -15.111679 97.110499 -0.000018 -23.929141 -0.000305 
374 -4.701881 0.000000 -20.151635 97.109317 -0.000007 -23.922682 -0.000251 
375 0.431370 0.000000 -15.111679 97.125099 0.000005 -23.901902 -0.000459 
376 -2.135256 0.000000 -7.551746 97.190404 0.000109 -23.886497 -0.001654 
377 -4.701881 0.000000 -7.551746 97.158138 -0.000041 -23.922782 -0.001200 
378 -2.135256 0.000000 -10.071724 97.153604 -0.000002 -23.897253 -0.000990 
379 0.431370 0.000000 -7.551746 97.213157 0.000142 -23.819722 -0.001778 
380 -0.851943 0.000000 -3.771779 97.447792 0.003209 -23.777566 -0.006144 
381 -2.135256 0.000000 -3.771779 97.334570 -0.001100 -23.904961 -0.004547 
382 -0.851943 0.000000 -5.031768 97.318163 -0.001186 -23.807817 -0.003764 
383 0.431370 0.000000 -3.771779 97.533359 0.002900 -23.556117 -0.006765 
384 -0.210286 0.000000 -1.881795 98.289976 -0.005040 -23.518375 -0.021403 
385 -0.851943 0.000000 -1.881795 97.929591 0.000447 -23.892185 -0.016104 
386 -0.210286 0.000000 -2.511790 97.889611 0.002838 -23.560338 -0.013747 
387 0.431370 0.000000 -1.881795 98.426035 -0.004225 -22.913012 -0.021269 
388 0.110542 0.000000 -0.936804 100.443380 0.024262 -22.786405 -0.060809 
389 -0.210286 0.000000 -0.936804 99.729356 0.034461 -23.915757 -0.051791 
390 0.110542 0.000000 -1.251801 99.407149 0.013692 -22.988922 -0.041027 
391 0.431370 0.000000 -0.936804 100.365031 0.023521 -21.477043 -0.053440 
392 0.270956 0.000000 -0.464308 104.051491 0.043072 -19.572882 -0.120981 
393 0.110542 0.000000 -0.464308 104.652115 0.021400 -22.170121 -0.144358 
394 0.270956 0.000000 -0.621806 102.355860 0.064308 -20.982688 -0.091700 
395 0.431370 0.000000 -0.464308 102.343343 0.050959 -18.177044 -0.080457 
396 0.190749 0.000000 -0.228060 109.976557 0.102362 -16.118620 -0.235466 
397 0.110542 0.000000 -0.228060 111.256777 0.096206 -20.360361 -0.279262 
398 0.190749 0.000000 -0.306809 107.846545 0.056222 -18.422002 -0.197025 
399 0.270956 0.000000 -0.228060 107.833716 0.111460 -13.180109 -0.180184 
400 0.150645 0.000000 -0.109936 121.782623 0.047722 -10.376529 -0.493868 
401 0.110542 0.000000 -0.109936 122.794581 0.056292 -17.457243 -0.538327 
402 0.150645 0.000000 -0.149310 116.516668 0.095350 -14.043451 -0.377336 
403 0.190749 0.000000 -0.109936 116.574858 0.060573 -4.853880 -0.361326 
404 0.130593 0.000000 -0.050874 141.950252 -0.356502 -38.059464 -1.159852 
405 0.110542 0.000000 -0.050874 115.115820 -0.366865 -66.047960 -0.761412 
406 0.130593 0.000000 -0.070561 137.672131 -0.353935 -49.575193 -1.141144 
407 0.150645 0.000000 -0.050874 147.267016 -0.356038 -0.045829 -1.168770 
408 0.130593 0.000000 -0.031187 127.938594 -0.365375 -49.213990 -0.879043 
409 -0.049872 0.000000 -0.464308 103.469436 -0.003590 -24.633515 -0.131273 
410 -0.210286 0.000000 -0.464308 101.664806 0.021667 -25.942085 -0.100872 
411 -0.049872 0.000000 -0.621806 102.034521 0.036220 -23.946065 -0.098446 
412 0.030335 0.000000 -0.228060 110.002022 0.094170 -25.006582 -0.272578 
413 -0.049872 0.000000 -0.228060 107.101938 -0.027736 -28.328512 -0.227333 
414 0.030335 0.000000 -0.306809 107.473656 0.004336 -24.200897 -0.213627 
415 0.070438 0.000000 -0.109936 122.278305 0.081765 -22.937050 -0.547810 
416 0.030335 0.000000 -0.109936 120.341601 0.095124 -29.075800 -0.532751 
417 0.070438 0.000000 -0.149310 117.295629 0.093346 -22.876288 -0.428160 
418 0.090490 0.000000 -0.050874 120.527559 -0.202582 -23.044193 -0.505797 
419 0.070438 0.000000 -0.050874 127.956982 -0.077298 -17.831455 -0.669096 
420 0.090490 0.000000 -0.070561 125.634745 -0.052410 -21.570375 -0.624937 
421 0.150645 0.000000 0.047563 89.539740 0.759702 8.667512 0.190693 
422 0.150645 0.000000 0.086937 89.770945 0.750380 8.386385 0.187028 
423 0.130593 0.000000 -0.011499 137.672131 -0.353935 -49.575193 -1.141144 
424 0.150645 0.000000 -0.011499 153.098011 -0.361139 -0.804275 -1.343978 
425 0.130593 0.000000 0.008188 16.509276 -8.101854 -1.727467 0.965882 
426 0.120568 0.000000 -0.041030 116.957997 -0.358630 -64.928593 -0.789502 
427 0.110542 0.000000 -0.041030 102.343800 -0.389144 -70.178405 -0.539941 
428 0.120568 0.000000 -0.050874 123.741190 -0.361906 -54.153799 -0.824465 
429 0.130593 0.000000 -0.041030 130.446172 -0.361985 -48.578008 -0.937616 
430 0.120568 0.000000 -0.031187 108.751321 -0.384850 -62.060013 -0.567844 
431 0.170697 0.000000 -0.050874 137.316101 -0.343544 36.413491 -1.018177 
432 0.170697 0.000000 -0.070561 132.785537 -0.338679 46.563128 -0.980024 
433 0.190749 0.000000 -0.050874 109.590068 -0.357548 62.199351 -0.587887 
434 0.170697 0.000000 -0.031187 119.097297 -0.356305 49.775417 -0.666189 
435 2.035511 0.000000 -0.306809 97.329366 0.071431 -22.246531 0.003208 
436 2.035511 0.000000 -0.621806 97.973049 -0.009866 -20.371055 -0.001370 
437 2.356339 0.000000 -0.306809 97.422562 0.083703 -21.908214 0.002887 
438 2.035511 0.000000 0.008188 97.530598 0.008274 -20.308704 0.007534 
439 5.564621 0.000000 -15.111679 97.124872 0.000023 -23.881233 -0.000355 
440 5.564621 0.000000 -20.151635 97.111900 0.000008 -23.905764 -0.000221 
441 10.697873 0.000000 -15.111679 97.122070 0.000033 -23.863230 -0.000215 
442 15.831124 0.000000 -15.111679 97.121345 0.000039 -23.845784 -0.000118 
443 15.831124 0.000000 -20.151635 97.109800 0.000016 -23.890120 -0.000105 
444 20.964375 0.000000 -15.111679 97.123841 0.000047 -23.824356 -0.000064 
445 -14.968384 0.000000 -15.111679 97.104180 -0.000017 -23.932563 -0.000199 
446 -20.101635 0.000000 -15.111679 97.100356 -0.000013 -23.933414 -0.000129 
447 -14.968384 0.000000 -20.151635 97.102352 -0.000011 -23.930890 -0.000155 
448 2.997996 0.000000 -7.551746 97.211003 0.000182 -23.743590 -0.001374 
449 2.997996 0.000000 -10.071724 97.163046 0.000067 -23.832505 -0.000865 
450 5.564621 0.000000 -7.551746 97.198869 0.000334 -23.679515 -0.000834 
451 8.131247 0.000000 -7.551746 97.194058 0.000240 -23.620604 -0.000462 
452 8.131247 0.000000 -10.071724 97.154029 0.000102 -23.774388 -0.000413 
453 10.697873 0.000000 -7.551746 97.200326 0.000286 -23.551534 -0.000258 
454 -7.268507 0.000000 -7.551746 97.133545 -0.000050 -23.935911 -0.000785 
455 -9.835133 0.000000 -7.551746 97.118549 -0.000045 -23.939122 -0.000509 
456 -7.268507 0.000000 -10.071724 97.126474 -0.000033 -23.929136 -0.000616 
457 1.714683 0.000000 -3.771779 97.512234 0.003033 -23.314711 -0.005221 
458 1.714683 0.000000 -5.031768 97.346598 0.003690 -23.581859 -0.003246 
459 2.997996 0.000000 -3.771779 97.443620 0.001184 -23.139263 -0.003068 
460 4.281308 0.000000 -3.771779 97.409959 0.000985 -22.994129 -0.001743 
461 4.281308 0.000000 -5.031768 97.305119 0.002933 -23.396687 -0.001569 
462 5.564621 0.000000 -3.771779 97.407403 0.003199 -22.845236 -0.001011 
463 -3.418569 0.000000 -3.771779 97.244316 0.000167 -23.952065 -0.003016 
464 -4.701881 0.000000 -3.771779 97.187959 0.000088 -23.963063 -0.001973 
465 -3.418569 0.000000 -5.031768 97.218611 0.000132 -23.924549 -0.002384 
466 1.073026 0.000000 -1.881795 98.280643 -0.002395 -22.371780 -0.015958 
467 1.073026 0.000000 -2.511790 97.923060 0.003706 -22.919191 -0.011422 
468 1.714683 0.000000 -1.881795 98.019729 0.003844 -22.072148 -0.009505 
469 2.356339 0.000000 -1.881795 97.881077 0.004508 -21.861333 -0.005862 
470 2.356339 0.000000 -2.511790 97.738547 0.009840 -22.492151 -0.005872 
471 2.997996 0.000000 -1.881795 97.799933 0.008959 -21.708092 -0.003607 
472 -1.493599 0.000000 -1.881795 97.651878 0.003446 -24.052434 -0.011441 
473 -2.135256 0.000000 -1.881795 97.454893 0.008067 -24.088409 -0.007771 
474 -1.493599 0.000000 -2.511790 97.571694 0.011480 -23.942102 -0.009346 
475 0.752198 0.000000 -0.936804 99.640742 0.059875 -20.721755 -0.035767 
476 0.752198 0.000000 -1.251801 99.161932 0.022757 -21.665831 -0.030250 
477 1.073026 0.000000 -0.936804 98.954621 0.009921 -20.500776 -0.021230 
478 1.393855 0.000000 -0.936804 98.577265 0.017350 -20.416187 -0.013430 
479 1.393855 0.000000 -1.251801 98.501357 0.008082 -21.138173 -0.014934 
480 1.714683 0.000000 -0.936804 98.287335 0.006315 -20.465327 -0.007923 
481 -0.531115 0.000000 -0.936804 98.823287 0.019315 -24.375909 -0.036023 
482 -0.851943 0.000000 -0.936804 98.325854 0.008885 -24.577832 -0.027204 
483 -0.531115 0.000000 -1.251801 98.664164 0.012158 -24.061909 -0.031359 
484 0.591784 0.000000 -0.464308 100.843461 0.009602 -17.799856 -0.048624 
485 0.591784 0.000000 -0.621806 100.662949 0.045225 -19.325209 -0.050650 
486 0.752198 0.000000 -0.464308 99.785039 0.030475 -18.096259 -0.028453 
487 0.912612 0.000000 -0.464308 99.101846 0.037170 -18.582080 -0.016647 
488 0.912612 0.000000 -0.621806 99.551025 0.018682 -19.093017 -0.027495 
489 1.073026 0.000000 -0.464308 98.786850 0.006723 -18.803815 -0.011243 
490 0.351163 0.000000 -0.228060 104.725577 0.091800 -12.685490 -0.112838 
491 0.351163 0.000000 -0.306809 104.592902 0.101132 -15.317402 -0.117431 
492 0.431370 0.000000 -0.228060 102.471311 0.124841 -12.857456 -0.066570 
493 2.035511 0.000000 -0.936804 98.110102 0.000097 -20.529167 -0.004704 
494 2.035511 0.000000 -1.251801 98.102870 0.001343 -21.026950 -0.006631 
495 2.356339 0.000000 -0.936804 97.994816 0.000488 -20.614062 -0.002792 
496 2.035511 0.000000 0.323185 97.328586 0.002391 -20.298920 0.011510 
497 2.356339 0.000000 0.323185 97.435332 0.000226 -20.487556 0.008662 
498 2.035511 0.000000 0.638183 97.076973 0.004723 -20.723126 0.014661 
499 0.391266 0.000000 -0.031187 100.883495 0.195781 1.331043 -0.017929 
500 0.391266 0.000000 -0.070561 100.501692 0.188899 -5.427278 -0.013008 
501 0.391266 0.000000 0.008188 100.221952 0.282300 -3.510337 -0.005684 
502 -0.370701 0.000000 -0.464308 100.020571 0.024098 -26.006166 -0.068044 
503 -0.531115 0.000000 -0.464308 99.051832 0.012006 -25.812562 -0.047755 
504 -0.370701 0.000000 -0.621806 99.927883 0.013343 -25.152474 -0.061823 
505 -0.130079 0.000000 -0.228060 103.874016 0.037587 -29.375037 -0.165271 
506 -0.210286 0.000000 -0.228060 101.798544 -0.000256 -29.502516 -0.123334 
507 -0.130079 0.000000 -0.306809 104.056264 0.013236 -27.788333 -0.159990 
508 0.230852 0.000000 -0.109936 111.175810 0.083818 -4.074054 -0.237667 
509 0.230852 0.000000 -0.149310 110.908546 0.095503 -9.013069 -0.238195 
510 0.270956 0.000000 -0.109936 107.762974 0.098671 -4.937436 -0.163725 
511 0.391266 0.000000 0.047563 100.702290 0.308400 -17.957479 -0.046352 
512 0.391266 0.000000 0.086937 100.913698 0.212578 -17.480418 -0.048918 
513 0.210801 0.000000 -0.050874 104.684891 -0.182697 16.805487 -0.124138 
514 0.210801 0.000000 -0.070561 111.495565 -0.044493 7.348556 -0.248526 
515 0.230852 0.000000 -0.050874 100.932695 -0.009549 3.310405 -0.019837 
516 -0.009769 0.000000 -0.109936 115.264949 0.101752 -34.219722 -0.445701 
517 -0.049872 0.000000 -0.109936 109.248456 0.093578 -35.961315 -0.322845 
518 -0.009769 0.000000 -0.149310 112.350445 0.095059 -30.457964 -0.355032 
519 0.170697 0.000000 -0.011499 107.538671 -0.370400 60.420100 -0.521529 
520 0.170697 0.000000 0.008188 94.022634 0.722890 3.216065 0.114888 
521 0.050386 0.000000 -0.011499 146.126913 0.726961 -4.619041 -1.137494 
522 0.050386 0.000000 -0.031187 140.695868 0.582522 1.263062 -0.979726 
523 0.090490 0.000000 0.027875 75.136710 0.858843 18.685768 0.400458 
524 0.110542 0.000000 0.027875 82.119652 0.845330 15.068881 0.302858 
525 0.090490 0.000000 0.047563 73.525587 0.923317 18.799116 0.423973 
526 -0.089976 0.000000 -0.109936 104.815664 0.097620 -35.470082 -0.224446 
527 -0.130079 0.000000 -0.109936 102.128960 -0.051406 -34.198881 -0.159989 
528 -0.089976 0.000000 -0.149310 105.531272 0.091372 -32.613127 -0.220047 
529 -0.089976 0.000000 0.047563 85.947935 0.095585 -37.619516 0.119772 
530 -0.130079 0.000000 0.047563 90.088578 -0.023271 -35.109752 0.065135 
531 -0.089976 0.000000 0.086937 84.454502 0.092712 -33.081096 0.177307 
532 -0.029821 0.000000 0.027875 67.843580 0.159553 -50.752545 0.282140 
533 -0.049872 0.000000 0.027875 79.005969 0.131123 -46.481968 0.159747 
534 -0.029821 0.000000 0.047563 67.708965 0.145616 -39.941281 0.382017 
535 0.130593 0.000000 0.027875 85.906593 0.796837 13.112756 0.244748 
536 0.150645 0.000000 0.027875 87.765504 0.774926 10.848129 0.217893 
537 0.130593 0.000000 0.047563 86.826912 0.819628 11.977194 0.231696 
538 0.170697 0.000000 0.027875 94.023371 0.608001 3.200731 0.114899 
539 0.190749 0.000000 0.027875 94.023376 0.607162 3.200618 0.114899 
540 0.170697 0.000000 0.047563 90.583730 0.731756 7.395858 0.173935 
541 0.511577 0.000000 -0.228060 100.841125 0.104945 -13.475901 -0.035054 
542 0.511577 0.000000 -0.306809 101.415832 0.070205 -15.355112 -0.052096 
543 0.591784 0.000000 -0.228060 99.348770 0.062455 -15.102153 -0.009826 
544 0.671991 0.000000 -0.228060 98.621185 0.060171 -16.256582 0.000958 
545 0.671991 0.000000 -0.306809 99.528772 0.066441 -16.476823 -0.017747 
546 0.752198 0.000000 -0.228060 98.248879 0.051725 -17.139497 0.005339 
547 0.311059 0.000000 -0.109936 105.417304 0.111667 -5.875665 -0.114734 
548 0.311059 0.000000 -0.149310 106.281213 0.114887 -8.253355 -0.136383 
549 0.351163 0.000000 -0.109936 103.641528 0.197806 -6.250719 -0.078068 
550 0.391266 0.000000 -0.109936 101.819117 0.172838 -7.379772 -0.042162 
551 0.391266 0.000000 -0.149310 102.632226 0.145535 -9.474324 -0.062316 
552 0.431370 0.000000 -0.109936 100.140926 0.130964 -8.693806 -0.010380 
553 0.210801 0.000000 0.027875 97.938668 0.341281 0.283160 0.040782 
554 0.230852 0.000000 0.027875 100.143079 0.190575 -1.165601 -0.003003 
555 0.210801 0.000000 0.047563 96.109417 0.516522 -1.150939 0.076139 
556 0.050386 0.000000 -0.050874 134.906776 0.019657 -20.928472 -0.863784 
557 0.030335 0.000000 -0.050874 137.676567 0.084253 -30.409298 -0.987957 
558 0.050386 0.000000 -0.070561 129.285844 0.051243 -25.062148 -0.734294 
559 0.010283 0.000000 -0.050874 132.950864 0.117022 -41.933698 -0.943438 
560 -0.009769 0.000000 -0.050874 122.390098 0.123711 -48.693162 -0.735038 
561 0.010283 0.000000 -0.070561 125.564542 0.106636 -37.334574 -0.716034 
562 0.471473 0.000000 -0.109936 98.821050 0.086514 -9.832486 0.013771 
563 0.471473 0.000000 -0.149310 100.012582 0.125261 -10.995845 -0.012344 
564 0.511577 0.000000 -0.109936 97.762661 0.121975 -11.132253 0.031852 
565 0.551681 0.000000 -0.109936 97.085176 0.099290 -12.353515 0.042185 
566 0.551681 0.000000 -0.149310 98.384099 0.100357 -12.948366 0.015290 
567 0.591784 0.000000 -0.109936 96.669327 0.083193 -13.981149 0.045956 
568 0.631888 0.000000 -0.109936 96.528713 0.056311 -15.573593 0.043967 
569 0.631888 0.000000 -0.149310 97.510186 0.050131 -15.432587 0.025360 
570 0.671991 0.000000 -0.109936 96.612121 0.044812 -16.497595 0.039393 
571 -0.029821 0.000000 -0.050874 112.523214 0.119325 -48.915302 -0.505419 
572 -0.049872 0.000000 -0.050874 106.182106 0.113497 -46.229450 -0.341181 
573 -0.029821 0.000000 -0.070561 113.278764 0.110447 -42.814742 -0.466519 
1 19 21 3 22 
2 20 19 22 9 
3 28 20 9 30 
4 29 28 30 4 
5 35 37 19 38 
6 36 35 38 20 
7 44 36 20 46 
8 45 44 46 28 
9 51 53 35 54 
10 52 51 54 36 
11 60 52 36 62 
12 61 60 62 44 
13 67 69 51 70 
14 68 67 70 52 
15 76 68 52 78 
16 77 76 78 60 
17 83 85 67 86 
18 84 83 86 68 
19 92 84 68 94 
20 93 92 94 76 
21 99 101 83 102 
22 100 99 102 84 
23 108 100 84 110 
24 109 108 110 92 
25 115 117 99 118 
26 116 115 118 100 
27 10 125 124 26 
28 125 13 126 124 
29 124 126 8 127 
30 26 124 127 14 
31 23 129 128 42 
32 129 26 130 128 
33 128 130 14 131 
34 42 128 131 27 
35 39 133 132 58 
36 133 42 134 132 
37 132 134 27 135 
38 58 132 135 43 
39 137 58 138 136 
40 136 138 43 139 
41 71 141 140 90 
42 141 74 142 140 
43 140 142 59 143 
44 90 140 143 75 
45 87 145 144 106 
46 145 90 146 144 
47 144 146 75 147 
48 106 144 147 91 
49 149 106 150 148 
50 148 150 91 151 
51 152 116 100 154 
52 153 152 154 108 
53 155 157 115 158 
54 156 155 158 116 
55 119 161 159 160 
56 161 122 162 159 
57 14 127 164 37 
58 127 8 165 164 
59 164 165 21 166 
60 37 164 166 19 
61 27 131 167 53 
62 131 14 168 167 
63 167 168 37 169 
64 53 167 169 35 
65 43 135 170 69 
66 135 27 171 170 
67 170 171 53 172 
68 69 170 172 51 
69 139 43 174 173 
70 173 174 69 175 
71 85 173 175 67 
72 75 143 176 101 
73 143 59 177 176 
74 176 177 85 178 
75 101 176 178 83 
76 91 147 179 117 
77 147 75 180 179 
78 179 180 101 181 
79 117 179 181 99 
80 151 91 183 182 
81 182 183 117 184 
82 157 182 184 115 
83 122 186 185 162 
84 186 148 187 185 
85 185 187 151 188 
86 162 185 188 107 
87 189 191 157 192 
88 190 189 192 155 
89 159 195 193 194 
90 195 162 196 193 
91 193 196 107 197 
92 120 204 202 203 
93 204 119 160 202 
94 202 160 123 205 
95 203 202 205 5 
96 160 208 206 207 
97 208 159 194 206 
98 206 194 163 209 
99 207 206 209 123 
100 107 188 210 191 
101 188 151 211 210 
102 210 211 182 212 
103 191 210 212 157 
104 163 197 213 214 
105 197 107 215 213 
106 213 215 191 216 
107 214 213 216 189 
108 194 219 217 218 
109 219 193 220 217 
110 217 220 197 221 
111 218 217 221 163 
112 16 224 222 223 
113 224 15 32 222 
114 222 32 18 225 
115 223 222 225 6 
116 32 228 226 227 
117 228 31 48 226 
118 226 48 34 229 
119 227 226 229 18 
120 48 232 230 231 
121 232 47 64 230 
122 230 64 50 233 
123 231 230 233 34 
124 64 236 234 235 
125 236 63 80 234 
126 234 80 66 237 
127 235 234 237 50 
128 80 240 238 239 
129 239 238 241 66 
130 250 156 116 252 
131 251 250 252 152 
132 199 255 253 254 
133 255 198 256 253 
134 253 256 201 257 
135 254 253 257 114 
136 6 225 258 259 
137 225 18 45 258 
138 258 45 28 260 
139 259 258 260 29 
140 18 229 261 262 
141 229 34 61 261 
142 261 61 44 263 
143 262 261 263 45 
144 34 233 264 265 
145 233 50 77 264 
146 264 77 60 266 
147 265 264 266 61 
148 50 237 267 268 
149 237 66 93 267 
150 267 93 76 269 
151 268 267 269 77 
152 66 241 270 271 
153 270 109 92 272 
154 271 270 272 93 
155 273 153 108 275 
156 274 273 275 109 
157 276 251 152 278 
158 277 276 278 153 
159 281 199 254 279 
160 279 254 114 282 
161 282 114 293 291 
162 291 293 251 294 
163 292 291 294 276 
164 280 297 295 296 
165 297 279 298 295 
166 295 298 282 299 
167 296 295 299 249 
168 300 277 153 302 
169 301 300 302 273 
170 307 309 277 310 
171 308 307 310 300 
172 303 313 311 312 
173 313 288 314 311 
174 311 314 98 315 
175 312 311 315 306 
176 238 318 316 317 
177 318 96 243 316 
178 316 243 82 319 
179 317 316 319 241 
180 243 322 320 321 
181 321 320 323 82 
182 241 319 328 329 
183 319 82 274 328 
184 328 274 109 330 
185 329 328 330 270 
186 82 323 331 332 
187 331 301 273 333 
188 332 331 333 274 
189 334 308 300 336 
190 335 334 336 301 
191 324 339 337 338 
192 339 304 340 337 
193 337 340 286 341 
194 320 344 342 343 
195 344 284 325 342 
196 342 325 245 345 
197 343 342 345 323 
198 325 348 346 347 
199 348 324 338 346 
200 346 338 327 349 
201 347 346 349 245 
202 327 341 350 351 
203 341 286 352 350 
204 350 352 308 353 
205 351 350 353 334 
206 338 356 354 355 
207 356 337 357 354 
208 354 357 341 358 
209 355 354 358 327 
210 286 360 359 352 
211 360 306 361 359 
212 359 361 307 362 
213 352 359 362 308 
214 114 257 363 293 
215 257 201 364 363 
216 363 364 250 365 
217 293 363 365 251 
218 5 205 366 367 
219 205 123 190 366 
220 366 190 155 368 
221 367 366 368 156 
222 123 209 369 370 
223 209 163 214 369 
224 369 214 189 371 
225 370 369 371 190 
226 17 374 372 373 
227 374 7 375 372 
228 372 375 11 33 
229 373 372 33 15 
230 33 378 376 377 
231 378 11 379 376 
232 376 379 24 49 
233 377 376 49 31 
234 49 382 380 381 
235 382 24 383 380 
236 380 383 40 65 
237 381 380 65 47 
238 65 386 384 385 
239 386 40 387 384 
240 384 387 56 81 
241 385 384 81 63 
242 81 390 388 389 
243 390 56 391 388 
244 388 391 72 97 
245 389 388 97 79 
246 97 394 392 393 
247 394 72 395 392 
248 392 395 88 113 
249 393 392 113 95 
250 95 398 396 397 
251 398 113 399 396 
252 396 399 111 248 
253 397 396 248 112 
254 112 402 400 401 
255 402 248 403 400 
256 400 403 246 289 
257 401 400 289 247 
258 247 406 404 405 
259 406 289 407 404 
260 404 407 287 408 
261 79 411 409 410 
262 411 97 393 409 
263 409 393 95 244 
264 410 409 244 96 
265 244 414 412 413 
266 414 95 397 412 
267 412 397 112 285 
268 413 412 285 242 
269 285 417 415 416 
270 417 112 401 415 
271 415 401 247 305 
272 416 415 305 283 
273 305 420 418 419 
274 420 247 405 418 
275 418 405 288 313 
276 419 418 313 303 
277 421 292 276 422 
278 309 421 422 277 
279 288 408 423 314 
280 408 287 424 423 
281 423 424 290 425 
282 314 423 425 98 
283 405 428 426 427 
284 428 404 429 426 
285 426 429 408 430 
286 427 426 430 288 
287 289 432 431 407 
288 432 246 433 431 
289 431 433 280 434 
290 407 431 434 287 
291 74 436 435 142 
292 436 136 437 435 
293 435 437 139 438 
294 142 435 438 59 
295 7 440 439 375 
296 440 12 441 439 
297 439 441 10 25 
298 375 439 25 11 
299 12 443 442 441 
300 443 2 444 442 
301 442 444 13 125 
302 441 442 125 10 
303 1 447 445 446 
304 447 17 373 445 
305 445 373 15 224 
306 446 445 224 16 
307 11 449 448 379 
308 449 25 450 448 
309 448 450 23 41 
310 379 448 41 24 
311 25 452 451 450 
312 452 10 453 451 
313 451 453 26 129 
314 450 451 129 23 
315 15 456 454 455 
316 456 33 377 454 
317 454 377 31 228 
318 455 454 228 32 
319 24 458 457 383 
320 458 41 459 457 
321 457 459 39 57 
322 383 457 57 40 
323 41 461 460 459 
324 461 23 462 460 
325 460 462 42 133 
326 459 460 133 39 
327 31 465 463 464 
328 465 49 381 463 
329 463 381 47 232 
330 464 463 232 48 
331 40 467 466 387 
332 467 57 468 466 
333 466 468 55 73 
334 387 466 73 56 
335 57 470 469 468 
336 470 39 471 469 
337 469 471 58 137 
338 468 469 137 55 
339 47 474 472 473 
340 474 65 385 472 
341 472 385 63 236 
342 473 472 236 64 
343 56 476 475 391 
344 476 73 477 475 
345 475 477 71 89 
346 391 475 89 72 
347 73 479 478 477 
348 479 55 480 478 
349 478 480 74 141 
350 477 478 141 71 
351 63 483 481 482 
352 483 81 389 481 
353 481 389 79 240 
354 482 481 240 80 
355 72 485 484 395 
356 485 89 486 484 
357 484 486 87 105 
358 395 484 105 88 
359 89 488 487 486 
360 488 71 489 487 
361 487 489 90 145 
362 486 487 145 87 
363 113 491 490 399 
364 491 88 492 490 
365 490 492 104 200 
366 399 490 200 111 
367 55 494 493 480 
368 494 137 495 493 
369 493 495 136 436 
370 480 493 436 74 
371 59 438 496 177 
372 438 139 497 496 
373 496 497 173 498 
374 177 496 498 85 
375 198 500 499 256 
376 500 120 203 499 
377 499 203 5 501 
378 256 499 501 201 
379 240 504 502 503 
380 504 79 410 502 
381 502 410 96 318 
382 503 502 318 238 
383 96 507 505 506 
384 507 244 413 505 
385 505 413 242 322 
386 506 505 322 243 
387 248 509 508 403 
388 509 111 510 508 
389 508 510 199 281 
390 403 508 281 246 
391 201 501 511 364 
392 501 5 367 511 
393 511 367 156 512 
394 364 511 512 250 
395 246 514 513 433 
396 514 281 515 513 
397 513 515 279 297 
398 433 513 297 280 
399 242 518 516 517 
400 518 285 416 516 
401 516 416 283 326 
402 517 516 326 284 
403 287 434 519 424 
404 434 280 296 519 
405 519 296 249 520 
406 424 519 520 290 
407 304 522 521 340 
408 522 303 312 521 
409 521 312 306 360 
410 340 521 360 286 
411 306 315 523 361 
412 315 98 524 523 
413 523 524 309 525 
414 361 523 525 307 
415 322 528 526 527 
416 528 242 517 526 
417 526 517 284 344 
418 527 526 344 320 
419 323 345 529 530 
420 345 245 335 529 
421 529 335 301 531 
422 530 529 531 331 
423 245 349 532 533 
424 349 327 351 532 
425 532 351 334 534 
426 533 532 534 335 
427 98 425 535 524 
428 425 290 536 535 
429 535 536 421 537 
430 524 535 537 309 
431 290 520 538 536 
432 520 249 539 538 
433 538 539 292 540 
434 536 538 540 421 
435 88 542 541 492 
436 542 105 543 541 
437 541 543 103 121 
438 492 541 121 104 
439 105 545 544 543 
440 545 87 546 544 
441 544 546 106 149 
442 543 544 149 103 
443 111 548 547 510 
444 548 200 549 547 
445 547 549 198 255 
446 510 547 255 199 
447 200 551 550 549 
448 551 104 552 550 
449 550 552 120 500 
450 549 550 500 198 
451 249 299 553 539 
452 299 282 554 553 
453 553 554 291 555 
454 539 553 555 292 
455 283 558 556 557 
456 558 305 419 556 
457 556 419 303 522 
458 557 556 522 304 
459 326 561 559 560 
460 561 283 557 559 
461 559 557 304 339 
462 560 559 339 324 
463 104 563 562 552 
464 563 121 564 562 
465 562 564 119 204 
466 552 562 204 120 
467 121 566 565 564 
468 566 103 567 565 
469 565 567 122 161 
470 564 565 161 119 
471 103 569 568 567 
472 569 149 570 568 
473 568 570 148 186 
474 567 568 186 122 
475 284 573 571 572 
476 573 326 560 571 
477 571 560 324 348 
478 572 571 348 325 
