2 0.000000 100.000000 5791.461216
573 478 
1 -20.101635 0.000000 -20.151635 94.574818 -0.000011 -32.515101 -0.000163 
2 20.964375 0.000000 -20.151635 94.601730 0.000008 -32.423611 -0.000078 
3 20.964375 0.000000 20.168012 94.565408 0.000009 -32.492208 0.000164 
4 -20.101635 0.000000 20.168012 94.561504 -0.000006 -32.516432 0.000080 
5 0.431370 0.000000 0.008188 98.957469 0.472276 -4.536678 0.018661 
6 -20.101635 0.000000 0.008188 94.569210 -0.000023 -32.523766 -0.000113 
7 0.431370 0.000000 -20.151635 94.593570 -0.000004 -32.489011 -0.000348 
8 20.964375 0.000000 0.008188 94.670807 -0.000107 -32.192400 0.000109 
9 0.431370 0.000000 20.168012 94.552334 0.000008 -32.500990 0.000354 
10 10.697873 0.000000 -10.071724 94.697187 0.000078 -32.179964 -0.000311 
11 0.431370 0.000000 -10.071724 94.672023 0.000018 -32.416586 -0.001363 
12 10.697873 0.000000 -20.151635 94.595881 0.000006 -32.459828 -0.000202 
13 20.964375 0.000000 -10.071724 94.964084 0.000428 -31.362931 -0.000181 
14 10.697873 0.000000 0.008188 94.921153 -0.000701 -31.406951 0.000358 
15 -9.835133 0.000000 -10.071724 94.599643 -0.000036 -32.517117 -0.000646 
16 -20.101635 0.000000 -10.071724 94.575424 -0.000019 -32.519543 -0.000203 
17 -9.835133 0.000000 -20.151635 94.583653 -0.000012 -32.509096 -0.000291 
18 -9.835133 0.000000 0.008188 94.576721 -0.000076 -32.551540 -0.000436 
19 10.697873 0.000000 10.088100 94.562322 0.000034 -32.425666 0.000654 
20 0.431370 0.000000 10.088100 94.510434 0.000045 -32.460418 0.001410 
21 20.964375 0.000000 10.088100 94.576069 0.000010 -32.454696 0.000206 
22 10.697873 0.000000 20.168012 94.558846 0.000013 -32.491366 0.000294 
23 5.564621 0.000000 -5.031768 94.988400 0.000896 -31.456874 -0.001233 
24 0.431370 0.000000 -5.031768 94.955831 0.005524 -32.165710 -0.005124 
25 5.564621 0.000000 -10.071724 94.679020 0.000061 -32.307674 -0.000790 
26 10.697873 0.000000 -5.031768 95.437554 0.001544 -29.998356 -0.000823 
27 5.564621 0.000000 0.008188 95.425771 -0.003051 -29.710011 0.001124 
28 -9.835133 0.000000 10.088100 94.546572 -0.000018 -32.522029 0.000326 
29 -20.101635 0.000000 10.088100 94.562247 -0.000014 -32.520577 0.000039 
30 -9.835133 0.000000 20.168012 94.555939 -0.000003 -32.512934 0.000208 
31 -4.701881 0.000000 -5.031768 94.695035 0.000902 -32.526582 -0.002513 
32 -9.835133 0.000000 -5.031768 94.601749 -0.000063 -32.534900 -0.000801 
33 -4.701881 0.000000 -10.071724 94.634212 -0.000031 -32.493765 -0.001148 
34 -4.701881 0.000000 0.008188 94.600365 0.000306 -32.661249 -0.001599 
35 5.564621 0.000000 5.048144 94.547850 -0.000048 -32.171665 0.002569 
36 0.431370 0.000000 5.048144 94.349562 0.000644 -32.305938 0.005449 
37 10.697873 0.000000 5.048144 94.603532 0.000020 -32.279573 0.000820 
38 5.564621 0.000000 10.088100 94.536282 0.000055 -32.422481 0.001167 
39 2.997996 0.000000 -2.511790 95.617349 0.002696 -30.025672 -0.004422 
40 0.431370 0.000000 -2.511790 95.862451 0.007467 -31.481033 -0.018066 
41 2.997996 0.000000 -5.031768 94.962880 0.005884 -31.810238 -0.002984 
42 5.564621 0.000000 -2.511790 95.936206 0.002729 -28.582718 -0.002073 
43 2.997996 0.000000 0.008188 95.856084 -0.005406 -27.514033 0.005459 
44 -4.701881 0.000000 5.048144 94.486340 -0.000077 -32.542857 0.001329 
45 -9.835133 0.000000 5.048144 94.549230 -0.000046 -32.538547 0.000169 
46 -4.701881 0.000000 10.088100 94.524419 -0.000000 -32.507830 0.000838 
47 -2.135256 0.000000 -2.511790 95.050487 0.005082 -32.586976 -0.009651 
48 -4.701881 0.000000 -2.511790 94.700584 0.000255 -32.597350 -0.003079 
49 -2.135256 0.000000 -5.031768 94.824046 0.000345 -32.440741 -0.004400 
50 -2.135256 0.000000 0.008188 94.651063 0.001897 -33.122912 -0.005595 
51 2.997996 0.000000 2.528166 94.456591 0.000553 -31.329032 0.009644 
52 0.431370 0.000000 2.528166 93.747949 -0.002753 -31.790254 0.020070 
53 5.564621 0.000000 2.528166 94.687593 -0.005537 -31.660865 0.003185 
54 2.997996 0.000000 5.048144 94.448036 0.000087 -32.161650 0.004520 
55 1.714683 0.000000 -1.251801 96.567568 0.002444 -28.062341 -0.011279 
56 0.431370 0.000000 -1.251801 97.972754 0.017643 -30.015571 -0.049960 
57 1.714683 0.000000 -2.511790 95.745671 0.003433 -30.610712 -0.010425 
58 2.997996 0.000000 -1.251801 96.352080 0.004153 -27.364085 -0.003252 
59 1.714683 0.000000 0.008188 95.724293 0.009881 -25.484977 0.018738 
60 -2.135256 0.000000 2.528166 94.238420 -0.001731 -32.626882 0.005461 
61 -4.701881 0.000000 2.528166 94.494543 0.000326 -32.608010 0.000750 
62 -2.135256 0.000000 5.048144 94.400386 0.000471 -32.486123 0.003322 
63 -0.851943 0.000000 -1.251801 96.250309 0.003541 -32.910500 -0.034722 
64 -2.135256 0.000000 -1.251801 95.062505 0.004054 -32.881611 -0.011808 
65 -0.851943 0.000000 -2.511790 95.500988 0.002001 -32.307075 -0.016419 
66 -0.851943 0.000000 0.008188 94.606846 -0.000889 -34.856853 -0.016546 
67 1.714683 0.000000 1.268177 94.016016 0.010146 -29.426020 0.029510 
68 0.431370 0.000000 1.268177 92.311149 0.007947 -30.495307 0.054869 
69 2.997996 0.000000 1.268177 94.770935 -0.000391 -30.040753 0.011602 
70 1.714683 0.000000 2.528166 94.089236 0.000707 -31.318748 0.016635 
71 1.073026 0.000000 -0.621806 97.839590 0.036684 -25.180515 -0.020665 
72 0.431370 0.000000 -0.621806 101.441698 0.041778 -26.419992 -0.098844 
73 1.073026 0.000000 -1.251801 97.223938 0.020337 -28.583323 -0.026950 
74 1.714683 0.000000 -0.621806 96.679077 0.007722 -25.940877 -0.001977 
75 1.073026 0.000000 0.008188 95.067488 0.056142 -23.674604 0.040168 
76 -0.851943 0.000000 1.268177 93.261347 0.001634 -32.920958 0.021853 
77 -2.135256 0.000000 1.268177 94.244189 -0.000425 -32.895417 0.003592 
78 -0.851943 0.000000 2.528166 93.908062 -0.002948 -32.408052 0.013099 
79 -0.210286 0.000000 -0.621806 100.101352 0.036492 -33.569154 -0.114717 
80 -0.851943 0.000000 -0.621806 96.176829 0.011958 -33.882386 -0.039800 
81 -0.210286 0.000000 -1.251801 97.526682 0.006669 -32.034285 -0.053765 
82 -0.210286 0.000000 0.008188 92.833993 -0.003692 -44.492217 -0.059771 
83 1.073026 0.000000 0.638183 92.889805 0.004907 -26.451101 0.067182 
84 0.431370 0.000000 0.638183 89.858765 0.018422 -27.432341 0.117287 
85 1.714683 0.000000 0.638183 94.474282 0.004054 -27.485130 0.031918 
86 1.073026 0.000000 1.268177 93.095354 -0.000661 -29.473835 0.046455 
87 0.752198 0.000000 -0.306809 98.185179 0.060238 -21.734782 -0.011273 
88 0.431370 0.000000 -0.306809 103.899195 0.116776 -19.529095 -0.117644 
89 0.752198 0.000000 -0.621806 99.005030 0.033232 -25.362115 -0.044523 
90 1.073026 0.000000 -0.306809 96.809209 0.013657 -23.935738 0.005506 
91 0.752198 0.000000 0.008188 93.835895 0.138706 -20.993307 0.075409 
92 -0.210286 0.000000 0.638183 89.881366 0.013704 -33.053196 0.082883 
93 -0.851943 0.000000 0.638183 93.248166 -0.006388 -33.754712 0.016540 
94 -0.210286 0.000000 1.268177 92.393498 -0.007493 -32.102092 0.043290 
95 0.110542 0.000000 -0.306809 110.302176 0.034091 -28.625915 -0.298601 
96 -0.210286 0.000000 -0.306809 101.860855 -0.012830 -37.797523 -0.180429 
97 0.110542 0.000000 -0.621806 102.231154 0.037328 -30.317733 -0.137038 
98 0.110542 0.000000 0.008188 20.412904 -8.991627 -1.216682 0.950098 
99 0.752198 0.000000 0.323185 91.900320 0.024840 -23.496530 0.100224 
100 0.431370 0.000000 0.323185 88.017191 0.089054 -22.194951 0.176035 
101 1.073026 0.000000 0.323185 93.695642 0.022887 -24.618156 0.061507 
102 0.752198 0.000000 0.638183 91.601687 0.026145 -26.561857 0.090360 
103 0.591784 0.000000 -0.149310 97.435300 0.104223 -17.196591 0.021063 
104 0.431370 0.000000 -0.149310 102.287559 0.129151 -12.778192 -0.062604 
105 0.591784 0.000000 -0.306809 100.018421 0.086305 -20.502575 -0.042405 
106 0.752198 0.000000 -0.149310 96.285658 0.057095 -20.714704 0.029997 
107 0.591784 0.000000 0.008188 72.784258 1.608407 -12.778159 0.453658 
108 0.110542 0.000000 0.323185 81.990637 0.069018 -26.875278 0.255525 
109 -0.210286 0.000000 0.323185 87.470112 0.020206 -35.990311 0.105368 
110 0.110542 0.000000 0.638183 88.734469 0.015433 -30.115914 0.121923 
111 0.270956 0.000000 -0.149310 111.026523 0.108483 -12.118398 -0.247376 
112 0.110542 0.000000 -0.149310 122.386719 0.108205 -24.687447 -0.558799 
113 0.270956 0.000000 -0.306809 107.859798 0.066179 -22.104572 -0.212235 
114 0.270956 0.000000 0.008188 103.221683 0.128989 1.889306 -0.065830 
115 0.591784 0.000000 0.165687 91.230829 0.118522 -21.258203 0.122501 
116 0.431370 0.000000 0.165687 90.029503 0.200881 -18.832548 0.153998 
117 0.752198 0.000000 0.165687 92.517344 0.075192 -21.762213 0.096694 
118 0.591784 0.000000 0.323185 90.424239 0.083090 -22.966658 0.129598 
119 0.511577 0.000000 -0.070561 96.159377 0.145189 -11.771120 0.061479 
120 0.431370 0.000000 -0.070561 99.792444 0.172294 -8.546365 -0.003160 
121 0.511577 0.000000 -0.149310 99.175282 0.150395 -15.094420 -0.006360 
122 0.591784 0.000000 -0.070561 94.344652 0.105693 -15.904538 0.084612 
123 0.511577 0.000000 0.008188 93.854630 1.398800 -12.909788 0.102269 
124 15.831124 0.000000 -5.031768 96.218106 0.070144 -27.707983 -0.002566 
125 15.831124 0.000000 -10.071724 94.768210 0.000142 -31.943361 -0.000139 
126 20.964375 0.000000 -5.031768 95.360212 -0.002880 -30.200509 -0.000564 
127 15.831124 0.000000 0.008188 94.744381 -0.000238 -31.963751 0.000182 
128 8.131247 0.000000 -2.511790 96.177473 -0.012581 -27.810822 -0.002355 
129 8.131247 0.000000 -5.031768 95.131210 0.000791 -30.928863 -0.000654 
130 10.697873 0.000000 -2.511790 95.988177 -0.007699 -28.355585 -0.001777 
131 8.131247 0.000000 0.008188 95.106843 -0.000360 -30.806547 0.000565 
132 4.281308 0.000000 -1.251801 96.303247 -0.007214 -27.352837 -0.002249 
133 4.281308 0.000000 -2.511790 95.699861 0.002573 -29.403447 -0.002303 
134 5.564621 0.000000 -1.251801 96.378481 -0.003855 -27.136849 -0.002522 
135 4.281308 0.000000 0.008188 95.644489 -0.004402 -28.815384 0.002181 
136 2.356339 0.000000 -0.621806 96.357860 -0.007105 -26.636764 0.000565 
137 2.356339 0.000000 -1.251801 96.323758 0.005766 -27.769460 -0.004941 
138 2.997996 0.000000 -0.621806 96.200820 0.075528 -27.186833 0.000627 
139 2.356339 0.000000 0.008188 95.878474 -0.002134 -26.647170 0.009725 
140 1.393855 0.000000 -0.306809 96.322802 0.004872 -25.216606 0.008604 
141 1.393855 0.000000 -0.621806 96.992364 0.017127 -25.680755 -0.006702 
142 1.714683 0.000000 -0.306809 96.086476 0.040039 -26.247562 0.007845 
143 1.393855 0.000000 0.008188 95.493970 0.026884 -24.698663 0.027088 
144 0.912612 0.000000 -0.149310 95.959786 0.022835 -22.902416 0.026720 
145 0.912612 0.000000 -0.306809 97.262510 0.047158 -23.061654 0.000816 
146 1.073026 0.000000 -0.149310 95.851022 0.016453 -24.182364 0.022779 
147 0.912612 0.000000 0.008188 94.637347 0.097658 -22.816764 0.052316 
148 0.671991 0.000000 -0.070561 94.591870 0.063805 -19.557938 0.066986 
149 0.671991 0.000000 -0.149310 96.571682 0.068670 -19.415987 0.029692 
150 0.752198 0.000000 -0.070561 94.980965 0.063025 -20.779499 0.054682 
151 0.671991 0.000000 0.008188 92.892343 0.105245 -20.373063 0.095594 
152 0.270956 0.000000 0.165687 85.915975 0.148616 -15.273455 0.238514 
153 0.110542 0.000000 0.165687 74.580404 0.152322 -18.239233 0.410507 
154 0.270956 0.000000 0.323185 85.199395 0.121006 -22.970592 0.221340 
155 0.511577 0.000000 0.086937 92.153790 0.215005 -20.589744 0.108370 
156 0.431370 0.000000 0.086937 95.325684 0.481801 -20.645262 0.048655 
157 0.591784 0.000000 0.086937 91.375356 0.158011 -20.748498 0.122002 
158 0.511577 0.000000 0.165687 90.479273 0.152321 -19.760282 0.142301 
159 0.551681 0.000000 -0.031187 92.330993 0.120743 -12.206978 0.132596 
160 0.511577 0.000000 -0.031187 93.896012 0.108624 -10.444538 0.107444 
161 0.551681 0.000000 -0.070561 94.938285 0.121229 -13.536838 0.080346 
162 0.591784 0.000000 -0.031187 91.711450 0.126619 -16.049281 0.133141 
163 0.551681 0.000000 0.008188 83.935834 2.650191 -17.674606 0.263536 
164 15.831124 0.000000 5.048144 94.603403 -0.000001 -32.352820 0.000349 
165 20.964375 0.000000 5.048144 94.596950 -0.000005 -32.397157 0.000184 
166 15.831124 0.000000 10.088100 94.572985 0.000019 -32.440854 0.000354 
167 8.131247 0.000000 2.528166 94.700055 -0.000472 -31.908908 0.001372 
168 10.697873 0.000000 2.528166 94.681168 -0.000085 -32.065811 0.000726 
169 8.131247 0.000000 5.048144 94.590557 -0.000765 -32.226900 0.001405 
170 4.281308 0.000000 1.268177 94.921763 -0.001113 -30.620114 0.005227 
171 5.564621 0.000000 1.268177 94.919404 -0.000631 -31.039842 0.002683 
172 4.281308 0.000000 2.528166 94.630841 0.000329 -31.497684 0.005290 
173 2.356339 0.000000 0.638183 95.017954 0.002455 -28.333992 0.016877 
174 2.997996 0.000000 0.638183 95.194357 -0.002049 -28.962382 0.009921 
175 2.356339 0.000000 1.268177 94.544675 0.002239 -29.743159 0.017665 
176 1.393855 0.000000 0.323185 94.558684 0.005665 -25.512107 0.040779 
177 1.714683 0.000000 0.323185 95.031829 0.001933 -26.350687 0.027459 
178 1.393855 0.000000 0.638183 93.921500 0.013426 -27.021355 0.044860 
179 0.912612 0.000000 0.165687 93.668835 0.060163 -23.087643 0.069311 
180 1.073026 0.000000 0.165687 94.333277 0.029484 -23.812894 0.053418 
181 0.912612 0.000000 0.323185 93.016371 0.030400 -24.195132 0.076255 
182 0.671991 0.000000 0.086937 92.237622 0.110174 -20.978027 0.105213 
183 0.752198 0.000000 0.086937 93.060881 0.095970 -21.240652 0.088850 
184 0.671991 0.000000 0.165687 91.873449 0.098526 -21.631495 0.109134 
185 0.631888 0.000000 -0.031187 92.905752 0.113142 -18.633512 0.102130 
186 0.631888 0.000000 -0.070561 94.366061 0.074127 -18.213779 0.076330 
187 0.671991 0.000000 -0.031187 93.633252 0.091499 -19.856687 0.083852 
188 0.631888 0.000000 0.008188 91.876183 0.129310 -19.715084 0.117007 
189 0.551681 0.000000 0.047563 91.510036 0.249807 -21.425783 0.116679 
190 0.511577 0.000000 0.047563 93.808034 1.189424 -26.166947 0.051393 
191 0.591784 0.000000 0.047563 90.849310 0.187820 -20.637015 0.132048 
192 0.551681 0.000000 0.086937 91.465124 0.192722 -20.399122 0.121797 
193 0.571732 0.000000 -0.011499 76.596548 2.047596 -13.190530 0.395479 
194 0.551681 0.000000 -0.011499 82.155614 2.407522 -11.786346 0.310574 
195 0.571732 0.000000 -0.031187 91.518297 0.129339 -14.116081 0.142512 
196 0.591784 0.000000 -0.011499 89.959208 0.152063 -16.919279 0.162106 
197 0.571732 0.000000 0.008188 74.977521 1.873320 -13.440016 0.419423 
198 0.351163 0.000000 -0.070561 104.413318 0.236902 -5.233980 -0.092959 
199 0.270956 0.000000 -0.070561 108.991265 0.100007 -2.558168 -0.188565 
200 0.351163 0.000000 -0.149310 106.346951 0.181625 -11.477907 -0.144145 
201 0.351163 0.000000 0.008188 101.689283 0.209176 -1.649912 -0.034348 
202 0.471473 0.000000 -0.031187 97.624895 0.694198 -1.406641 0.046692 
203 0.431370 0.000000 -0.031187 100.328002 0.427844 -0.134456 -0.006591 
204 0.471473 0.000000 -0.070561 97.839173 0.118329 -10.065382 0.032617 
205 0.471473 0.000000 0.008188 96.847174 0.708474 -8.005005 0.055604 
206 0.531629 0.000000 -0.011499 91.015756 2.110667 -7.778013 0.165118 
207 0.511577 0.000000 -0.011499 94.688485 1.267159 -5.274233 0.100467 
208 0.531629 0.000000 -0.031187 93.153062 0.099516 -11.636704 0.118708 
209 0.531629 0.000000 0.008188 89.629570 2.067348 -16.273479 0.169744 
210 0.631888 0.000000 0.047563 91.729741 0.141838 -20.564914 0.116272 
211 0.671991 0.000000 0.047563 92.477199 0.122249 -20.781255 0.101609 
212 0.631888 0.000000 0.086937 91.771354 0.125683 -20.958917 0.113873 
213 0.571732 0.000000 0.027875 89.824300 0.245818 -21.976242 0.144858 
214 0.551681 0.000000 0.027875 82.536698 2.459686 -25.644777 0.252399 
215 0.591784 0.000000 0.027875 90.110993 0.182074 -20.381399 0.146457 
216 0.571732 0.000000 0.047563 90.878302 0.220147 -21.321542 0.128648 
217 0.561706 0.000000 -0.001656 77.959830 2.081371 -12.745146 0.375549 
218 0.551681 0.000000 -0.001656 83.995194 2.651806 -10.865781 0.281971 
219 0.561706 0.000000 -0.011499 79.261879 2.176059 -11.186076 0.358769 
220 0.571732 0.000000 -0.001656 74.832280 1.840701 -12.924866 0.422969 
221 0.561706 0.000000 0.008188 79.117975 2.218907 -14.347412 0.352957 
222 -14.968384 0.000000 -5.031768 94.580205 -0.000036 -32.526901 -0.000341 
223 -20.101635 0.000000 -5.031768 94.573270 -0.000022 -32.522319 -0.000180 
224 -14.968384 0.000000 -10.071724 94.582905 -0.000027 -32.520260 -0.000349 
225 -14.968384 0.000000 0.008188 94.571255 -0.000038 -32.530975 -0.000199 
226 -7.268507 0.000000 -2.511790 94.619491 0.000597 -32.564078 -0.001327 
227 -9.835133 0.000000 -2.511790 94.592988 -0.000075 -32.545916 -0.000707 
228 -7.268507 0.000000 -5.031768 94.630838 -0.000082 -32.538096 -0.001372 
229 -7.268507 0.000000 0.008188 94.583640 0.000269 -32.579980 -0.000752 
230 -3.418569 0.000000 -1.251801 94.759928 0.000454 -32.714759 -0.004970 
231 -4.701881 0.000000 -1.251801 94.664819 0.000282 -32.640270 -0.002682 
232 -3.418569 0.000000 -2.511790 94.808040 0.000409 -32.612526 -0.005214 
233 -3.418569 0.000000 0.008188 94.618719 0.000493 -32.773136 -0.002678 
234 -1.493599 0.000000 -0.621806 95.262937 -0.000116 -33.440355 -0.019328 
235 -2.135256 0.000000 -0.621806 94.915483 0.004862 -33.059360 -0.010187 
236 -1.493599 0.000000 -1.251801 95.443691 -0.002821 -32.966574 -0.019629 
237 -1.493599 0.000000 0.008188 94.665858 0.000331 -33.671666 -0.009541 
238 -0.531115 0.000000 -0.306809 97.003961 0.007302 -36.043239 -0.070888 
239 -0.851943 0.000000 -0.306809 95.625054 0.008058 -34.542439 -0.033733 
240 -0.531115 0.000000 -0.621806 97.579991 0.010931 -34.258477 -0.069550 
241 -0.531115 0.000000 0.008188 94.406721 0.001899 -36.809978 -0.026760 
242 -0.049872 0.000000 -0.149310 111.228349 0.106966 -43.201645 -0.423814 
243 -0.210286 0.000000 -0.149310 100.043216 0.005964 -42.002218 -0.177283 
244 -0.049872 0.000000 -0.306809 106.656165 0.036620 -35.456319 -0.263269 
245 -0.049872 0.000000 0.008188 83.202025 0.140508 -70.277727 -0.186156 
246 0.190749 0.000000 -0.070561 123.086312 -0.071654 8.711729 -0.522614 
247 0.110542 0.000000 -0.070561 135.068109 -0.096548 -27.103016 -0.897798 
248 0.190749 0.000000 -0.149310 117.835997 0.113447 -15.170692 -0.411548 
249 0.190749 0.000000 0.008188 97.623547 -0.512824 4.400754 0.045001 
250 0.351163 0.000000 0.086937 93.864034 0.240721 -14.015911 0.099304 
251 0.270956 0.000000 0.086937 90.875025 0.327177 -7.962883 0.167822 
252 0.351163 0.000000 0.165687 88.555770 0.243259 -16.720429 0.187824 
253 0.311059 0.000000 -0.031187 104.859706 0.161258 2.739422 -0.100309 
254 0.270956 0.000000 -0.031187 104.927646 0.095308 3.297561 -0.102069 
255 0.311059 0.000000 -0.070561 106.535051 0.127857 -4.633045 -0.137120 
256 0.351163 0.000000 -0.031187 103.720617 0.198714 1.993158 -0.076198 
257 0.311059 0.000000 0.008188 102.349224 0.165061 -0.031815 -0.047539 
258 -14.968384 0.000000 5.048144 94.561703 -0.000029 -32.528197 0.000000 
259 -20.101635 0.000000 5.048144 94.564940 -0.000019 -32.522913 -0.000027 
260 -14.968384 0.000000 10.088100 94.557590 -0.000018 -32.522338 0.000116 
261 -7.268507 0.000000 2.528166 94.546106 0.000142 -32.568337 0.000034 
262 -9.835133 0.000000 2.528166 94.559782 -0.000064 -32.547962 -0.000092 
263 -7.268507 0.000000 5.048144 94.530339 -0.000051 -32.545225 0.000482 
264 -3.418569 0.000000 1.268177 94.475443 0.000545 -32.724218 0.000352 
265 -4.701881 0.000000 1.268177 94.534536 0.000327 -32.645819 -0.000253 
266 -3.418569 0.000000 2.528166 94.418683 0.000528 -32.631660 0.002029 
267 -1.493599 0.000000 0.638183 94.092118 0.001271 -33.427059 0.002931 
268 -2.135256 0.000000 0.638183 94.389236 -0.001544 -33.063916 -0.000255 
269 -1.493599 0.000000 1.268177 93.954662 0.001444 -32.948569 0.008691 
270 -0.531115 0.000000 0.323185 92.241201 0.002015 -35.509985 0.023060 
271 -0.851943 0.000000 0.323185 93.670515 -0.008457 -34.419228 0.004115 
272 -0.531115 0.000000 0.638183 91.966382 -0.009917 -33.964764 0.038858 
273 -0.049872 0.000000 0.165687 76.850149 0.088273 -36.774930 0.274165 
274 -0.210286 0.000000 0.165687 87.356308 -0.016837 -40.159356 0.075610 
275 -0.049872 0.000000 0.323185 83.182462 -0.009091 -33.177312 0.197994 
276 0.190749 0.000000 0.086937 84.094571 0.645783 1.563136 0.292524 
277 0.110542 0.000000 0.086937 72.933584 0.869672 11.064257 0.455752 
278 0.190749 0.000000 0.165687 81.054127 0.166943 -14.675828 0.321482 
279 0.230852 0.000000 -0.031187 104.990423 0.080808 3.444977 -0.103486 
280 0.190749 0.000000 -0.031187 85.394976 -0.408145 72.660633 -0.257204 
281 0.230852 0.000000 -0.070561 112.171843 0.020087 2.053186 -0.258674 
282 0.230852 0.000000 0.008188 98.169566 -0.170868 2.907263 0.035425 
283 0.030335 0.000000 -0.070561 137.894194 0.092450 -40.131156 -1.062533 
284 -0.049872 0.000000 -0.070561 111.447495 0.114251 -55.734677 -0.552691 
285 0.030335 0.000000 -0.149310 119.893730 0.105225 -36.045244 -0.567378 
286 0.030335 0.000000 0.008188 83.892068 1.263699 -28.073928 0.217238 
287 0.150645 0.000000 -0.031187 152.837869 -0.357967 -1.254059 -1.336112 
288 0.110542 0.000000 -0.031187 93.296664 -0.427570 -79.502266 -0.502506 
289 0.150645 0.000000 -0.070561 160.965633 -0.366852 -1.317271 -1.591180 
290 0.150645 0.000000 0.008188 14.820718 -8.658289 1.214695 0.970390 
291 0.230852 0.000000 0.047563 88.226535 0.490913 -1.683304 0.221300 
292 0.190749 0.000000 0.047563 84.015838 0.651337 1.666918 0.293814 
293 0.270956 0.000000 0.047563 93.606868 0.295514 -6.035775 0.120124 
294 0.230852 0.000000 0.086937 86.967331 0.496481 -2.278092 0.243125 
295 0.210801 0.000000 -0.011499 61.073093 -0.649977 19.716893 0.588090 
296 0.190749 0.000000 -0.011499 40.576799 -0.614346 47.373049 0.610894 
297 0.210801 0.000000 -0.031187 105.024927 0.083010 3.446156 -0.104212 
298 0.230852 0.000000 -0.011499 98.894933 -0.227040 3.640943 0.020648 
299 0.210801 0.000000 0.008188 93.471975 -0.671322 4.143626 0.124537 
300 0.030335 0.000000 0.086937 52.984467 0.180344 -23.476462 0.664147 
301 -0.049872 0.000000 0.086937 70.865714 0.117368 -45.690419 0.289042 
302 0.030335 0.000000 0.165687 71.970959 0.123174 -27.779719 0.404845 
303 0.070438 0.000000 -0.031187 133.665529 0.141258 6.343722 -0.790674 
304 0.030335 0.000000 -0.031187 168.702044 0.980047 -13.367323 -1.864003 
305 0.070438 0.000000 -0.070561 135.635921 0.010606 -27.589351 -0.915828 
306 0.070438 0.000000 0.008188 127.274140 -0.037550 6.731492 -0.624402 
307 0.070438 0.000000 0.047563 50.293904 1.000636 15.183498 0.723898 
308 0.030335 0.000000 0.047563 23.834179 1.111618 9.521455 0.934004 
309 0.110542 0.000000 0.047563 65.431531 0.940150 13.260566 0.554199 
310 0.070438 0.000000 0.086937 57.477588 1.036836 15.606996 0.645167 
311 0.090490 0.000000 -0.011499 112.910811 -0.474144 7.801964 -0.280995 
312 0.070438 0.000000 -0.011499 135.243571 0.169418 4.938673 -0.831524 
313 0.090490 0.000000 -0.031187 119.148695 -0.264870 7.224469 -0.424867 
314 0.110542 0.000000 -0.011499 51.558629 -0.420401 -60.316560 0.370344 
315 0.090490 0.000000 0.008188 118.580345 -0.280771 7.258951 -0.411407 
316 -0.370701 0.000000 -0.149310 96.952596 -0.016494 -38.920137 -0.091458 
317 -0.531115 0.000000 -0.149310 95.863021 0.007556 -36.671736 -0.053454 
318 -0.370701 0.000000 -0.306809 98.505117 0.009814 -36.926574 -0.106683 
319 -0.370701 0.000000 0.008188 93.974012 0.012099 -39.511262 -0.039225 
320 -0.130079 0.000000 -0.070561 99.913786 -0.052029 -48.627698 -0.234742 
321 -0.210286 0.000000 -0.070561 97.055136 -0.004206 -44.014306 -0.135696 
322 -0.130079 0.000000 -0.149310 103.852837 -0.027808 -43.566046 -0.268341 
323 -0.130079 0.000000 0.008188 91.003265 0.101091 -50.138014 -0.079542 
324 -0.009769 0.000000 -0.031187 134.378304 0.171072 -79.791607 -1.442426 
325 -0.049872 0.000000 -0.031187 103.828534 0.128338 -67.082618 -0.528046 
326 -0.009769 0.000000 -0.070561 125.983751 0.119111 -54.216610 -0.881136 
327 -0.009769 0.000000 0.008188 61.395427 1.829804 -104.911306 -0.477913 
328 -0.370701 0.000000 0.165687 91.418635 -0.000930 -38.122021 0.018934 
329 -0.531115 0.000000 0.165687 93.048304 0.006268 -36.396809 0.001729 
330 -0.370701 0.000000 0.323185 90.690774 0.015871 -35.915823 0.048524 
331 -0.130079 0.000000 0.086937 84.273223 0.005310 -45.218215 0.085334 
332 -0.210286 0.000000 0.086937 89.254424 -0.022829 -42.547805 0.022333 
333 -0.130079 0.000000 0.165687 83.297957 0.023815 -39.856613 0.147290 
334 -0.009769 0.000000 0.047563 43.798990 0.194313 -52.082848 0.536899 
335 -0.049872 0.000000 0.047563 70.626956 0.134854 -56.791296 0.178656 
336 -0.009769 0.000000 0.086937 59.476036 0.148143 -38.840584 0.495399 
337 0.010283 0.000000 -0.011499 137.595093 1.689178 -85.355561 -1.622083 
338 -0.009769 0.000000 -0.011499 114.561980 1.901412 -119.007505 -1.729085 
339 0.010283 0.000000 -0.031187 174.842278 1.507849 -63.665924 -2.462545 
340 0.030335 0.000000 -0.011499 170.016980 1.097248 -24.130094 -1.948924 
341 0.010283 0.000000 0.008188 37.136800 1.647820 -74.647425 0.304590 
342 -0.089976 0.000000 -0.031187 97.581507 0.106784 -56.292052 -0.269096 
343 -0.130079 0.000000 -0.031187 95.843435 0.101103 -50.168111 -0.170281 
344 -0.089976 0.000000 -0.070561 103.575665 0.103702 -52.146373 -0.344717 
345 -0.089976 0.000000 0.008188 88.803035 0.106808 -56.659875 -0.109633 
346 -0.029821 0.000000 -0.011499 98.945462 0.166295 -86.762953 -0.731804 
347 -0.049872 0.000000 -0.011499 94.570974 0.136045 -71.211671 -0.401479 
348 -0.029821 0.000000 -0.031187 113.198257 0.142324 -75.080868 -0.845100 
349 -0.029821 0.000000 0.008188 75.181934 0.181520 -85.804204 -0.301472 
350 0.010283 0.000000 0.027875 -10.609496 1.401260 -27.875266 0.910844 
351 -0.009769 0.000000 0.027875 -22.504414 1.684490 -76.727368 0.360362 
352 0.030335 0.000000 0.027875 13.159026 1.172499 3.206590 0.981518 
353 0.010283 0.000000 0.047563 29.443324 0.288184 -35.292759 0.788743 
354 0.000257 0.000000 -0.001656 80.482398 1.942572 -125.346065 -1.219283 
355 -0.009769 0.000000 -0.001656 68.966605 1.838975 -106.730089 -0.615109 
356 0.000257 0.000000 -0.011499 122.652923 1.770787 -98.836674 -1.481556 
357 0.010283 0.000000 -0.001656 111.699306 1.713223 -88.187554 -1.025671 
358 0.000257 0.000000 0.008188 11.073215 1.778330 -96.252034 0.060977 
359 0.050386 0.000000 0.027875 36.720167 1.071528 12.958211 0.848257 
360 0.050386 0.000000 0.008188 152.710725 0.627369 1.363467 -1.332282 
361 0.070438 0.000000 0.027875 46.993351 1.046564 15.022144 0.756486 
362 0.050386 0.000000 0.047563 38.330159 1.065706 13.466159 0.834833 
363 0.311059 0.000000 0.047563 95.708985 0.219442 -7.982304 0.077602 
364 0.351163 0.000000 0.047563 95.122505 0.253004 -12.321667 0.079982 
365 0.311059 0.000000 0.086937 92.908590 0.248360 -11.299125 0.124026 
366 0.471473 0.000000 0.047563 94.968796 0.601711 -22.957835 0.045350 
367 0.431370 0.000000 0.047563 95.604518 0.475446 -19.123342 0.049385 
368 0.471473 0.000000 0.086937 92.548035 0.248487 -19.287123 0.106281 
369 0.531629 0.000000 0.027875 90.873895 1.949869 -26.763508 0.102185 
370 0.511577 0.000000 0.027875 93.749943 1.220920 -23.148348 0.067361 
371 0.531629 0.000000 0.047563 92.532182 0.274535 -21.981485 0.095453 
372 -4.701881 0.000000 -15.111679 94.603586 -0.000016 -32.496498 -0.000586 
373 -9.835133 0.000000 -15.111679 94.590699 -0.000020 -32.510513 -0.000433 
374 -4.701881 0.000000 -20.151635 94.589280 -0.000009 -32.501114 -0.000345 
375 0.431370 0.000000 -15.111679 94.614296 -0.000002 -32.469715 -0.000615 
376 -2.135256 0.000000 -7.551746 94.710348 0.000779 -32.446381 -0.002282 
377 -4.701881 0.000000 -7.551746 94.661392 -0.000049 -32.499921 -0.001702 
378 -2.135256 0.000000 -10.071724 94.655900 -0.000012 -32.462908 -0.001358 
379 0.431370 0.000000 -7.551746 94.749447 0.000130 -32.346464 -0.002375 
380 -0.851943 0.000000 -3.771779 95.093000 0.005907 -32.281545 -0.008478 
381 -2.135256 0.000000 -3.771779 94.922089 -0.001913 -32.468671 -0.006442 
382 -0.851943 0.000000 -5.031768 94.901715 -0.002079 -32.328829 -0.005149 
383 0.431370 0.000000 -3.771779 95.228153 0.003018 -31.953615 -0.008943 
384 -0.210286 0.000000 -1.881795 96.309251 -0.004920 -31.879835 -0.029180 
385 -0.851943 0.000000 -1.881795 95.795973 0.000590 -32.429321 -0.022853 
386 -0.210286 0.000000 -2.511790 95.734577 0.003080 -31.955361 -0.018625 
387 0.431370 0.000000 -1.881795 96.537994 -0.004093 -31.000486 -0.028061 
388 0.110542 0.000000 -0.936804 99.425552 0.026683 -30.768878 -0.083217 
389 -0.210286 0.000000 -0.936804 98.420482 0.036830 -32.387285 -0.073553 
390 0.110542 0.000000 -1.251801 97.922750 0.015050 -31.079823 -0.055482 
391 0.431370 0.000000 -0.936804 99.360345 0.025883 -28.882149 -0.070666 
392 0.270956 0.000000 -0.464308 104.618796 0.048566 -26.262951 -0.163484 
393 0.110542 0.000000 -0.464308 105.297055 0.025327 -29.853389 -0.197870 
394 0.270956 0.000000 -0.621806 102.228036 0.070038 -28.166287 -0.124392 
395 0.431370 0.000000 -0.464308 102.494740 0.057859 -24.149857 -0.108839 
396 0.190749 0.000000 -0.228060 112.709220 0.112931 -21.880230 -0.318213 
397 0.110542 0.000000 -0.228060 114.231913 0.105028 -27.435774 -0.380166 
398 0.190749 0.000000 -0.306809 109.848469 0.062949 -24.796853 -0.268157 
399 0.270956 0.000000 -0.228060 110.099276 0.121089 -17.892175 -0.244200 
400 0.150645 0.000000 -0.109936 127.161637 0.056514 -14.590761 -0.638298 
401 0.110542 0.000000 -0.109936 128.803780 0.063145 -22.948755 -0.711706 
402 0.150645 0.000000 -0.149310 120.927567 0.105636 -19.290960 -0.499563 
403 0.190749 0.000000 -0.109936 121.095871 0.072615 -8.222110 -0.473182 
404 0.130593 0.000000 -0.050874 150.047962 -0.361291 -40.770261 -1.417674 
405 0.110542 0.000000 -0.050874 122.312474 -0.370328 -70.647792 -0.995159 
406 0.130593 0.000000 -0.070561 145.795542 -0.357973 -52.981265 -1.406348 
407 0.150645 0.000000 -0.050874 154.830208 -0.359864 -0.626293 -1.397292 
408 0.130593 0.000000 -0.031187 135.480375 -0.370081 -52.713728 -1.113381 
409 -0.049872 0.000000 -0.464308 103.629736 -0.001439 -33.239440 -0.184398 
410 -0.210286 0.000000 -0.464308 101.079867 0.024738 -35.034985 -0.144459 
411 -0.049872 0.000000 -0.621806 101.565514 0.040192 -32.319782 -0.136012 
412 0.030335 0.000000 -0.228060 112.576014 0.101663 -33.558006 -0.379951 
413 -0.049872 0.000000 -0.228060 108.697593 -0.023020 -38.009503 -0.325989 
414 0.030335 0.000000 -0.306809 109.123232 0.008756 -32.555512 -0.296774 
415 0.070438 0.000000 -0.109936 128.600730 0.088438 -30.052103 -0.744128 
416 0.030335 0.000000 -0.109936 126.325365 0.101860 -38.203321 -0.741760 
417 0.070438 0.000000 -0.149310 122.080617 0.101146 -30.433541 -0.582989 
418 0.090490 0.000000 -0.050874 128.677389 -0.209560 -27.197315 -0.729761 
419 0.070438 0.000000 -0.050874 137.308307 -0.077771 -22.428878 -0.935663 
420 0.090490 0.000000 -0.070561 133.413309 -0.052304 -26.629252 -0.850823 
421 0.150645 0.000000 0.047563 77.513679 0.825208 7.360307 0.393677 
422 0.150645 0.000000 0.086937 77.804247 0.815430 7.125330 0.389506 
423 0.130593 0.000000 -0.011499 145.795542 -0.357973 -52.981265 -1.406348 
424 0.150645 0.000000 -0.011499 160.965633 -0.366852 -1.317271 -1.591180 
425 0.130593 0.000000 0.008188 16.035892 -8.639447 -1.578013 0.966572 
426 0.120568 0.000000 -0.041030 124.247782 -0.360375 -69.464383 -1.026294 
427 0.110542 0.000000 -0.041030 108.870708 -0.395620 -75.128772 -0.749732 
428 0.120568 0.000000 -0.050874 131.163629 -0.365182 -57.994467 -1.056739 
429 0.130593 0.000000 -0.041030 138.121788 -0.366357 -52.015478 -1.178337 
430 0.120568 0.000000 -0.031187 115.463492 -0.391087 -66.487039 -0.775250 
431 0.170697 0.000000 -0.050874 143.630612 -0.342128 37.598515 -1.204352 
432 0.170697 0.000000 -0.070561 138.666578 -0.335310 48.207174 -1.155246 
433 0.190749 0.000000 -0.050874 114.084596 -0.351181 64.318822 -0.715233 
434 0.170697 0.000000 -0.031187 124.298226 -0.352310 51.388220 -0.809092 
435 2.035511 0.000000 -0.306809 96.076855 0.065722 -26.560045 0.006380 
436 2.035511 0.000000 -0.621806 96.499854 -0.002273 -26.230006 -0.000024 
437 2.356339 0.000000 -0.306809 96.183994 0.021897 -26.449174 0.004908 
438 2.035511 0.000000 0.008188 95.833953 0.000651 -26.201701 0.012932 
439 5.564621 0.000000 -15.111679 94.617600 0.000012 -32.436068 -0.000459 
440 5.564621 0.000000 -20.151635 94.595337 0.000002 -32.474652 -0.000288 
441 10.697873 0.000000 -15.111679 94.619436 0.000019 -32.400875 -0.000265 
442 15.831124 0.000000 -15.111679 94.627800 0.000022 -32.356771 -0.000138 
443 15.831124 0.000000 -20.151635 94.597481 0.000008 -32.443768 -0.000128 
444 20.964375 0.000000 -15.111679 94.648028 0.000030 -32.287427 -0.000073 
445 -14.968384 0.000000 -15.111679 94.581301 -0.000018 -32.515599 -0.000289 
446 -20.101635 0.000000 -15.111679 94.575647 -0.000015 -32.516923 -0.000190 
447 -14.968384 0.000000 -20.151635 94.578576 -0.000012 -32.513273 -0.000222 
448 2.997996 0.000000 -7.551746 94.759002 0.000771 -32.224231 -0.001767 
449 2.997996 0.000000 -10.071724 94.678037 0.000046 -32.362424 -0.001126 
450 5.564621 0.000000 -7.551746 94.761375 0.000540 -32.102525 -0.001029 
451 8.131247 0.000000 -7.551746 94.784225 0.000183 -31.960490 -0.000552 
452 8.131247 0.000000 -10.071724 94.683550 0.000069 -32.250007 -0.000504 
453 10.697873 0.000000 -7.551746 94.841282 0.000250 -31.754191 -0.000320 
454 -7.268507 0.000000 -7.551746 94.624938 -0.000055 -32.519420 -0.001139 
455 -9.835133 0.000000 -7.551746 94.602813 -0.000049 -32.524431 -0.000753 
456 -7.268507 0.000000 -10.071724 94.614402 -0.000038 -32.510007 -0.000879 
457 1.714683 0.000000 -3.771779 95.232221 0.003026 -31.579940 -0.006647 
458 1.714683 0.000000 -5.031768 94.970005 0.006408 -31.983652 -0.004226 
459 2.997996 0.000000 -3.771779 95.187624 0.001000 -31.263073 -0.003806 
460 4.281308 0.000000 -3.771779 95.203563 0.000831 -30.945992 -0.002137 
461 4.281308 0.000000 -5.031768 94.963482 0.004471 -31.642286 -0.001930 
462 5.564621 0.000000 -3.771779 95.286189 0.004171 -30.559407 -0.001334 
463 -3.418569 0.000000 -3.771779 94.789041 0.000330 -32.538643 -0.004373 
464 -4.701881 0.000000 -3.771779 94.706232 0.000218 -32.555997 -0.002916 
465 -3.418569 0.000000 -5.031768 94.750755 0.000242 -32.500474 -0.003399 
466 1.073026 0.000000 -1.881795 96.392438 -0.002305 -30.185254 -0.020265 
467 1.073026 0.000000 -2.511790 95.840560 0.003873 -31.003773 -0.014665 
468 1.714683 0.000000 -1.881795 96.108893 0.003952 -29.667906 -0.011710 
469 2.356339 0.000000 -1.881795 95.986441 0.004751 -29.258607 -0.006946 
470 2.356339 0.000000 -2.511790 95.675221 0.009893 -30.283520 -0.007084 
471 2.997996 0.000000 -1.881795 95.963035 0.009352 -28.887036 -0.004336 
472 -1.493599 0.000000 -1.881795 95.383118 0.001614 -32.660503 -0.016465 
473 -2.135256 0.000000 -1.881795 95.098207 0.009902 -32.719318 -0.011422 
474 -1.493599 0.000000 -2.511790 95.264464 0.014389 -32.510435 -0.013225 
475 0.752198 0.000000 -0.936804 98.460462 0.063991 -27.699896 -0.046175 
476 0.752198 0.000000 -1.251801 97.656700 0.024557 -29.144985 -0.038626 
477 1.073026 0.000000 -0.936804 97.560878 0.012130 -27.263088 -0.026140 
478 1.393855 0.000000 -0.936804 97.052716 0.020533 -27.050678 -0.015097 
479 1.393855 0.000000 -1.251801 96.853948 0.009396 -28.248336 -0.017866 
480 1.714683 0.000000 -0.936804 96.721139 0.009693 -26.979738 -0.008289 
481 -0.531115 0.000000 -0.936804 97.163640 0.021061 -33.097137 -0.053619 
482 -0.851943 0.000000 -0.936804 96.362365 0.009685 -33.347987 -0.039779 
483 -0.531115 0.000000 -1.251801 96.831652 0.013116 -32.620909 -0.044049 
484 0.591784 0.000000 -0.464308 100.560519 0.015206 -23.316892 -0.065610 
485 0.591784 0.000000 -0.621806 100.063750 0.051062 -25.636866 -0.067001 
486 0.752198 0.000000 -0.464308 99.030122 0.038083 -23.520487 -0.036018 
487 0.912612 0.000000 -0.464308 98.033837 0.045794 -24.027581 -0.018796 
488 0.912612 0.000000 -0.621806 98.461655 0.023914 -25.113031 -0.032536 
489 1.073026 0.000000 -0.464308 97.552716 0.014293 -24.246966 -0.010445 
490 0.351163 0.000000 -0.228060 106.288450 0.102556 -16.850282 -0.158118 
491 0.351163 0.000000 -0.306809 105.784526 0.111928 -20.401127 -0.160658 
492 0.431370 0.000000 -0.228060 103.349372 0.140661 -16.726909 -0.096090 
493 2.035511 0.000000 -0.936804 96.547310 0.003903 -26.928221 -0.004651 
494 2.035511 0.000000 -1.251801 96.414180 0.002772 -27.898653 -0.007403 
495 2.356339 0.000000 -0.936804 96.468912 0.005006 -26.886343 -0.002913 
496 2.035511 0.000000 0.323185 95.291811 0.001285 -27.053934 0.018756 
497 2.356339 0.000000 0.323185 95.412300 -0.000125 -27.501146 0.014018 
498 2.035511 0.000000 0.638183 94.820034 0.005204 -27.947497 0.022810 
499 0.391266 0.000000 -0.031187 102.736214 0.230228 1.355728 -0.055662 
500 0.391266 0.000000 -0.070561 101.993200 0.214647 -6.852375 -0.044961 
501 0.391266 0.000000 0.008188 100.185861 0.320004 -3.266716 -0.004798 
502 -0.370701 0.000000 -0.464308 98.842758 0.026750 -35.238860 -0.101167 
503 -0.531115 0.000000 -0.464308 97.502506 0.013677 -35.065385 -0.073632 
504 -0.370701 0.000000 -0.621806 98.711249 0.015208 -34.113170 -0.090762 
505 -0.130079 0.000000 -0.228060 104.383416 0.045293 -39.547614 -0.245991 
506 -0.210286 0.000000 -0.228060 101.580443 0.003671 -39.877758 -0.190882 
507 -0.130079 0.000000 -0.306809 104.509640 0.017722 -37.445325 -0.232442 
508 0.230852 0.000000 -0.109936 114.901059 0.098961 -7.001825 -0.325129 
509 0.230852 0.000000 -0.149310 114.275084 0.108772 -12.887452 -0.322489 
510 0.270956 0.000000 -0.109936 110.837838 0.116228 -7.571219 -0.234236 
511 0.391266 0.000000 0.047563 95.499801 0.334484 -16.952996 0.059227 
512 0.391266 0.000000 0.086937 94.717506 0.238023 -16.419617 0.075893 
513 0.210801 0.000000 -0.050874 108.771373 -0.173326 15.962688 -0.208605 
514 0.210801 0.000000 -0.070561 115.800780 -0.032324 5.664861 -0.344191 
515 0.230852 0.000000 -0.050874 104.091354 0.023449 3.414253 -0.084667 
516 -0.009769 0.000000 -0.109936 119.925919 0.108518 -45.172259 -0.642277 
517 -0.049872 0.000000 -0.109936 112.133814 0.099821 -47.835817 -0.486227 
518 -0.009769 0.000000 -0.149310 115.871154 0.101843 -40.528625 -0.506870 
519 0.170697 0.000000 -0.011499 111.980938 -0.364538 62.432081 -0.643763 
520 0.170697 0.000000 0.008188 83.152535 0.787543 2.818563 0.307709 
521 0.050386 0.000000 -0.011499 159.628344 0.780351 -5.228021 -1.550915 
522 0.050386 0.000000 -0.031187 152.783302 0.628924 1.320180 -1.334488 
523 0.090490 0.000000 0.027875 60.252459 0.924848 14.762466 0.615086 
524 0.110542 0.000000 0.027875 68.484406 0.913100 12.371375 0.515600 
525 0.090490 0.000000 0.047563 58.454102 0.992318 14.624211 0.636827 
526 -0.089976 0.000000 -0.109936 106.213651 0.104212 -47.494400 -0.353707 
527 -0.130079 0.000000 -0.109936 102.470083 -0.046140 -46.002029 -0.261631 
528 -0.089976 0.000000 -0.149310 106.918211 0.097760 -43.735853 -0.334434 
529 -0.089976 0.000000 0.047563 81.895085 0.101829 -52.131606 0.057548 
530 -0.130079 0.000000 0.047563 86.772353 -0.016292 -48.334203 0.013436 
531 -0.089976 0.000000 0.086937 79.244420 0.098879 -46.451208 0.156260 
532 -0.029821 0.000000 0.027875 61.365747 0.170401 -70.911670 0.120575 
533 -0.049872 0.000000 0.027875 74.553460 0.139554 -64.258874 0.031256 
534 -0.029821 0.000000 0.047563 59.593690 0.155227 -57.450885 0.314796 
535 0.130593 0.000000 0.027875 72.936205 0.863376 11.062740 0.455718 
536 0.150645 0.000000 0.027875 75.275398 0.840752 9.175604 0.424872 
537 0.130593 0.000000 0.047563 74.099516 0.887716 10.120853 0.440604 
538 0.170697 0.000000 0.027875 83.153752 0.666313 2.794946 0.307720 
539 0.190749 0.000000 0.027875 83.153761 0.665427 2.794773 0.307720 
540 0.170697 0.000000 0.047563 78.826828 0.795994 6.299009 0.374602 
541 0.511577 0.000000 -0.228060 101.143880 0.121415 -17.174427 -0.052506 
542 0.511577 0.000000 -0.306809 101.618844 0.081506 -19.918187 -0.072313 
543 0.591784 0.000000 -0.228060 99.102187 0.077326 -18.893251 -0.017820 
544 0.671991 0.000000 -0.228060 97.990647 0.075360 -20.149753 -0.000819 
545 0.671991 0.000000 -0.306809 99.027984 0.078974 -20.911283 -0.024383 
546 0.752198 0.000000 -0.228060 97.379247 0.066476 -21.070870 0.007330 
547 0.311059 0.000000 -0.109936 107.908175 0.131414 -8.316258 -0.171335 
548 0.311059 0.000000 -0.149310 108.669353 0.132177 -11.331032 -0.193744 
549 0.351163 0.000000 -0.109936 105.638395 0.217598 -8.430914 -0.123060 
550 0.391266 0.000000 -0.109936 103.303242 0.194431 -9.518770 -0.076220 
551 0.391266 0.000000 -0.149310 104.071636 0.163395 -12.283346 -0.098181 
552 0.431370 0.000000 -0.109936 101.166694 0.153037 -10.812761 -0.035164 
553 0.210801 0.000000 0.027875 92.195930 0.386367 0.343056 0.149964 
554 0.230852 0.000000 0.027875 97.446447 0.228356 -0.855614 0.050341 
555 0.210801 0.000000 0.047563 86.107805 0.568851 -1.111476 0.258389 
556 0.050386 0.000000 -0.050874 145.491727 0.024121 -26.952454 -1.189428 
557 0.030335 0.000000 -0.050874 148.895645 0.091746 -39.004947 -1.369131 
558 0.050386 0.000000 -0.070561 138.092472 0.055785 -32.348576 -1.011596 
559 0.010283 0.000000 -0.050874 143.280310 0.125584 -53.789467 -1.342257 
560 -0.009769 0.000000 -0.050874 130.198463 0.131871 -63.008210 -1.092169 
561 0.010283 0.000000 -0.070561 133.539205 0.113663 -48.438307 -1.017900 
562 0.471473 0.000000 -0.109936 99.406979 0.111267 -11.953246 -0.002464 
563 0.471473 0.000000 -0.149310 100.616257 0.146651 -13.733417 -0.031226 
564 0.511577 0.000000 -0.109936 97.934639 0.149128 -13.298190 0.023194 
565 0.551681 0.000000 -0.109936 96.890904 0.124966 -14.582075 0.039950 
566 0.551681 0.000000 -0.149310 98.298604 0.122329 -15.729375 0.008996 
567 0.591784 0.000000 -0.109936 96.131695 0.106750 -16.429119 0.048877 
568 0.631888 0.000000 -0.109936 95.733504 0.075785 -18.218153 0.050319 
569 0.631888 0.000000 -0.149310 96.870158 0.068809 -18.494326 0.027413 
570 0.671991 0.000000 -0.109936 95.636343 0.063009 -19.289419 0.048160 
571 -0.029821 0.000000 -0.050874 117.542922 0.126894 -64.050007 -0.791876 
572 -0.049872 0.000000 -0.050874 109.096867 0.120672 -61.173192 -0.564430 
573 -0.029821 0.000000 -0.070561 117.968078 0.117434 -56.275231 -0.708338 
1 19 21 3 22 
2 20 19 22 9 
3 28 20 9 30 
4 29 28 30 4 
5 35 37 19 38 
6 36 35 38 20 
7 44 36 20 46 
8 45 44 46 28 
9 51 53 35 54 
10 52 51 54 36 
11 60 52 36 62 
12 61 60 62 44 
13 67 69 51 70 
14 68 67 70 52 
15 76 68 52 78 
16 77 76 78 60 
17 83 85 67 86 
18 84 83 86 68 
19 92 84 68 94 
20 93 92 94 76 
21 99 101 83 102 
22 100 99 102 84 
23 108 100 84 110 
24 109 108 110 92 
25 115 117 99 118 
26 116 115 118 100 
27 10 125 124 26 
28 125 13 126 124 
29 124 126 8 127 
30 26 124 127 14 
31 23 129 128 42 
32 129 26 130 128 
33 128 130 14 131 
34 42 128 131 27 
35 39 133 132 58 
36 133 42 134 132 
37 132 134 27 135 
38 58 132 135 43 
39 137 58 138 136 
40 136 138 43 139 
41 71 141 140 90 
42 141 74 142 140 
43 140 142 59 143 
44 90 140 143 75 
45 87 145 144 106 
46 145 90 146 144 
47 144 146 75 147 
48 106 144 147 91 
49 149 106 150 148 
50 148 150 91 151 
51 152 116 100 154 
52 153 152 154 108 
53 155 157 115 158 
54 156 155 158 116 
55 119 161 159 160 
56 161 122 162 159 
57 14 127 164 37 
58 127 8 165 164 
59 164 165 21 166 
60 37 164 166 19 
61 27 131 167 53 
62 131 14 168 167 
63 167 168 37 169 
64 53 167 169 35 
65 43 135 170 69 
66 135 27 171 170 
67 170 171 53 172 
68 69 170 172 51 
69 139 43 174 173 
70 173 174 69 175 
71 85 173 175 67 
72 75 143 176 101 
73 143 59 177 176 
74 176 177 85 178 
75 101 176 178 83 
76 91 147 179 117 
77 147 75 180 179 
78 179 180 101 181 
79 117 179 181 99 
80 151 91 183 182 
81 182 183 117 184 
82 157 182 184 115 
83 122 186 185 162 
84 186 148 187 185 
85 185 187 151 188 
86 162 185 188 107 
87 189 191 157 192 
88 190 189 192 155 
89 159 195 193 194 
90 195 162 196 193 
91 193 196 107 197 
92 120 204 202 203 
93 204 119 160 202 
94 202 160 123 205 
95 203 202 205 5 
96 160 208 206 207 
97 208 159 194 206 
98 206 194 163 209 
99 207 206 209 123 
100 107 188 210 191 
101 188 151 211 210 
102 210 211 182 212 
103 191 210 212 157 
104 163 197 213 214 
105 197 107 215 213 
106 213 215 191 216 
107 214 213 216 189 
108 194 219 217 218 
109 219 193 220 217 
110 217 220 197 221 
111 218 217 221 163 
112 16 224 222 223 
113 224 15 32 222 
114 222 32 18 225 
115 223 222 225 6 
116 32 228 226 227 
117 228 31 48 226 
118 226 48 34 229 
119 227 226 229 18 
120 48 232 230 231 
121 232 47 64 230 
122 230 64 50 233 
123 231 230 233 34 
124 64 236 234 235 
125 236 63 80 234 
126 234 80 66 237 
127 235 234 237 50 
128 80 240 238 239 
129 239 238 241 66 
130 250 156 116 252 
131 251 250 252 152 
132 199 255 253 254 
133 255 198 256 253 
134 253 256 201 257 
135 254 253 257 114 
136 6 225 258 259 
137 225 18 45 258 
138 258 45 28 260 
139 259 258 260 29 
140 18 229 261 262 
141 229 34 61 261 
142 261 61 44 263 
143 262 261 263 45 
144 34 233 264 265 
145 233 50 77 264 
146 264 77 60 266 
147 265 264 266 61 
148 50 237 267 268 
149 237 66 93 267 
150 267 93 76 269 
151 268 267 269 77 
152 66 241 270 271 
153 270 109 92 272 
154 271 270 272 93 
155 273 153 108 275 
156 274 273 275 109 
157 276 251 152 278 
158 277 276 278 153 
159 281 199 254 279 
160 279 254 114 282 
161 282 114 293 291 
162 291 293 251 294 
163 292 291 294 276 
164 280 297 295 296 
165 297 279 298 295 
166 295 298 282 299 
167 296 295 299 249 
168 300 277 153 302 
169 301 300 302 273 
170 307 309 277 310 
171 308 307 310 300 
172 303 313 311 312 
173 313 288 314 311 
174 311 314 98 315 
175 312 311 315 306 
176 238 318 316 317 
177 318 96 243 316 
178 316 243 82 319 
179 317 316 319 241 
180 243 322 320 321 
181 321 320 323 82 
182 241 319 328 329 
183 319 82 274 328 
184 328 274 109 330 
185 329 328 330 270 
186 82 323 331 332 
187 331 301 273 333 
188 332 331 333 274 
189 334 308 300 336 
190 335 334 336 301 
191 324 339 337 338 
192 339 304 340 337 
193 337 340 286 341 
194 320 344 342 343 
195 344 284 325 342 
196 342 325 245 345 
197 343 342 345 323 
198 325 348 346 347 
199 348 324 338 346 
200 346 338 327 349 
201 347 346 349 245 
202 327 341 350 351 
203 341 286 352 350 
204 350 352 308 353 
205 351 350 353 334 
206 338 356 354 355 
207 356 337 357 354 
208 354 357 341 358 
209 355 354 358 327 
210 286 360 359 352 
211 360 306 361 359 
212 359 361 307 362 
213 352 359 362 308 
214 114 257 363 293 
215 257 201 364 363 
216 363 364 250 365 
217 293 363 365 251 
218 5 205 366 367 
219 205 123 190 366 
220 366 190 155 368 
221 367 366 368 156 
222 123 209 369 370 
223 209 163 214 369 
224 369 214 189 371 
225 370 369 371 190 
226 17 374 372 373 
227 374 7 375 372 
228 372 375 11 33 
229 373 372 33 15 
230 33 378 376 377 
231 378 11 379 376 
232 376 379 24 49 
233 377 376 49 31 
234 49 382 380 381 
235 382 24 383 380 
236 380 383 40 65 
237 381 380 65 47 
238 65 386 384 385 
239 386 40 387 384 
240 384 387 56 81 
241 385 384 81 63 
242 81 390 388 389 
243 390 56 391 388 
244 388 391 72 97 
245 389 388 97 79 
246 97 394 392 393 
247 394 72 395 392 
248 392 395 88 113 
249 393 392 113 95 
250 95 398 396 397 
251 398 113 399 396 
252 396 399 111 248 
253 397 396 248 112 
254 112 402 400 401 
255 402 248 403 400 
256 400 403 246 289 
257 401 400 289 247 
258 247 406 404 405 
259 406 289 407 404 
260 404 407 287 408 
261 79 411 409 410 
262 411 97 393 409 
263 409 393 95 244 
264 410 409 244 96 
265 244 414 412 413 
266 414 95 397 412 
267 412 397 112 285 
268 413 412 285 242 
269 285 417 415 416 
270 417 112 401 415 
271 415 401 247 305 
272 416 415 305 283 
273 305 420 418 419 
274 420 247 405 418 
275 418 405 288 313 
276 419 418 313 303 
277 421 292 276 422 
278 309 421 422 277 
279 288 408 423 314 
280 408 287 424 423 
281 423 424 290 425 
282 314 423 425 98 
283 405 428 426 427 
284 428 404 429 426 
285 426 429 408 430 
286 427 426 430 288 
287 289 432 431 407 
288 432 246 433 431 
289 431 433 280 434 
290 407 431 434 287 
291 74 436 435 142 
292 436 136 437 435 
293 435 437 139 438 
294 142 435 438 59 
295 7 440 439 375 
296 440 12 441 439 
297 439 441 10 25 
298 375 439 25 11 
299 12 443 442 441 
300 443 2 444 442 
301 442 444 13 125 
302 441 442 125 10 
303 1 447 445 446 
304 447 17 373 445 
305 445 373 15 224 
306 446 445 224 16 
307 11 449 448 379 
308 449 25 450 448 
309 448 450 23 41 
310 379 448 41 24 
311 25 452 451 450 
312 452 10 453 451 
313 451 453 26 129 
314 450 451 129 23 
315 15 456 454 455 
316 456 33 377 454 
317 454 377 31 228 
318 455 454 228 32 
319 24 458 457 383 
320 458 41 459 457 
321 457 459 39 57 
322 383 457 57 40 
323 41 461 460 459 
324 461 23 462 460 
325 460 462 42 133 
326 459 460 133 39 
327 31 465 463 464 
328 465 49 381 463 
329 463 381 47 232 
330 464 463 232 48 
331 40 467 466 387 
332 467 57 468 466 
333 466 468 55 73 
334 387 466 73 56 
335 57 470 469 468 
336 470 39 471 469 
337 469 471 58 137 
338 468 469 137 55 
339 47 474 472 473 
340 474 65 385 472 
341 472 385 63 236 
342 473 472 236 64 
343 56 476 475 391 
344 476 73 477 475 
345 475 477 71 89 
346 391 475 89 72 
347 73 479 478 477 
348 479 55 480 478 
349 478 480 74 141 
350 477 478 141 71 
351 63 483 481 482 
352 483 81 389 481 
353 481 389 79 240 
354 482 481 240 80 
355 72 485 484 395 
356 485 89 486 484 
357 484 486 87 105 
358 395 484 105 88 
359 89 488 487 486 
360 488 71 489 487 
361 487 489 90 145 
362 486 487 145 87 
363 113 491 490 399 
364 491 88 492 490 
365 490 492 104 200 
366 399 490 200 111 
367 55 494 493 480 
368 494 137 495 493 
369 493 495 136 436 
370 480 493 436 74 
371 59 438 496 177 
372 438 139 497 496 
373 496 497 173 498 
374 177 496 498 85 
375 198 500 499 256 
376 500 120 203 499 
377 499 203 5 501 
378 256 499 501 201 
379 240 504 502 503 
380 504 79 410 502 
381 502 410 96 318 
382 503 502 318 238 
383 96 507 505 506 
384 507 244 413 505 
385 505 413 242 322 
386 506 505 322 243 
387 248 509 508 403 
388 509 111 510 508 
389 508 510 199 281 
390 403 508 281 246 
391 201 501 511 364 
392 501 5 367 511 
393 511 367 156 512 
394 364 511 512 250 
395 246 514 513 433 
396 514 281 515 513 
397 513 515 279 297 
398 433 513 297 280 
399 242 518 516 517 
400 518 285 416 516 
401 516 416 283 326 
402 517 516 326 284 
403 287 434 519 424 
404 434 280 296 519 
405 519 296 249 520 
406 424 519 520 290 
407 304 522 521 340 
408 522 303 312 521 
409 521 312 306 360 
410 340 521 360 286 
411 306 315 523 361 
412 315 98 524 523 
413 523 524 309 525 
414 361 523 525 307 
415 322 528 526 527 
416 528 242 517 526 
417 526 517 284 344 
418 527 526 344 320 
419 323 345 529 530 
420 345 245 335 529 
421 529 335 301 531 
422 530 529 531 331 
423 245 349 532 533 
424 349 327 351 532 
425 532 351 334 534 
426 533 532 534 335 
427 98 425 535 524 
428 425 290 536 535 
429 535 536 421 537 
430 524 535 537 309 
431 290 520 538 536 
432 520 249 539 538 
433 538 539 292 540 
434 536 538 540 421 
435 88 542 541 492 
436 542 105 543 541 
437 541 543 103 121 
438 492 541 121 104 
439 105 545 544 543 
440 545 87 546 544 
441 544 546 106 149 
442 543 544 149 103 
443 111 548 547 510 
444 548 200 549 547 
445 547 549 198 255 
446 510 547 255 199 
447 200 551 550 549 
448 551 104 552 550 
449 550 552 120 500 
450 549 550 500 198 
451 249 299 553 539 
452 299 282 554 553 
453 553 554 291 555 
454 539 553 555 292 
455 283 558 556 557 
456 558 305 419 556 
457 556 419 303 522 
458 557 556 522 304 
459 326 561 559 560 
460 561 283 557 559 
461 559 557 304 339 
462 560 559 339 324 
463 104 563 562 552 
464 563 121 564 562 
465 562 564 119 204 
466 552 562 204 120 
467 121 566 565 564 
468 566 103 567 565 
469 565 567 122 161 
470 564 565 161 119 
471 103 569 568 567 
472 569 149 570 568 
473 568 570 148 186 
474 567 568 186 122 
475 284 573 571 572 
476 573 326 560 571 
477 571 560 324 348 
478 572 571 348 325 
