2 0.000000 100.000000 5791.461216
573 478 
1 -20.101635 0.000000 -20.151635 99.097385 -0.000007 13.385988 0.000052 
2 20.964375 0.000000 -20.151635 99.098616 0.000003 13.371165 0.000068 
3 20.964375 0.000000 20.168012 99.105957 -0.000002 13.361016 -0.000051 
4 -20.101635 0.000000 20.168012 99.103506 -0.000004 13.385745 -0.000068 
5 0.431370 0.000000 0.008188 92.667038 0.388815 -5.366725 0.138387 
6 -20.101635 0.000000 0.008188 99.100623 -0.000015 13.389600 -0.000021 
7 0.431370 0.000000 -20.151635 99.092398 -0.000002 13.377512 0.000174 
8 20.964375 0.000000 0.008188 99.207840 0.000204 12.578942 -0.000043 
9 0.431370 0.000000 20.168012 99.110219 0.000006 13.375241 -0.000173 
10 10.697873 0.000000 -10.071724 99.094171 0.000023 13.329029 0.000268 
11 0.431370 0.000000 -10.071724 99.069429 0.000012 13.353926 0.000692 
12 10.697873 0.000000 -20.151635 99.095351 0.000003 13.371771 0.000131 
13 20.964375 0.000000 -10.071724 99.102510 0.000005 13.339375 0.000075 
14 10.697873 0.000000 0.008188 99.413225 -0.000147 11.030460 -0.000466 
15 -9.835133 0.000000 -10.071724 99.089066 -0.000023 13.387919 0.000212 
16 -20.101635 0.000000 -10.071724 99.097507 -0.000013 13.387949 0.000045 
17 -9.835133 0.000000 -20.151635 99.094458 -0.000008 13.383986 0.000116 
18 -9.835133 0.000000 0.008188 99.101871 -0.000043 13.402606 -0.000081 
19 10.697873 0.000000 10.088100 99.122980 -0.000009 13.290225 -0.000200 
20 0.431370 0.000000 10.088100 99.140193 0.000048 13.345337 -0.000688 
21 20.964375 0.000000 10.088100 99.119967 -0.000074 13.253848 -0.000043 
22 10.697873 0.000000 20.168012 99.108402 0.000005 13.366220 -0.000113 
23 5.564621 0.000000 -5.031768 99.076851 0.000172 13.166984 0.001041 
24 0.431370 0.000000 -5.031768 98.981140 0.002127 13.260791 0.002689 
25 5.564621 0.000000 -10.071724 99.081265 0.000031 13.331373 0.000518 
26 10.697873 0.000000 -5.031768 99.109256 0.000065 13.205651 0.000297 
27 5.564621 0.000000 0.008188 99.836681 -0.010202 7.772294 -0.002777 
28 -9.835133 0.000000 10.088100 99.113687 -0.000008 13.387083 -0.000274 
29 -20.101635 0.000000 10.088100 99.103622 -0.000009 13.387773 -0.000076 
30 -9.835133 0.000000 20.168012 99.107052 -0.000001 13.383268 -0.000132 
31 -4.701881 0.000000 -5.031768 99.055555 -0.001810 13.394272 0.000859 
32 -9.835133 0.000000 -5.031768 99.089408 -0.000038 13.395803 0.000184 
33 -4.701881 0.000000 -10.071724 99.077383 -0.000019 13.379749 0.000465 
34 -4.701881 0.000000 0.008188 99.104863 -0.000219 13.454814 -0.000281 
35 5.564621 0.000000 5.048144 99.185763 -0.001521 13.031499 -0.000764 
36 0.431370 0.000000 5.048144 99.256538 0.000293 13.230819 -0.002691 
37 10.697873 0.000000 5.048144 99.172292 -0.000308 12.910127 -0.000181 
38 5.564621 0.000000 10.088100 99.132695 0.000035 13.310165 -0.000445 
39 2.997996 0.000000 -2.511790 98.994498 0.001269 12.590292 0.004157 
40 0.431370 0.000000 -2.511790 98.617711 0.006642 12.920472 0.010761 
41 2.997996 0.000000 -5.031768 99.026211 -0.000308 13.174496 0.002024 
42 5.564621 0.000000 -2.511790 99.129194 -0.009661 12.720125 0.001160 
43 2.997996 0.000000 0.008188 100.857645 -0.071386 -0.556444 -0.017258 
44 -4.701881 0.000000 5.048144 99.154020 0.002231 13.392037 -0.001087 
45 -9.835133 0.000000 5.048144 99.114089 -0.000022 13.395294 -0.000304 
46 -4.701881 0.000000 10.088100 99.127842 0.000012 13.377177 -0.000528 
47 -2.135256 0.000000 -2.511790 98.924457 0.000983 13.410100 0.003412 
48 -4.701881 0.000000 -2.511790 99.055695 -0.000220 13.426301 0.000770 
49 -2.135256 0.000000 -5.031768 99.009811 -0.000140 13.361509 0.001853 
50 -2.135256 0.000000 0.008188 99.102137 0.001770 13.695952 -0.000881 
51 2.997996 0.000000 2.528166 99.401069 0.000126 12.230388 -0.003015 
52 0.431370 0.000000 2.528166 99.706112 -0.002970 12.837869 -0.010612 
53 5.564621 0.000000 2.528166 99.323143 -0.000309 11.950087 -0.000789 
54 2.997996 0.000000 5.048144 99.225554 0.006540 13.099128 -0.001730 
55 1.714683 0.000000 -1.251801 98.744819 -0.000940 11.091605 0.012644 
56 0.431370 0.000000 -1.251801 97.740765 0.013953 11.934792 0.030430 
57 1.714683 0.000000 -2.511790 98.839219 0.002467 12.646746 0.007087 
58 2.997996 0.000000 -1.251801 99.152221 0.002092 11.365195 0.003967 
59 1.714683 0.000000 0.008188 99.997665 0.120640 -2.614818 -0.000638 
60 -2.135256 0.000000 2.528166 99.306949 0.002649 13.409223 -0.004168 
61 -4.701881 0.000000 2.528166 99.154928 -0.000104 13.425910 -0.001195 
62 -2.135256 0.000000 5.048144 99.209271 0.000114 13.353758 -0.002080 
63 -0.851943 0.000000 -1.251801 98.393146 0.003287 13.464222 0.013750 
64 -2.135256 0.000000 -1.251801 98.917128 -0.000218 13.531226 0.003231 
65 -0.851943 0.000000 -2.511790 98.761028 -0.003385 13.278102 0.006995 
66 -0.851943 0.000000 0.008188 98.941518 0.000847 14.793043 -0.000826 
67 1.714683 0.000000 1.268177 99.869470 0.009875 10.494582 -0.008405 
68 0.431370 0.000000 1.268177 101.056423 0.006884 11.720993 -0.034978 
69 2.997996 0.000000 1.268177 99.620178 0.000219 10.140232 -0.002700 
70 1.714683 0.000000 2.528166 99.521828 0.000207 12.442751 -0.005942 
71 1.073026 0.000000 -0.621806 97.954692 0.025660 8.120899 0.033893 
72 0.431370 0.000000 -0.621806 95.568826 0.032026 9.585056 0.077473 
73 1.073026 0.000000 -1.251801 98.275607 0.015587 11.235259 0.021567 
74 1.714683 0.000000 -0.621806 98.970989 0.003338 8.542500 0.013177 
75 1.073026 0.000000 0.008188 99.177069 0.116405 -4.738700 0.014144 
76 -0.851943 0.000000 1.268177 99.884322 0.001793 13.531509 -0.015998 
77 -2.135256 0.000000 1.268177 99.305277 0.003604 13.543919 -0.004498 
78 -0.851943 0.000000 2.528166 99.505669 0.000560 13.266225 -0.007737 
79 -0.210286 0.000000 -0.621806 96.272154 0.033322 13.444402 0.055092 
80 -0.851943 0.000000 -0.621806 98.135666 0.011312 14.133219 0.016964 
81 -0.210286 0.000000 -1.251801 98.007687 0.005615 12.927852 0.022736 
82 -0.210286 0.000000 0.008188 96.773479 0.007805 18.625023 0.028800 
83 1.073026 0.000000 0.638183 100.770737 0.006643 7.264808 -0.020752 
84 0.431370 0.000000 0.638183 104.096421 0.015183 8.746898 -0.091257 
85 1.714683 0.000000 0.638183 100.000258 0.006512 7.461855 -0.005573 
86 1.073026 0.000000 1.268177 100.284888 -0.000489 10.828297 -0.017431 
87 0.752198 0.000000 -0.306809 95.883745 0.040666 3.281154 0.079554 
88 0.431370 0.000000 -0.306809 92.994680 0.089419 5.982046 0.131620 
89 0.752198 0.000000 -0.621806 96.730345 0.022674 8.271940 0.057481 
90 1.073026 0.000000 -0.306809 98.135078 0.004793 3.968421 0.035376 
91 0.752198 0.000000 0.008188 97.500219 0.125148 -8.008161 0.042956 
92 -0.210286 0.000000 0.638183 101.892379 0.012418 13.975140 -0.057736 
93 -0.851943 0.000000 0.638183 99.999329 -0.004753 14.328541 -0.020517 
94 -0.210286 0.000000 1.268177 100.611465 -0.006698 13.023172 -0.029227 
95 0.110542 0.000000 -0.306809 91.942544 0.038847 10.835156 0.142917 
96 -0.210286 0.000000 -0.306809 95.160450 -0.005533 14.694552 0.072856 
97 0.110542 0.000000 -0.621806 95.690948 0.031650 11.684593 0.070671 
98 0.110542 0.000000 0.008188 21.137499 -7.833576 -3.961782 0.947615 
99 0.752198 0.000000 0.323185 102.063908 0.025475 1.605687 -0.041962 
100 0.431370 0.000000 0.323185 107.028439 0.075632 2.914664 -0.146359 
101 1.073026 0.000000 0.323185 100.411658 0.027224 3.343612 -0.009368 
102 0.752198 0.000000 0.638183 101.986770 0.023882 7.362416 -0.045551 
103 0.591784 0.000000 -0.149310 93.234115 0.070016 -0.902677 0.130658 
104 0.431370 0.000000 -0.149310 90.134265 0.097821 2.067783 0.187153 
105 0.591784 0.000000 -0.306809 94.412339 0.062058 4.210513 0.106858 
106 0.752198 0.000000 -0.149310 96.126800 0.034644 -1.622610 0.075700 
107 0.591784 0.000000 0.008188 73.632514 1.364435 -13.169893 0.440295 
108 0.110542 0.000000 0.323185 109.241626 0.056469 13.042920 -0.210385 
109 -0.210286 0.000000 0.323185 102.419194 0.020577 16.777874 -0.077119 
110 0.110542 0.000000 0.638183 104.085095 0.012628 12.082427 -0.097969 
111 0.270956 0.000000 -0.149310 88.716863 0.086748 6.357380 0.208889 
112 0.110542 0.000000 -0.149310 89.138936 0.090463 8.903064 0.197498 
113 0.270956 0.000000 -0.306809 91.855394 0.057300 8.262709 0.149431 
114 0.270956 0.000000 0.008188 87.458633 0.121648 0.966049 0.235004 
115 0.591784 0.000000 0.165687 102.626001 0.109070 -5.453768 -0.056185 
116 0.431370 0.000000 0.165687 109.749537 0.172249 -6.112241 -0.208235 
117 0.752198 0.000000 0.165687 100.341097 0.077119 -2.391800 -0.007406 
118 0.591784 0.000000 0.323185 103.917932 0.072955 1.570915 -0.080141 
119 0.511577 0.000000 -0.070561 89.402344 0.100761 -3.500058 0.199496 
120 0.431370 0.000000 -0.070561 87.939168 0.130811 -0.808631 0.226603 
121 0.511577 0.000000 -0.149310 91.335611 0.110315 -0.037653 0.165779 
122 0.591784 0.000000 -0.070561 92.215397 0.073931 -5.164327 0.146964 
123 0.511577 0.000000 0.008188 93.889829 1.161996 -14.086957 0.098491 
124 15.831124 0.000000 -5.031768 99.113780 0.000024 13.240071 0.000116 
125 15.831124 0.000000 -10.071724 99.100167 0.000012 13.333889 0.000136 
126 20.964375 0.000000 -5.031768 99.113367 0.000007 13.265333 0.000057 
127 15.831124 0.000000 0.008188 99.272888 0.000322 12.090265 -0.000128 
128 8.131247 0.000000 -2.511790 99.149424 0.000336 12.846639 0.000436 
129 8.131247 0.000000 -5.031768 99.100150 -0.001446 13.184078 0.000534 
130 10.697873 0.000000 -2.511790 99.149175 0.000154 12.934666 0.000214 
131 8.131247 0.000000 0.008188 99.554846 -0.001529 9.952336 -0.001022 
132 4.281308 0.000000 -1.251801 99.241129 0.001744 11.670717 0.001499 
133 4.281308 0.000000 -2.511790 99.092956 0.000785 12.654188 0.002046 
134 5.564621 0.000000 -1.251801 99.251876 0.000734 11.910373 0.000721 
135 4.281308 0.000000 0.008188 100.136573 -0.020649 5.417706 -0.005669 
136 2.356339 0.000000 -0.621806 99.307205 -0.001871 9.049873 0.005618 
137 2.356339 0.000000 -1.251801 99.004484 0.002546 11.175646 0.007322 
138 2.997996 0.000000 -0.621806 99.429610 -0.000788 9.527742 0.002297 
139 2.356339 0.000000 0.008188 100.344153 0.150815 -1.909347 -0.007262 
140 1.393855 0.000000 -0.306809 98.924078 0.007566 4.631661 0.019257 
141 1.393855 0.000000 -0.621806 98.533866 0.009673 8.185815 0.022407 
142 1.714683 0.000000 -0.306809 99.345139 -0.005061 5.370968 0.010170 
143 1.393855 0.000000 0.008188 99.714787 0.117252 -3.477152 0.004486 
144 0.912612 0.000000 -0.149310 97.668990 0.013105 -1.140840 0.045947 
145 0.912612 0.000000 -0.306809 97.302637 0.031224 3.538504 0.051967 
146 1.073026 0.000000 -0.149310 98.576233 -0.013707 -0.189096 0.028269 
147 0.912612 0.000000 0.008188 98.586118 0.122996 -6.262829 0.024154 
148 0.671991 0.000000 -0.070561 95.032570 0.041702 -5.627460 0.093714 
149 0.671991 0.000000 -0.149310 94.893965 0.041465 -1.496782 0.099289 
150 0.752198 0.000000 -0.070561 96.581940 -0.000169 -5.358833 0.064321 
151 0.671991 0.000000 0.008188 96.389692 0.086134 -8.206917 0.064167 
152 0.270956 0.000000 0.165687 118.313572 0.135514 0.816203 -0.399879 
153 0.110542 0.000000 0.165687 118.302405 0.138386 16.789286 -0.427736 
154 0.270956 0.000000 0.323185 109.980610 0.100434 7.170651 -0.214716 
155 0.511577 0.000000 0.086937 104.563230 0.197068 -14.031447 -0.113039 
156 0.431370 0.000000 0.086937 114.611760 0.445542 -24.773603 -0.374979 
157 0.591784 0.000000 0.086937 99.925100 0.143956 -10.221134 -0.008952 
158 0.511577 0.000000 0.165687 105.481582 0.134656 -6.085460 -0.116342 
159 0.551681 0.000000 -0.031187 89.160428 0.097783 -7.263042 0.199766 
160 0.511577 0.000000 -0.031187 87.644676 0.101769 -6.272901 0.227905 
161 0.551681 0.000000 -0.070561 90.621556 0.083842 -4.496814 0.176751 
162 0.591784 0.000000 -0.031187 91.440394 0.087776 -8.353297 0.156887 
163 0.551681 0.000000 0.008188 86.384526 2.245843 -18.794699 0.217943 
164 15.831124 0.000000 5.048144 99.193095 -0.000545 12.713756 -0.000091 
165 20.964375 0.000000 5.048144 99.238822 -0.000841 12.364120 -0.000122 
166 15.831124 0.000000 10.088100 99.119580 -0.000045 13.273788 -0.000088 
167 8.131247 0.000000 2.528166 99.358856 -0.000841 11.529502 -0.000511 
168 10.697873 0.000000 2.528166 99.441117 -0.001100 10.880921 -0.000693 
169 8.131247 0.000000 5.048144 99.172193 0.000917 12.975219 -0.000348 
170 4.281308 0.000000 1.268177 99.635052 -0.000711 9.600183 -0.001931 
171 5.564621 0.000000 1.268177 99.723030 -0.000748 8.833609 -0.002272 
172 4.281308 0.000000 2.528166 99.334301 -0.000299 12.101222 -0.001374 
173 2.356339 0.000000 0.638183 99.913475 0.004415 7.241044 -0.003514 
174 2.997996 0.000000 0.638183 99.994087 -0.000999 6.708677 -0.004382 
175 2.356339 0.000000 1.268177 99.694189 0.002641 10.303126 -0.004509 
176 1.393855 0.000000 0.323185 100.116230 0.013223 3.837861 -0.003799 
177 1.714683 0.000000 0.323185 100.035324 0.009709 4.102378 -0.002390 
178 1.393855 0.000000 0.638183 100.278422 0.014489 7.329378 -0.010948 
179 0.912612 0.000000 0.165687 100.025340 0.068305 -1.141229 -0.000638 
180 1.073026 0.000000 0.165687 99.904440 0.044412 0.169136 0.001907 
181 0.912612 0.000000 0.323185 100.983466 0.032410 2.518201 -0.020400 
182 0.671991 0.000000 0.086937 98.963103 0.106149 -6.780744 0.016031 
183 0.752198 0.000000 0.086937 98.998652 0.105037 -5.035990 0.017389 
184 0.671991 0.000000 0.165687 101.008196 0.094325 -3.724815 -0.021654 
185 0.631888 0.000000 -0.031187 94.024881 0.067354 -8.037762 0.109471 
186 0.631888 0.000000 -0.070561 93.803962 0.049247 -5.559237 0.116991 
187 0.671991 0.000000 -0.031187 95.473774 0.049243 -7.612505 0.082681 
188 0.631888 0.000000 0.008188 95.176139 0.104785 -9.470877 0.085179 
189 0.551681 0.000000 0.047563 99.503304 0.224390 -16.801028 -0.018323 
190 0.511577 0.000000 0.047563 105.328199 1.005266 -29.346265 -0.195624 
191 0.591784 0.000000 0.047563 97.111047 0.166890 -12.798393 0.040562 
192 0.551681 0.000000 0.086937 101.696350 0.175225 -12.058844 -0.048759 
193 0.571732 0.000000 -0.011499 77.444816 1.737538 -13.710829 0.381129 
194 0.551681 0.000000 -0.011499 82.179009 2.039099 -12.335933 0.309028 
195 0.571732 0.000000 -0.031187 90.013242 0.097470 -7.868446 0.183569 
196 0.591784 0.000000 -0.011499 91.111873 0.128389 -10.081431 0.159697 
197 0.571732 0.000000 0.008188 75.926421 1.589484 -13.932130 0.403855 
198 0.351163 0.000000 -0.070561 86.835627 0.188536 1.893336 0.245595 
199 0.270956 0.000000 -0.070561 85.084925 0.077825 5.727825 0.272774 
200 0.351163 0.000000 -0.149310 89.252889 0.147739 4.038133 0.201759 
201 0.351163 0.000000 0.008188 92.779303 0.183807 -2.795718 0.138415 
202 0.471473 0.000000 -0.031187 87.132151 0.555837 -1.256757 0.240610 
203 0.431370 0.000000 -0.031187 86.877518 0.341732 -0.118114 0.245217 
204 0.471473 0.000000 -0.070561 88.538640 0.081833 -2.259536 0.215580 
205 0.471473 0.000000 0.008188 93.450799 0.586044 -8.963320 0.118626 
206 0.531629 0.000000 -0.011499 87.620166 1.766581 -8.094756 0.225406 
207 0.511577 0.000000 -0.011499 89.110100 1.042499 -5.499271 0.202806 
208 0.531629 0.000000 -0.031187 88.370123 0.099879 -6.976327 0.214204 
209 0.531629 0.000000 0.008188 91.945581 1.737285 -17.603208 0.123312 
210 0.631888 0.000000 0.047563 97.244636 0.129251 -9.594098 0.045142 
211 0.671991 0.000000 0.047563 97.635447 0.117018 -8.221230 0.039972 
212 0.631888 0.000000 0.086937 99.192956 0.117544 -8.254497 0.009261 
213 0.571732 0.000000 0.027875 95.174335 0.226002 -17.379124 0.063976 
214 0.551681 0.000000 0.027875 88.475259 2.084092 -27.463122 0.141356 
215 0.591784 0.000000 0.027875 94.865894 0.171433 -13.731704 0.081187 
216 0.571732 0.000000 0.047563 97.836564 0.195255 -15.090570 0.020024 
217 0.561706 0.000000 -0.001656 78.708427 1.764714 -13.287149 0.362532 
218 0.551681 0.000000 -0.001656 83.421480 2.246773 -11.356884 0.290683 
219 0.561706 0.000000 -0.011499 78.966107 1.843399 -11.575754 0.362696 
220 0.571732 0.000000 -0.001656 75.677245 1.561786 -13.383086 0.409141 
221 0.561706 0.000000 0.008188 80.280816 1.881122 -15.031820 0.332550 
222 -14.968384 0.000000 -5.031768 99.096615 -0.000023 13.391438 0.000053 
223 -20.101635 0.000000 -5.031768 99.098668 -0.000015 13.389108 0.000019 
224 -14.968384 0.000000 -10.071724 99.094950 -0.000018 13.388580 0.000094 
225 -14.968384 0.000000 0.008188 99.100977 -0.000024 13.392957 -0.000037 
226 -7.268507 0.000000 -2.511790 99.085514 -0.000379 13.408968 0.000226 
227 -9.835133 0.000000 -2.511790 99.094005 -0.000044 13.400530 0.000080 
228 -7.268507 0.000000 -5.031768 99.078981 -0.000048 13.398173 0.000384 
229 -7.268507 0.000000 0.008188 99.102952 0.000163 13.415479 -0.000137 
230 -3.418569 0.000000 -1.251801 99.036700 -0.000289 13.481733 0.000998 
231 -4.701881 0.000000 -1.251801 99.073449 -0.000237 13.445731 0.000366 
232 -3.418569 0.000000 -2.511790 99.013249 -0.000255 13.434447 0.001589 
233 -3.418569 0.000000 0.008188 99.105938 -0.000252 13.509689 -0.000450 
234 -1.493599 0.000000 -0.621806 98.842806 0.000198 13.671267 0.004320 
235 -2.135256 0.000000 -0.621806 98.978845 0.002448 13.616863 0.001777 
236 -1.493599 0.000000 -1.251801 98.752031 -0.005792 13.540118 0.006470 
237 -1.493599 0.000000 0.008188 99.081113 0.000930 13.788965 -0.000720 
238 -0.531115 0.000000 -0.306809 97.585573 0.009236 14.853215 0.025644 
239 -0.851943 0.000000 -0.306809 98.377016 0.008410 14.536218 0.011066 
240 -0.531115 0.000000 -0.621806 97.497403 0.011277 14.007764 0.029804 
241 -0.531115 0.000000 0.008188 98.665897 0.005556 15.455255 0.002618 
242 -0.049872 0.000000 -0.149310 90.284481 0.091605 14.751154 0.163111 
243 -0.210286 0.000000 -0.149310 94.955300 0.016390 16.302601 0.071772 
244 -0.049872 0.000000 -0.306809 92.981899 0.034944 13.456758 0.117328 
245 -0.049872 0.000000 0.008188 87.376354 0.127158 28.170493 0.157178 
246 0.190749 0.000000 -0.070561 89.075689 -0.069692 15.668515 0.182001 
247 0.110542 0.000000 -0.070561 87.309302 -0.084378 -2.939341 0.236844 
248 0.190749 0.000000 -0.149310 89.361451 0.092805 8.348152 0.194483 
249 0.190749 0.000000 0.008188 86.339800 -0.417427 3.754744 0.253117 
250 0.351163 0.000000 0.086937 121.676993 0.238913 -18.000423 -0.512936 
251 0.270956 0.000000 0.086937 126.582539 0.310975 -10.850034 -0.614096 
252 0.351163 0.000000 0.165687 114.268333 0.203020 -3.809338 -0.307180 
253 0.311059 0.000000 -0.031187 84.720110 0.139048 2.211939 0.281759 
254 0.270956 0.000000 -0.031187 82.124793 0.090784 2.575250 0.324888 
255 0.311059 0.000000 -0.070561 86.009337 0.101500 3.485997 0.259023 
256 0.351163 0.000000 -0.031187 85.465203 0.166168 1.631010 0.269301 
257 0.311059 0.000000 0.008188 92.349142 0.150510 -1.210315 0.147015 
258 -14.968384 0.000000 5.048144 99.105260 -0.000018 13.391239 -0.000118 
259 -20.101635 0.000000 5.048144 99.102547 -0.000012 13.389011 -0.000058 
260 -14.968384 0.000000 10.088100 99.106706 -0.000011 13.388230 -0.000138 
261 -7.268507 0.000000 2.528166 99.120363 0.000998 13.408564 -0.000464 
262 -9.835133 0.000000 2.528166 99.109686 -0.000034 13.400285 -0.000230 
263 -7.268507 0.000000 5.048144 99.126405 -0.000016 13.397227 -0.000553 
264 -3.418569 0.000000 1.268177 99.177491 -0.000139 13.483635 -0.001798 
265 -4.701881 0.000000 1.268177 99.136689 -0.000166 13.445949 -0.000888 
266 -3.418569 0.000000 2.528166 99.203135 -0.000043 13.434399 -0.002175 
267 -1.493599 0.000000 0.638183 99.350548 0.001804 13.710043 -0.005850 
268 -2.135256 0.000000 0.638183 99.231858 0.000722 13.627576 -0.003267 
269 -1.493599 0.000000 1.268177 99.499966 0.002615 13.597933 -0.008515 
270 -0.531115 0.000000 0.323185 100.066035 0.004388 15.159527 -0.024302 
271 -0.851943 0.000000 0.323185 99.596543 -0.006052 14.701955 -0.013562 
272 -0.531115 0.000000 0.638183 100.648674 -0.007840 14.377644 -0.033687 
273 -0.049872 0.000000 0.165687 105.139111 0.078731 22.442752 -0.155792 
274 -0.210286 0.000000 0.165687 100.460896 -0.006826 18.403492 -0.043108 
275 -0.049872 0.000000 0.323185 105.209151 -0.005680 16.351056 -0.133632 
276 0.190749 0.000000 0.086937 131.380290 0.583444 2.783334 -0.726887 
277 0.110542 0.000000 0.086937 132.958962 0.775048 20.583365 -0.810236 
278 0.190749 0.000000 0.165687 120.540835 0.151541 8.221667 -0.459771 
279 0.230852 0.000000 -0.031187 81.464762 0.079734 2.670860 0.335635 
280 0.190749 0.000000 -0.031187 62.467589 -0.327033 54.927565 0.308066 
281 0.230852 0.000000 -0.070561 84.440243 0.009388 9.978043 0.277028 
282 0.230852 0.000000 0.008188 80.714212 -0.119406 1.957819 0.348137 
283 0.030335 0.000000 -0.070561 82.870425 0.082457 8.969759 0.305203 
284 -0.049872 0.000000 -0.070561 87.040927 0.100368 17.399451 0.212113 
285 0.030335 0.000000 -0.149310 88.587627 0.089624 11.638624 0.201677 
286 0.030335 0.000000 0.008188 81.889538 1.080485 30.209834 0.238030 
287 0.150645 0.000000 -0.031187 103.322647 -0.313540 1.916307 -0.067934 
288 0.110542 0.000000 -0.031187 57.725782 -0.397533 -47.297534 0.443052 
289 0.150645 0.000000 -0.070561 108.900898 -0.313882 1.252125 -0.186107 
290 0.150645 0.000000 0.008188 16.707304 -7.536148 0.626865 0.966368 
291 0.230852 0.000000 0.047563 125.971010 0.450026 -2.311599 -0.587424 
292 0.190749 0.000000 0.047563 131.422968 0.588227 2.937876 -0.728097 
293 0.270956 0.000000 0.047563 118.209198 0.280575 -8.585548 -0.404720 
294 0.230852 0.000000 0.086937 129.750972 0.455326 -2.959182 -0.684428 
295 0.210801 0.000000 -0.011499 46.694377 -0.486534 16.065228 0.756131 
296 0.190749 0.000000 -0.011499 30.542760 -0.444747 37.526488 0.765870 
297 0.210801 0.000000 -0.031187 81.485616 0.081366 2.671553 0.335295 
298 0.230852 0.000000 -0.011499 76.503278 -0.167855 2.809051 0.413933 
299 0.210801 0.000000 0.008188 71.329055 -0.536371 3.147254 0.490197 
300 0.030335 0.000000 0.086937 114.614477 0.167534 33.354129 -0.424900 
301 -0.049872 0.000000 0.086937 101.031586 0.105737 28.209079 -0.100314 
302 0.030335 0.000000 0.165687 111.688261 0.111288 22.345367 -0.297360 
303 0.070438 0.000000 -0.031187 75.438872 0.051317 3.636943 0.429575 
304 0.030335 0.000000 -0.031187 78.219602 0.804619 -5.164833 0.385437 
305 0.070438 0.000000 -0.070561 82.971431 0.009404 4.204628 0.309806 
306 0.070438 0.000000 0.008188 73.148209 -0.108227 3.935636 0.463384 
307 0.070438 0.000000 0.047563 127.767423 0.886795 41.244656 -0.802642 
308 0.030335 0.000000 0.047563 116.855535 0.979685 58.018883 -0.702237 
309 0.110542 0.000000 0.047563 131.658255 0.835742 28.151687 -0.812711 
310 0.070438 0.000000 0.086937 130.224968 0.919532 36.114016 -0.826361 
311 0.090490 0.000000 -0.011499 68.494059 -0.494781 4.750675 0.528575 
312 0.070438 0.000000 -0.011499 75.178707 0.077335 2.948026 0.433947 
313 0.090490 0.000000 -0.031187 70.236064 -0.311058 4.315368 0.504818 
314 0.110542 0.000000 -0.011499 31.511136 -0.420570 -36.317055 0.768794 
315 0.090490 0.000000 0.008188 70.032369 -0.325245 4.341929 0.507651 
316 -0.370701 0.000000 -0.149310 97.033779 -0.003931 15.816789 0.033428 
317 -0.531115 0.000000 -0.149310 98.019269 0.010270 15.187883 0.016155 
318 -0.370701 0.000000 -0.306809 96.832939 0.013315 14.775323 0.040507 
319 -0.370701 0.000000 0.008188 98.113531 0.016151 16.741879 0.009344 
320 -0.130079 0.000000 -0.070561 92.761114 -0.024802 18.374046 0.105777 
321 -0.210286 0.000000 -0.070561 95.456384 0.011128 17.494457 0.058202 
322 -0.130079 0.000000 -0.149310 93.044590 -0.006727 16.073007 0.108436 
323 -0.130079 0.000000 0.008188 94.696355 0.088312 21.473905 0.057146 
324 -0.009769 0.000000 -0.031187 75.666391 0.158102 14.830747 0.405462 
325 -0.049872 0.000000 -0.031187 85.096542 0.114687 21.273856 0.230599 
326 -0.009769 0.000000 -0.070561 83.709800 0.105670 13.827857 0.280145 
327 -0.009769 0.000000 0.008188 41.224199 1.574966 31.165014 0.732683 
328 -0.370701 0.000000 0.165687 99.691971 0.007896 16.775418 -0.021990 
329 -0.531115 0.000000 0.165687 99.434502 0.008739 15.497335 -0.012739 
330 -0.370701 0.000000 0.323185 100.877246 0.017000 16.010323 -0.043255 
331 -0.130079 0.000000 0.086937 98.810529 0.012339 22.031203 -0.024889 
332 -0.210286 0.000000 0.086937 98.750980 -0.008685 19.063907 -0.011519 
333 -0.130079 0.000000 0.165687 101.800816 0.021893 20.287415 -0.077499 
334 -0.009769 0.000000 0.047563 99.132397 0.181498 41.109049 -0.151722 
335 -0.049872 0.000000 0.047563 95.288842 0.122024 30.564144 -0.001415 
336 -0.009769 0.000000 0.086937 105.744550 0.135714 32.340734 -0.222785 
337 0.010283 0.000000 -0.011499 51.838998 1.437914 -0.707041 0.731015 
338 -0.009769 0.000000 -0.011499 35.315811 1.627840 4.111924 0.873324 
339 0.010283 0.000000 -0.031187 61.471103 1.271814 -14.570280 0.600739 
340 0.030335 0.000000 -0.011499 74.646226 0.908754 -7.115677 0.437648 
341 0.010283 0.000000 0.008188 56.859672 1.421945 46.804768 0.457427 
342 -0.089976 0.000000 -0.031187 90.535407 0.093817 20.921162 0.136564 
343 -0.130079 0.000000 -0.031187 93.305331 0.087923 20.064326 0.089153 
344 -0.089976 0.000000 -0.070561 90.402433 0.090218 18.404718 0.148866 
345 -0.089976 0.000000 0.008188 92.430306 0.094572 23.666886 0.089651 
346 -0.029821 0.000000 -0.011499 78.595902 0.152787 25.206073 0.318731 
347 -0.049872 0.000000 -0.011499 85.233352 0.122521 24.640110 0.212813 
348 -0.029821 0.000000 -0.031187 80.561798 0.129005 19.803869 0.311759 
349 -0.029821 0.000000 0.008188 81.616487 0.167894 32.727336 0.226764 
350 0.010283 0.000000 0.027875 86.708949 1.223440 73.739000 -0.295738 
351 -0.009769 0.000000 0.027875 53.713973 1.463471 74.828572 0.151335 
352 0.030335 0.000000 0.027875 110.652070 1.030611 63.598302 -0.628969 
353 0.010283 0.000000 0.047563 107.067377 0.271783 45.640658 -0.354657 
354 0.000257 0.000000 -0.001656 31.673719 1.670190 18.595784 0.864818 
355 -0.009769 0.000000 -0.001656 40.483342 1.581605 27.343392 0.761094 
356 0.000257 0.000000 -0.011499 45.478724 1.512458 3.508630 0.791709 
357 0.010283 0.000000 -0.001656 51.539586 1.465283 10.013939 0.724125 
358 0.000257 0.000000 0.008188 43.571661 1.538748 56.257882 0.493419 
359 0.050386 0.000000 0.027875 122.422862 0.946829 50.132516 -0.750152 
360 0.050386 0.000000 0.008188 79.852495 0.487664 0.949850 0.362244 
361 0.070438 0.000000 0.027875 126.588350 0.926635 43.537412 -0.792098 
362 0.050386 0.000000 0.047563 123.150176 0.942027 49.182954 -0.758582 
363 0.311059 0.000000 0.047563 114.831317 0.210978 -10.938658 -0.330593 
364 0.351163 0.000000 0.047563 117.226806 0.245971 -15.904166 -0.399513 
365 0.311059 0.000000 0.086937 124.154478 0.244352 -15.015412 -0.563986 
366 0.471473 0.000000 0.047563 111.255280 0.541981 -26.811001 -0.309686 
367 0.431370 0.000000 0.047563 112.025764 0.433206 -22.866532 -0.307284 
368 0.471473 0.000000 0.086937 107.664721 0.226674 -14.369579 -0.179823 
369 0.531629 0.000000 0.027875 100.172068 1.644879 -29.460975 -0.090510 
370 0.511577 0.000000 0.027875 103.316482 1.031774 -25.970504 -0.134983 
371 0.531629 0.000000 0.047563 101.728117 0.253477 -18.515378 -0.069149 
372 -4.701881 0.000000 -15.111679 99.088101 -0.000010 13.379967 0.000252 
373 -9.835133 0.000000 -15.111679 99.092037 -0.000013 13.384822 0.000161 
374 -4.701881 0.000000 -20.151635 99.092912 -0.000006 13.381280 0.000154 
375 0.431370 0.000000 -15.111679 99.086416 -0.000001 13.371403 0.000309 
376 -2.135256 0.000000 -7.551746 99.052488 -0.002402 13.362822 0.001004 
377 -4.701881 0.000000 -7.551746 99.067556 -0.000028 13.382925 0.000652 
378 -2.135256 0.000000 -10.071724 99.071324 -0.000006 13.368886 0.000615 
379 0.431370 0.000000 -7.551746 99.046367 -0.002749 13.329010 0.001215 
380 -0.851943 0.000000 -3.771779 98.912245 -0.004170 13.294528 0.003962 
381 -2.135256 0.000000 -3.771779 98.970432 -0.000173 13.372946 0.002602 
382 -0.851943 0.000000 -5.031768 98.987125 -0.000083 13.318814 0.002416 
383 0.431370 0.000000 -3.771779 98.899081 -0.003746 13.165952 0.004563 
384 -0.210286 0.000000 -1.881795 98.443944 -0.005030 13.033577 0.013892 
385 -0.851943 0.000000 -1.881795 98.587626 0.000631 13.324030 0.010295 
386 -0.210286 0.000000 -2.511790 98.689379 0.002774 13.125556 0.008813 
387 0.431370 0.000000 -1.881795 98.405961 -0.004799 12.631461 0.015671 
388 0.110542 0.000000 -0.936804 96.861215 0.021764 12.186665 0.046939 
389 -0.210286 0.000000 -0.936804 97.198114 0.032559 13.065830 0.038181 
390 0.110542 0.000000 -1.251801 97.718322 0.012352 12.475227 0.029550 
391 0.431370 0.000000 -0.936804 96.994263 0.019818 11.174194 0.046725 
392 0.270956 0.000000 -0.464308 94.017934 0.037345 9.758100 0.106541 
393 0.110542 0.000000 -0.464308 94.053729 0.020810 11.390562 0.102415 
394 0.270956 0.000000 -0.621806 95.248336 0.058200 10.556657 0.081631 
395 0.431370 0.000000 -0.464308 94.395787 0.043517 8.197608 0.102223 
396 0.190749 0.000000 -0.228060 90.533107 0.092851 8.890378 0.172471 
397 0.110542 0.000000 -0.228060 90.589009 0.087210 10.392663 0.168562 
398 0.190749 0.000000 -0.306809 91.556490 0.059227 9.377110 0.152948 
399 0.270956 0.000000 -0.228060 90.611769 0.105056 7.282977 0.173645 
400 0.150645 0.000000 -0.109936 90.399876 0.044287 7.548826 0.177088 
401 0.110542 0.000000 -0.109936 88.653970 0.051888 6.330834 0.210039 
402 0.150645 0.000000 -0.149310 89.565908 0.087038 8.544618 0.190493 
403 0.190749 0.000000 -0.109936 89.237973 0.056722 9.109323 0.195360 
404 0.130593 0.000000 -0.050874 97.873804 -0.329359 -24.164145 -0.016330 
405 0.110542 0.000000 -0.050874 77.012184 -0.362446 -42.434894 0.226827 
406 0.130593 0.000000 -0.070561 93.885455 -0.334974 -31.960206 0.016395 
407 0.150645 0.000000 -0.050874 104.754320 -0.313602 2.182522 -0.097833 
408 0.130593 0.000000 -0.031187 87.315872 -0.346576 -31.327349 0.139442 
409 -0.049872 0.000000 -0.464308 94.799866 0.000274 12.885550 0.084695 
410 -0.210286 0.000000 -0.464308 96.079415 0.024882 13.664530 0.058203 
411 -0.049872 0.000000 -0.621806 96.051699 0.035391 12.610559 0.061504 
412 0.030335 0.000000 -0.228060 90.982024 0.085545 12.202983 0.157335 
413 -0.049872 0.000000 -0.228060 92.241625 -0.001705 13.812293 0.130070 
414 0.030335 0.000000 -0.306809 92.452930 0.018827 12.187829 0.130391 
415 0.070438 0.000000 -0.109936 86.817389 0.075386 8.039327 0.239810 
416 0.030335 0.000000 -0.109936 86.400319 0.088007 10.741338 0.241960 
417 0.070438 0.000000 -0.149310 88.611974 0.085303 9.979537 0.204832 
418 0.090490 0.000000 -0.050874 77.474025 -0.182605 -4.685054 0.397579 
419 0.070438 0.000000 -0.050874 79.259723 -0.067009 2.198134 0.371306 
420 0.090490 0.000000 -0.070561 83.835508 -0.045900 0.614906 0.297123 
421 0.150645 0.000000 0.047563 132.468461 0.737644 13.411538 -0.772831 
422 0.150645 0.000000 0.086937 132.439332 0.729190 12.961207 -0.770870 
423 0.130593 0.000000 -0.011499 93.885455 -0.334974 -31.960206 0.016395 
424 0.150645 0.000000 -0.011499 108.900898 -0.313882 1.252125 -0.186107 
425 0.130593 0.000000 0.008188 17.757207 -7.526460 -2.927506 0.961946 
426 0.120568 0.000000 -0.041030 78.317970 -0.359669 -41.643430 0.213199 
427 0.110542 0.000000 -0.041030 68.031983 -0.378667 -44.923624 0.335337 
428 0.120568 0.000000 -0.050874 83.965515 -0.351411 -34.511850 0.175860 
429 0.130593 0.000000 -0.041030 89.070449 -0.343484 -30.974151 0.110694 
430 0.120568 0.000000 -0.031187 73.128713 -0.370490 -39.532136 0.308926 
431 0.170697 0.000000 -0.050874 100.451718 -0.296887 28.470795 -0.090122 
432 0.170697 0.000000 -0.070561 97.977656 -0.292001 35.907976 -0.088909 
433 0.190749 0.000000 -0.050874 82.060657 -0.294701 48.077977 0.095447 
434 0.170697 0.000000 -0.031187 88.045287 -0.297497 38.807951 0.074188 
435 2.035511 0.000000 -0.306809 99.508788 -0.011691 5.760602 0.006482 
436 2.035511 0.000000 -0.621806 99.181402 -0.001296 8.803574 0.008555 
437 2.356339 0.000000 -0.306809 99.640353 -0.012025 6.299959 0.003211 
438 2.035511 0.000000 0.008188 100.173993 0.130899 -2.304643 -0.004016 
439 5.564621 0.000000 -15.111679 99.089316 0.000007 13.363502 0.000272 
440 5.564621 0.000000 -20.151635 99.093427 0.000001 13.373951 0.000163 
441 10.697873 0.000000 -15.111679 99.093961 0.000009 13.360151 0.000189 
442 15.831124 0.000000 -15.111679 99.097458 0.000007 13.360188 0.000120 
443 15.831124 0.000000 -20.151635 99.097220 0.000004 13.371026 0.000096 
444 20.964375 0.000000 -15.111679 99.099503 0.000004 13.361545 0.000076 
445 -14.968384 0.000000 -15.111679 99.095240 -0.000012 13.386498 0.000094 
446 -20.101635 0.000000 -15.111679 99.097202 -0.000010 13.386807 0.000054 
447 -14.968384 0.000000 -20.151635 99.096104 -0.000008 13.385409 0.000079 
448 2.997996 0.000000 -7.551746 99.057998 -0.003102 13.298375 0.001067 
449 2.997996 0.000000 -10.071724 99.073614 0.000026 13.339908 0.000647 
450 5.564621 0.000000 -7.551746 99.076080 -0.002025 13.284972 0.000744 
451 8.131247 0.000000 -7.551746 99.089595 0.000054 13.285955 0.000474 
452 8.131247 0.000000 -10.071724 99.088657 0.000029 13.328469 0.000379 
453 10.697873 0.000000 -7.551746 99.097652 0.000038 13.291246 0.000300 
454 -7.268507 0.000000 -7.551746 99.080352 -0.000034 13.389841 0.000380 
455 -9.835133 0.000000 -7.551746 99.088268 -0.000030 13.391194 0.000219 
456 -7.268507 0.000000 -10.071724 99.083927 -0.000023 13.385532 0.000320 
457 1.714683 0.000000 -3.771779 98.945068 0.002494 13.053822 0.003947 
458 1.714683 0.000000 -5.031768 98.996676 -0.000358 13.206991 0.002523 
459 2.997996 0.000000 -3.771779 99.006061 0.000607 13.006070 0.002864 
460 4.281308 0.000000 -3.771779 99.057003 -0.006723 13.004486 0.001859 
461 4.281308 0.000000 -5.031768 99.055743 0.002526 13.164526 0.001466 
462 5.564621 0.000000 -3.771779 99.088853 -0.004802 13.024026 0.001177 
463 -3.418569 0.000000 -3.771779 99.020228 -0.000204 13.401544 0.001539 
464 -4.701881 0.000000 -3.771779 99.051820 -0.000187 13.407785 0.000897 
465 -3.418569 0.000000 -5.031768 99.035165 -0.000159 13.384875 0.001288 
466 1.073026 0.000000 -1.881795 98.557306 -0.003551 12.294754 0.013530 
467 1.073026 0.000000 -2.511790 98.738874 0.003087 12.754371 0.008796 
468 1.714683 0.000000 -1.881795 98.748364 0.002153 12.124188 0.010176 
469 2.356339 0.000000 -1.881795 98.939283 0.002744 12.130141 0.006388 
470 2.356339 0.000000 -2.511790 98.938775 0.008069 12.608632 0.005214 
471 2.997996 0.000000 -1.881795 99.048321 0.006645 12.180350 0.004107 
472 -1.493599 0.000000 -1.881795 98.790017 -0.001574 13.421536 0.006039 
473 -2.135256 0.000000 -1.881795 98.899004 0.004009 13.470367 0.003754 
474 -1.493599 0.000000 -2.511790 98.837993 0.004964 13.377294 0.005210 
475 0.752198 0.000000 -0.936804 97.361808 0.053289 10.361008 0.041333 
476 0.752198 0.000000 -1.251801 98.004014 0.019706 11.508275 0.026277 
477 1.073026 0.000000 -0.936804 97.962874 0.006853 10.047102 0.030233 
478 1.393855 0.000000 -0.936804 98.520820 0.014133 10.078309 0.019208 
479 1.393855 0.000000 -1.251801 98.513838 0.005452 11.093456 0.017196 
480 1.714683 0.000000 -0.936804 98.798974 0.004517 10.121825 0.013631 
481 -0.531115 0.000000 -0.936804 97.657117 0.018768 13.618215 0.027763 
482 -0.851943 0.000000 -0.936804 98.336448 0.009207 13.603207 0.014490 
483 -0.531115 0.000000 -1.251801 98.181685 0.011857 13.267660 0.018433 
484 0.591784 0.000000 -0.464308 95.078762 0.005109 6.838793 0.091326 
485 0.591784 0.000000 -0.621806 96.040870 0.039034 8.747227 0.069964 
486 0.752198 0.000000 -0.464308 96.344182 0.024683 6.417464 0.067661 
487 0.912612 0.000000 -0.464308 97.307950 0.031531 6.361769 0.049069 
488 0.912612 0.000000 -0.621806 97.520017 0.013843 8.204086 0.042254 
489 1.073026 0.000000 -0.464308 98.001997 0.004329 6.523008 0.035306 
490 0.351163 0.000000 -0.228060 90.805249 0.083000 5.537450 0.172374 
491 0.351163 0.000000 -0.306809 92.162143 0.086430 6.990636 0.145726 
492 0.431370 0.000000 -0.228060 91.724621 0.106358 4.222858 0.156875 
493 2.035511 0.000000 -0.936804 98.996703 -0.000045 10.248358 0.009462 
494 2.035511 0.000000 -1.251801 98.904855 -0.000522 11.132313 0.009390 
495 2.356339 0.000000 -0.936804 99.110503 0.002407 10.354644 0.006989 
496 2.035511 0.000000 0.323185 100.091633 0.008125 3.851634 -0.003317 
497 2.356339 0.000000 0.323185 100.175195 0.006049 3.637594 -0.004830 
498 2.035511 0.000000 0.638183 99.921777 0.007468 7.393054 -0.003902 
499 0.391266 0.000000 -0.031187 86.095937 0.189114 1.134928 0.258617 
500 0.391266 0.000000 -0.070561 87.457944 0.169339 0.607487 0.235071 
501 0.391266 0.000000 0.008188 93.348437 0.269336 -4.274426 0.126773 
502 -0.370701 0.000000 -0.464308 96.899582 0.026343 14.168747 0.040972 
503 -0.531115 0.000000 -0.464308 97.450888 0.014135 14.419772 0.029539 
504 -0.370701 0.000000 -0.621806 96.960953 0.014754 13.866309 0.040630 
505 -0.130079 0.000000 -0.228060 93.676042 0.041542 14.874230 0.100355 
506 -0.210286 0.000000 -0.228060 94.698700 0.011342 15.592516 0.078903 
507 -0.130079 0.000000 -0.306809 94.077649 0.021938 14.238242 0.094667 
508 0.230852 0.000000 -0.109936 87.669719 0.078600 8.014416 0.224978 
509 0.230852 0.000000 -0.149310 88.877832 0.087797 7.512515 0.204429 
510 0.270956 0.000000 -0.109936 87.307652 0.092833 6.053430 0.234072 
511 0.391266 0.000000 0.047563 115.253923 0.317256 -20.869881 -0.371912 
512 0.391266 0.000000 0.086937 119.493127 0.237706 -20.643489 -0.470482 
513 0.210801 0.000000 -0.050874 80.186932 -0.157632 17.953345 0.324771 
514 0.210801 0.000000 -0.070561 85.519669 -0.035630 13.083492 0.251521 
515 0.230852 0.000000 -0.050874 80.921383 0.037218 2.652804 0.344469 
516 -0.009769 0.000000 -0.109936 87.157579 0.094162 13.552315 0.221988 
517 -0.049872 0.000000 -0.109936 88.904783 0.086358 15.755097 0.184771 
518 -0.009769 0.000000 -0.149310 89.185523 0.087165 13.399918 0.186638 
519 0.170697 0.000000 -0.011499 80.381292 -0.304040 46.824043 0.134626 
520 0.170697 0.000000 0.008188 131.899822 0.706407 4.618609 -0.741939 
521 0.050386 0.000000 -0.011499 79.063373 0.624997 -1.751909 0.374552 
522 0.050386 0.000000 -0.031187 79.853984 0.489079 0.928189 0.362224 
523 0.090490 0.000000 0.027875 130.804541 0.821610 33.440940 -0.822880 
524 0.110542 0.000000 0.027875 132.173707 0.812536 25.057244 -0.809841 
525 0.090490 0.000000 0.047563 130.091801 0.880548 34.582825 -0.812062 
526 -0.089976 0.000000 -0.109936 90.915378 0.089846 16.822651 0.145138 
527 -0.130079 0.000000 -0.109936 92.748459 -0.020597 17.113285 0.110486 
528 -0.089976 0.000000 -0.149310 91.626625 0.083649 15.757950 0.135624 
529 -0.089976 0.000000 0.047563 95.933063 0.090505 25.026551 0.017051 
530 -0.130079 0.000000 0.047563 96.693713 -0.001949 22.081814 0.016272 
531 -0.089976 0.000000 0.086937 99.304970 0.087767 24.505073 -0.046198 
532 -0.029821 0.000000 0.027875 89.320462 0.157394 36.119328 0.071722 
533 -0.049872 0.000000 0.027875 91.233222 0.126458 30.286981 0.075918 
534 -0.029821 0.000000 0.047563 95.889144 0.142544 35.182014 -0.043252 
535 0.130593 0.000000 0.027875 132.961771 0.769543 20.585020 -0.810317 
536 0.150645 0.000000 0.027875 132.721203 0.750486 16.934074 -0.790224 
537 0.130593 0.000000 0.047563 132.824662 0.791193 18.736748 -0.799408 
538 0.170697 0.000000 0.027875 131.884849 0.600587 4.638438 -0.741549 
539 0.190749 0.000000 0.027875 131.884740 0.599814 4.638583 -0.741546 
540 0.170697 0.000000 0.047563 132.333923 0.712524 11.368014 -0.764201 
541 0.511577 0.000000 -0.228060 92.785486 0.089431 3.028009 0.138168 
542 0.511577 0.000000 -0.306809 93.630222 0.058344 4.949836 0.120888 
543 0.591784 0.000000 -0.228060 93.884406 0.051569 2.019416 0.118164 
544 0.671991 0.000000 -0.228060 95.023382 0.050156 1.531003 0.096821 
545 0.671991 0.000000 -0.306809 95.170550 0.056103 3.633116 0.092936 
546 0.752198 0.000000 -0.228060 95.895175 0.043914 1.073788 0.080296 
547 0.311059 0.000000 -0.109936 87.638785 0.105449 4.437713 0.229974 
548 0.311059 0.000000 -0.149310 88.822910 0.106572 4.982256 0.208566 
549 0.351163 0.000000 -0.109936 88.112617 0.175946 3.037144 0.222691 
550 0.391266 0.000000 -0.109936 88.638117 0.154770 1.881675 0.213972 
551 0.391266 0.000000 -0.149310 89.531708 0.130237 2.804718 0.197619 
552 0.431370 0.000000 -0.109936 89.070014 0.117683 0.640103 0.206611 
553 0.210801 0.000000 0.027875 114.524719 0.354543 0.020090 -0.311604 
554 0.230852 0.000000 0.027875 104.099423 0.215610 -2.350462 -0.084226 
555 0.210801 0.000000 0.047563 130.256751 0.517870 -1.228129 -0.696860 
556 0.050386 0.000000 -0.050874 80.636894 0.024244 5.436900 0.346813 
557 0.030335 0.000000 -0.050874 80.683691 0.084934 7.408718 0.343525 
558 0.050386 0.000000 -0.070561 82.907966 0.049754 6.798469 0.308005 
559 0.010283 0.000000 -0.050874 80.083433 0.114599 10.233657 0.348190 
560 -0.009769 0.000000 -0.050874 80.769277 0.119048 14.101268 0.327746 
561 0.010283 0.000000 -0.070561 82.975122 0.101156 11.315277 0.298708 
562 0.471473 0.000000 -0.109936 89.764527 0.078722 -0.391465 0.194217 
563 0.471473 0.000000 -0.149310 90.753961 0.107211 1.185124 0.176230 
564 0.511577 0.000000 -0.109936 90.600689 0.104549 -1.389060 0.178957 
565 0.551681 0.000000 -0.109936 91.612106 0.085596 -2.217137 0.160230 
566 0.551681 0.000000 -0.149310 92.327978 0.085322 -0.359308 0.147541 
567 0.591784 0.000000 -0.109936 92.794229 0.072214 -2.758506 0.138162 
568 0.631888 0.000000 -0.109936 93.898258 0.046780 -3.326157 0.117205 
569 0.631888 0.000000 -0.149310 94.084576 0.041262 -1.357305 0.114625 
570 0.671991 0.000000 -0.109936 94.899068 0.030194 -3.452722 0.098224 
571 -0.029821 0.000000 -0.050874 83.154865 0.113398 17.243803 0.278791 
572 -0.049872 0.000000 -0.050874 85.960202 0.106900 18.919937 0.225287 
573 -0.029821 0.000000 -0.070561 85.199213 0.103694 15.967273 0.248613 
1 19 21 3 22 
2 20 19 22 9 
3 28 20 9 30 
4 29 28 30 4 
5 35 37 19 38 
6 36 35 38 20 
7 44 36 20 46 
8 45 44 46 28 
9 51 53 35 54 
10 52 51 54 36 
11 60 52 36 62 
12 61 60 62 44 
13 67 69 51 70 
14 68 67 70 52 
15 76 68 52 78 
16 77 76 78 60 
17 83 85 67 86 
18 84 83 86 68 
19 92 84 68 94 
20 93 92 94 76 
21 99 101 83 102 
22 100 99 102 84 
23 108 100 84 110 
24 109 108 110 92 
25 115 117 99 118 
26 116 115 118 100 
27 10 125 124 26 
28 125 13 126 124 
29 124 126 8 127 
30 26 124 127 14 
31 23 129 128 42 
32 129 26 130 128 
33 128 130 14 131 
34 42 128 131 27 
35 39 133 132 58 
36 133 42 134 132 
37 132 134 27 135 
38 58 132 135 43 
39 137 58 138 136 
40 136 138 43 139 
41 71 141 140 90 
42 141 74 142 140 
43 140 142 59 143 
44 90 140 143 75 
45 87 145 144 106 
46 145 90 146 144 
47 144 146 75 147 
48 106 144 147 91 
49 149 106 150 148 
50 148 150 91 151 
51 152 116 100 154 
52 153 152 154 108 
53 155 157 115 158 
54 156 155 158 116 
55 119 161 159 160 
56 161 122 162 159 
57 14 127 164 37 
58 127 8 165 164 
59 164 165 21 166 
60 37 164 166 19 
61 27 131 167 53 
62 131 14 168 167 
63 167 168 37 169 
64 53 167 169 35 
65 43 135 170 69 
66 135 27 171 170 
67 170 171 53 172 
68 69 170 172 51 
69 139 43 174 173 
70 173 174 69 175 
71 85 173 175 67 
72 75 143 176 101 
73 143 59 177 176 
74 176 177 85 178 
75 101 176 178 83 
76 91 147 179 117 
77 147 75 180 179 
78 179 180 101 181 
79 117 179 181 99 
80 151 91 183 182 
81 182 183 117 184 
82 157 182 184 115 
83 122 186 185 162 
84 186 148 187 185 
85 185 187 151 188 
86 162 185 188 107 
87 189 191 157 192 
88 190 189 192 155 
89 159 195 193 194 
90 195 162 196 193 
91 193 196 107 197 
92 120 204 202 203 
93 204 119 160 202 
94 202 160 123 205 
95 203 202 205 5 
96 160 208 206 207 
97 208 159 194 206 
98 206 194 163 209 
99 207 206 209 123 
100 107 188 210 191 
101 188 151 211 210 
102 210 211 182 212 
103 191 210 212 157 
104 163 197 213 214 
105 197 107 215 213 
106 213 215 191 216 
107 214 213 216 189 
108 194 219 217 218 
109 219 193 220 217 
110 217 220 197 221 
111 218 217 221 163 
112 16 224 222 223 
113 224 15 32 222 
114 222 32 18 225 
115 223 222 225 6 
116 32 228 226 227 
117 228 31 48 226 
118 226 48 34 229 
119 227 226 229 18 
120 48 232 230 231 
121 232 47 64 230 
122 230 64 50 233 
123 231 230 233 34 
124 64 236 234 235 
125 236 63 80 234 
126 234 80 66 237 
127 235 234 237 50 
128 80 240 238 239 
129 239 238 241 66 
130 250 156 116 252 
131 251 250 252 152 
132 199 255 253 254 
133 255 198 256 253 
134 253 256 201 257 
135 254 253 257 114 
136 6 225 258 259 
137 225 18 45 258 
138 258 45 28 260 
139 259 258 260 29 
140 18 229 261 262 
141 229 34 61 261 
142 261 61 44 263 
143 262 261 263 45 
144 34 233 264 265 
145 233 50 77 264 
146 264 77 60 266 
147 265 264 266 61 
148 50 237 267 268 
149 237 66 93 267 
150 267 93 76 269 
151 268 267 269 77 
152 66 241 270 271 
153 270 109 92 272 
154 271 270 272 93 
155 273 153 108 275 
156 274 273 275 109 
157 276 251 152 278 
158 277 276 278 153 
159 281 199 254 279 
160 279 254 114 282 
161 282 114 293 291 
162 291 293 251 294 
163 292 291 294 276 
164 280 297 295 296 
165 297 279 298 295 
166 295 298 282 299 
167 296 295 299 249 
168 300 277 153 302 
169 301 300 302 273 
170 307 309 277 310 
171 308 307 310 300 
172 303 313 311 312 
173 313 288 314 311 
174 311 314 98 315 
175 312 311 315 306 
176 238 318 316 317 
177 318 96 243 316 
178 316 243 82 319 
179 317 316 319 241 
180 243 322 320 321 
181 321 320 323 82 
182 241 319 328 329 
183 319 82 274 328 
184 328 274 109 330 
185 329 328 330 270 
186 82 323 331 332 
187 331 301 273 333 
188 332 331 333 274 
189 334 308 300 336 
190 335 334 336 301 
191 324 339 337 338 
192 339 304 340 337 
193 337 340 286 341 
194 320 344 342 343 
195 344 284 325 342 
196 342 325 245 345 
197 343 342 345 323 
198 325 348 346 347 
199 348 324 338 346 
200 346 338 327 349 
201 347 346 349 245 
202 327 341 350 351 
203 341 286 352 350 
204 350 352 308 353 
205 351 350 353 334 
206 338 356 354 355 
207 356 337 357 354 
208 354 357 341 358 
209 355 354 358 327 
210 286 360 359 352 
211 360 306 361 359 
212 359 361 307 362 
213 352 359 362 308 
214 114 257 363 293 
215 257 201 364 363 
216 363 364 250 365 
217 293 363 365 251 
218 5 205 366 367 
219 205 123 190 366 
220 366 190 155 368 
221 367 366 368 156 
222 123 209 369 370 
223 209 163 214 369 
224 369 214 189 371 
225 370 369 371 190 
226 17 374 372 373 
227 374 7 375 372 
228 372 375 11 33 
229 373 372 33 15 
230 33 378 376 377 
231 378 11 379 376 
232 376 379 24 49 
233 377 376 49 31 
234 49 382 380 381 
235 382 24 383 380 
236 380 383 40 65 
237 381 380 65 47 
238 65 386 384 385 
239 386 40 387 384 
240 384 387 56 81 
241 385 384 81 63 
242 81 390 388 389 
243 390 56 391 388 
244 388 391 72 97 
245 389 388 97 79 
246 97 394 392 393 
247 394 72 395 392 
248 392 395 88 113 
249 393 392 113 95 
250 95 398 396 397 
251 398 113 399 396 
252 396 399 111 248 
253 397 396 248 112 
254 112 402 400 401 
255 402 248 403 400 
256 400 403 246 289 
257 401 400 289 247 
258 247 406 404 405 
259 406 289 407 404 
260 404 407 287 408 
261 79 411 409 410 
262 411 97 393 409 
263 409 393 95 244 
264 410 409 244 96 
265 244 414 412 413 
266 414 95 397 412 
267 412 397 112 285 
268 413 412 285 242 
269 285 417 415 416 
270 417 112 401 415 
271 415 401 247 305 
272 416 415 305 283 
273 305 420 418 419 
274 420 247 405 418 
275 418 405 288 313 
276 419 418 313 303 
277 421 292 276 422 
278 309 421 422 277 
279 288 408 423 314 
280 408 287 424 423 
281 423 424 290 425 
282 314 423 425 98 
283 405 428 426 427 
284 428 404 429 426 
285 426 429 408 430 
286 427 426 430 288 
287 289 432 431 407 
288 432 246 433 431 
289 431 433 280 434 
290 407 431 434 287 
291 74 436 435 142 
292 436 136 437 435 
293 435 437 139 438 
294 142 435 438 59 
295 7 440 439 375 
296 440 12 441 439 
297 439 441 10 25 
298 375 439 25 11 
299 12 443 442 441 
300 443 2 444 442 
301 442 444 13 125 
302 441 442 125 10 
303 1 447 445 446 
304 447 17 373 445 
305 445 373 15 224 
306 446 445 224 16 
307 11 449 448 379 
308 449 25 450 448 
309 448 450 23 41 
310 379 448 41 24 
311 25 452 451 450 
312 452 10 453 451 
313 451 453 26 129 
314 450 451 129 23 
315 15 456 454 455 
316 456 33 377 454 
317 454 377 31 228 
318 455 454 228 32 
319 24 458 457 383 
320 458 41 459 457 
321 457 459 39 57 
322 383 457 57 40 
323 41 461 460 459 
324 461 23 462 460 
325 460 462 42 133 
326 459 460 133 39 
327 31 465 463 464 
328 465 49 381 463 
329 463 381 47 232 
330 464 463 232 48 
331 40 467 466 387 
332 467 57 468 466 
333 466 468 55 73 
334 387 466 73 56 
335 57 470 469 468 
336 470 39 471 469 
337 469 471 58 137 
338 468 469 137 55 
339 47 474 472 473 
340 474 65 385 472 
341 472 385 63 236 
342 473 472 236 64 
343 56 476 475 391 
344 476 73 477 475 
345 475 477 71 89 
346 391 475 89 72 
347 73 479 478 477 
348 479 55 480 478 
349 478 480 74 141 
350 477 478 141 71 
351 63 483 481 482 
352 483 81 389 481 
353 481 389 79 240 
354 482 481 240 80 
355 72 485 484 395 
356 485 89 486 484 
357 484 486 87 105 
358 395 484 105 88 
359 89 488 487 486 
360 488 71 489 487 
361 487 489 90 145 
362 486 487 145 87 
363 113 491 490 399 
364 491 88 492 490 
365 490 492 104 200 
366 399 490 200 111 
367 55 494 493 480 
368 494 137 495 493 
369 493 495 136 436 
370 480 493 436 74 
371 59 438 496 177 
372 438 139 497 496 
373 496 497 173 498 
374 177 496 498 85 
375 198 500 499 256 
376 500 120 203 499 
377 499 203 5 501 
378 256 499 501 201 
379 240 504 502 503 
380 504 79 410 502 
381 502 410 96 318 
382 503 502 318 238 
383 96 507 505 506 
384 507 244 413 505 
385 505 413 242 322 
386 506 505 322 243 
387 248 509 508 403 
388 509 111 510 508 
389 508 510 199 281 
390 403 508 281 246 
391 201 501 511 364 
392 501 5 367 511 
393 511 367 156 512 
394 364 511 512 250 
395 246 514 513 433 
396 514 281 515 513 
397 513 515 279 297 
398 433 513 297 280 
399 242 518 516 517 
400 518 285 416 516 
401 516 416 283 326 
402 517 516 326 284 
403 287 434 519 424 
404 434 280 296 519 
405 519 296 249 520 
406 424 519 520 290 
407 304 522 521 340 
408 522 303 312 521 
409 521 312 306 360 
410 340 521 360 286 
411 306 315 523 361 
412 315 98 524 523 
413 523 524 309 525 
414 361 523 525 307 
415 322 528 526 527 
416 528 242 517 526 
417 526 517 284 344 
418 527 526 344 320 
419 323 345 529 530 
420 345 245 335 529 
421 529 335 301 531 
422 530 529 531 331 
423 245 349 532 533 
424 349 327 351 532 
425 532 351 334 534 
426 533 532 534 335 
427 98 425 535 524 
428 425 290 536 535 
429 535 536 421 537 
430 524 535 537 309 
431 290 520 538 536 
432 520 249 539 538 
433 538 539 292 540 
434 536 538 540 421 
435 88 542 541 492 
436 542 105 543 541 
437 541 543 103 121 
438 492 541 121 104 
439 105 545 544 543 
440 545 87 546 544 
441 544 546 106 149 
442 543 544 149 103 
443 111 548 547 510 
444 548 200 549 547 
445 547 549 198 255 
446 510 547 255 199 
447 200 551 550 549 
448 551 104 552 550 
449 550 552 120 500 
450 549 550 500 198 
451 249 299 553 539 
452 299 282 554 553 
453 553 554 291 555 
454 539 553 555 292 
455 283 558 556 557 
456 558 305 419 556 
457 556 419 303 522 
458 557 556 522 304 
459 326 561 559 560 
460 561 283 557 559 
461 559 557 304 339 
462 560 559 339 324 
463 104 563 562 552 
464 563 121 564 562 
465 562 564 119 204 
466 552 562 204 120 
467 121 566 565 564 
468 566 103 567 565 
469 565 567 122 161 
470 564 565 161 119 
471 103 569 568 567 
472 569 149 570 568 
473 568 570 148 186 
474 567 568 186 122 
475 284 573 571 572 
476 573 326 560 571 
477 571 560 324 348 
478 572 571 348 325 
