2 0.000000 100.000000 5791.461216
573 478 
1 -20.101635 0.000000 -20.151635 99.513589 -0.000009 9.830026 0.000042 
2 20.964375 0.000000 -20.151635 99.514354 0.000003 9.818124 0.000050 
3 20.964375 0.000000 20.168012 99.519425 0.000003 9.812584 -0.000040 
4 -20.101635 0.000000 20.168012 99.518225 -0.000005 9.829901 -0.000050 
5 0.431370 0.000000 0.008188 93.780660 0.232510 -5.334181 0.117668 
6 -20.101635 0.000000 0.008188 99.515988 -0.000018 9.832796 -0.000012 
7 0.431370 0.000000 -20.151635 99.509688 -0.000004 9.823404 0.000132 
8 20.964375 0.000000 0.008188 99.619535 -0.000108 8.771704 -0.000099 
9 0.431370 0.000000 20.168012 99.523105 0.000007 9.822142 -0.000132 
10 10.697873 0.000000 -10.071724 99.510297 0.000021 9.784083 0.000197 
11 0.431370 0.000000 -10.071724 99.491728 -0.000004 9.804779 0.000526 
12 10.697873 0.000000 -20.151635 99.511879 0.000003 9.818824 0.000098 
13 20.964375 0.000000 -10.071724 99.516847 0.000005 9.790640 0.000054 
14 10.697873 0.000000 0.008188 99.796087 -0.002538 6.961876 -0.000773 
15 -9.835133 0.000000 -10.071724 99.507072 -0.000031 9.831374 0.000169 
16 -20.101635 0.000000 -10.071724 99.513647 -0.000015 9.831516 0.000038 
17 -9.835133 0.000000 -20.151635 99.511320 -0.000010 9.828451 0.000090 
18 -9.835133 0.000000 0.008188 99.516542 -0.000064 9.842671 -0.000042 
19 10.697873 0.000000 10.088100 99.530255 0.000014 9.762724 -0.000158 
20 0.431370 0.000000 10.088100 99.545099 0.000045 9.799983 -0.000527 
21 20.964375 0.000000 10.088100 99.525721 -0.000029 9.746071 -0.000036 
22 10.697873 0.000000 20.168012 99.521508 0.000009 9.815740 -0.000088 
23 5.564621 0.000000 -5.031768 99.494642 0.000156 9.652652 0.000764 
24 0.431370 0.000000 -5.031768 99.422639 0.001724 9.730639 0.002045 
25 5.564621 0.000000 -10.071724 99.500520 0.000024 9.786794 0.000387 
26 10.697873 0.000000 -5.031768 99.519974 0.000048 9.677161 0.000213 
27 5.564621 0.000000 0.008188 100.159153 -0.010384 3.181497 -0.004198 
28 -9.835133 0.000000 10.088100 99.525753 -0.000014 9.830994 -0.000202 
29 -20.101635 0.000000 10.088100 99.518284 -0.000011 9.831435 -0.000055 
30 -9.835133 0.000000 20.168012 99.520848 -0.000002 9.828069 -0.000099 
31 -4.701881 0.000000 -5.031768 99.480764 -0.001784 9.835535 0.000684 
32 -9.835133 0.000000 -5.031768 99.507171 -0.000055 9.837369 0.000155 
33 -4.701881 0.000000 -10.071724 99.498011 -0.000033 9.824931 0.000362 
34 -4.701881 0.000000 0.008188 99.517102 -0.000398 9.882433 -0.000132 
35 5.564621 0.000000 5.048144 99.570744 -0.001211 9.576054 -0.000603 
36 0.431370 0.000000 5.048144 99.631446 0.000726 9.713355 -0.002077 
37 10.697873 0.000000 5.048144 99.553180 -0.000106 9.518041 -0.000143 
38 5.564621 0.000000 10.088100 99.538522 0.000047 9.774884 -0.000347 
39 2.997996 0.000000 -2.511790 99.422931 0.000736 9.178580 0.003083 
40 0.431370 0.000000 -2.511790 99.130394 0.001800 9.453889 0.008379 
41 2.997996 0.000000 -5.031768 99.455908 0.000385 9.661707 0.001517 
42 5.564621 0.000000 -2.511790 99.527893 -0.008375 9.262988 0.000840 
43 2.997996 0.000000 0.008188 100.773539 0.143925 -3.762665 -0.016948 
44 -4.701881 0.000000 5.048144 99.555709 0.001890 9.834974 -0.000807 
45 -9.835133 0.000000 5.048144 99.525936 -0.000036 9.837224 -0.000218 
46 -4.701881 0.000000 10.088100 99.536267 0.000004 9.823637 -0.000397 
47 -2.135256 0.000000 -2.511790 99.379099 0.000613 9.842608 0.002692 
48 -4.701881 0.000000 -2.511790 99.480090 -0.000357 9.859996 0.000649 
49 -2.135256 0.000000 -5.031768 99.445265 -0.000261 9.809591 0.001441 
50 -2.135256 0.000000 0.008188 99.506704 0.000063 10.071734 -0.000302 
51 2.997996 0.000000 2.528166 99.717872 0.000434 8.963285 -0.002399 
52 0.431370 0.000000 2.528166 99.980933 0.000252 9.404260 -0.008463 
53 5.564621 0.000000 2.528166 99.640039 0.000291 8.819490 -0.000592 
54 2.997996 0.000000 5.048144 99.604476 0.005634 9.617640 -0.001355 
55 1.714683 0.000000 -1.251801 99.212303 -0.000681 7.923214 0.009414 
56 0.431370 0.000000 -1.251801 98.451776 0.006297 8.643821 0.023253 
57 1.714683 0.000000 -2.511790 99.308502 -0.000315 9.235084 0.005253 
58 2.997996 0.000000 -1.251801 99.529109 0.000027 8.089482 0.002852 
59 1.714683 0.000000 0.008188 99.968448 0.068652 -3.978494 -0.000952 
60 -2.135256 0.000000 2.528166 99.668614 0.001694 9.847182 -0.003080 
61 -4.701881 0.000000 2.528166 99.555896 -0.000232 9.860895 -0.000861 
62 -2.135256 0.000000 5.048144 99.597149 0.000012 9.806320 -0.001576 
63 -0.851943 0.000000 -1.251801 98.962310 -0.000108 9.861338 0.010922 
64 -2.135256 0.000000 -1.251801 99.369424 -0.002024 9.932447 0.002706 
65 -0.851943 0.000000 -2.511790 99.253241 -0.005800 9.735965 0.005401 
66 -0.851943 0.000000 0.008188 99.331466 -0.004377 10.947953 0.001340 
67 1.714683 0.000000 1.268177 100.052407 0.006893 7.538675 -0.006732 
68 0.431370 0.000000 1.268177 101.077113 0.005711 8.486483 -0.028860 
69 2.997996 0.000000 1.268177 99.831913 0.002041 7.340301 -0.002029 
70 1.714683 0.000000 2.528166 99.817153 0.002199 9.107933 -0.004642 
71 1.073026 0.000000 -0.621806 98.535448 0.011963 5.404788 0.026155 
72 0.431370 0.000000 -0.621806 96.677296 0.017316 6.748663 0.060796 
73 1.073026 0.000000 -1.251801 98.857673 0.007710 8.070323 0.016203 
74 1.714683 0.000000 -0.621806 99.345567 0.000665 5.632379 0.009873 
75 1.073026 0.000000 0.008188 99.256965 0.078250 -5.968599 0.011242 
76 -0.851943 0.000000 1.268177 100.106559 0.000618 9.941602 -0.012016 
77 -2.135256 0.000000 1.268177 99.665176 0.003256 9.948960 -0.003213 
78 -0.851943 0.000000 2.528166 99.819883 -0.001003 9.734272 -0.005877 
79 -0.210286 0.000000 -0.621806 97.270052 0.009093 9.781736 0.044285 
80 -0.851943 0.000000 -0.621806 98.711580 0.002274 10.407956 0.014770 
81 -0.210286 0.000000 -1.251801 98.689038 0.000871 9.424712 0.017165 
82 -0.210286 0.000000 0.008188 97.144928 -0.030645 13.731023 0.037432 
83 1.073026 0.000000 0.638183 100.756447 0.009154 4.755467 -0.017448 
84 0.431370 0.000000 0.638183 103.662984 0.014709 5.977209 -0.078174 
85 1.714683 0.000000 0.638183 100.102708 0.006254 5.002738 -0.004558 
86 1.073026 0.000000 1.268177 100.394241 0.002145 7.780520 -0.013954 
87 0.752198 0.000000 -0.306809 96.626813 0.026467 1.232763 0.066174 
88 0.431370 0.000000 -0.306809 94.462103 0.058177 3.962998 0.106120 
89 0.752198 0.000000 -0.621806 97.529475 0.013101 5.585831 0.045680 
90 1.073026 0.000000 -0.306809 98.561805 0.003775 1.629654 0.028291 
91 0.752198 0.000000 0.008188 97.687703 0.090637 -8.936784 0.037724 
92 -0.210286 0.000000 0.638183 101.668909 0.006372 10.345024 -0.044359 
93 -0.851943 0.000000 0.638183 100.206974 -0.004459 10.611186 -0.015403 
94 -0.210286 0.000000 1.268177 100.695970 -0.002758 9.544869 -0.023078 
95 0.110542 0.000000 -0.306809 94.039646 0.001174 7.752673 0.109644 
96 -0.210286 0.000000 -0.306809 96.369563 -0.024586 10.613618 0.060026 
97 0.110542 0.000000 -0.621806 96.881175 0.012287 8.402516 0.054344 
98 0.110542 0.000000 0.008188 21.214515 -4.100885 -3.830327 0.951846 
99 0.752198 0.000000 0.323185 101.857183 0.021851 -0.283302 -0.037497 
100 0.431370 0.000000 0.323185 106.204350 0.055550 0.984440 -0.128034 
101 1.073026 0.000000 0.323185 100.408698 0.018602 1.330870 -0.008368 
102 0.752198 0.000000 0.638183 101.811490 0.018205 4.797365 -0.038859 
103 0.591784 0.000000 -0.149310 94.115989 0.051586 -2.238977 0.113716 
104 0.431370 0.000000 -0.149310 91.670049 0.066165 0.886049 0.159581 
105 0.591784 0.000000 -0.306809 95.437567 0.041161 2.221705 0.088673 
106 0.752198 0.000000 -0.149310 96.661115 0.027181 -3.228165 0.064621 
107 0.591784 0.000000 0.008188 74.070289 0.751241 -13.228177 0.433804 
108 0.110542 0.000000 0.323185 107.820581 0.040602 9.977637 -0.172483 
109 -0.210286 0.000000 0.323185 101.960039 0.002134 12.706826 -0.055731 
110 0.110542 0.000000 0.638183 103.589763 0.010101 8.837162 -0.080893 
111 0.270956 0.000000 -0.149310 91.082359 0.044594 4.908106 0.167991 
112 0.110542 0.000000 -0.149310 92.380927 0.046767 6.268809 0.142646 
113 0.270956 0.000000 -0.306809 93.748202 0.031531 5.884542 0.117665 
114 0.270956 0.000000 0.008188 89.316988 0.040538 1.047175 0.202138 
115 0.591784 0.000000 0.165687 102.328899 0.071785 -6.673971 -0.051575 
116 0.431370 0.000000 0.165687 108.864386 0.116782 -7.119109 -0.190215 
117 0.752198 0.000000 0.165687 100.274187 0.049914 -3.842489 -0.006968 
118 0.591784 0.000000 0.323185 103.489084 0.050765 -0.304948 -0.071009 
119 0.511577 0.000000 -0.070561 90.475470 0.074146 -4.170251 0.179679 
120 0.431370 0.000000 -0.070561 89.429995 0.092975 -1.414706 0.200027 
121 0.511577 0.000000 -0.149310 92.515552 0.076869 -1.259361 0.143928 
122 0.591784 0.000000 -0.070561 92.919335 0.052955 -6.058272 0.132929 
123 0.511577 0.000000 0.008188 94.487553 0.642859 -14.077988 0.087350 
124 15.831124 0.000000 -5.031768 99.524254 0.000014 9.701024 0.000081 
125 15.831124 0.000000 -10.071724 99.514944 0.000012 9.787018 0.000099 
126 20.964375 0.000000 -5.031768 99.524571 0.000001 9.719431 0.000039 
127 15.831124 0.000000 0.008188 99.677240 -0.000515 8.181869 -0.000250 
128 8.131247 0.000000 -2.511790 99.546510 0.000256 9.351775 0.000304 
129 8.131247 0.000000 -5.031768 99.512615 -0.001250 9.662696 0.000387 
130 10.697873 0.000000 -2.511790 99.548433 0.000073 9.416018 0.000145 
131 8.131247 0.000000 0.008188 99.914291 -0.005307 5.740742 -0.001582 
132 4.281308 0.000000 -1.251801 99.603320 0.000924 8.305144 0.001020 
133 4.281308 0.000000 -2.511790 99.499131 0.000420 9.218052 0.001495 
134 5.564621 0.000000 -1.251801 99.616173 0.000035 8.477280 0.000475 
135 4.281308 0.000000 0.008188 100.434007 -0.013122 0.283206 -0.008707 
136 2.356339 0.000000 -0.621806 99.619373 -0.002696 5.966888 0.004038 
137 2.356339 0.000000 -1.251801 99.409954 0.000922 7.956198 0.005436 
138 2.997996 0.000000 -0.621806 99.727718 -0.002782 6.307139 0.001460 
139 2.356339 0.000000 0.008188 100.261419 0.073304 -3.397578 -0.006390 
140 1.393855 0.000000 -0.306809 99.224847 0.002417 2.036260 0.015028 
141 1.393855 0.000000 -0.621806 98.982682 0.004404 5.376059 0.017353 
142 1.714683 0.000000 -0.306809 99.587397 -0.004163 2.559542 0.007580 
143 1.393855 0.000000 0.008188 99.728234 0.072345 -4.797356 0.003126 
144 0.912612 0.000000 -0.149310 98.027128 0.011979 -3.019683 0.038156 
145 0.912612 0.000000 -0.306809 97.844844 0.019341 1.333749 0.042461 
146 1.073026 0.000000 -0.149310 98.831665 -0.004114 -2.319617 0.022692 
147 0.912612 0.000000 0.008188 98.719311 0.090665 -7.389659 0.019988 
148 0.671991 0.000000 -0.070561 95.513801 0.036508 -6.794357 0.083095 
149 0.671991 0.000000 -0.149310 95.563060 0.033659 -2.983564 0.085880 
150 0.752198 0.000000 -0.070561 96.948395 0.011303 -6.684858 0.055632 
151 0.671991 0.000000 0.008188 96.633293 0.057965 -9.159363 0.057811 
152 0.270956 0.000000 0.165687 116.514576 0.065293 -0.442230 -0.357585 
153 0.110542 0.000000 0.165687 115.638229 0.068348 14.130609 -0.357188 
154 0.270956 0.000000 0.323185 108.738802 0.071944 4.855690 -0.184771 
155 0.511577 0.000000 0.086937 104.192553 0.124723 -14.558790 -0.106806 
156 0.431370 0.000000 0.086937 113.784181 0.262517 -24.598843 -0.355201 
157 0.591784 0.000000 0.086937 99.827173 0.093963 -11.046932 -0.008751 
158 0.511577 0.000000 0.165687 104.930621 0.089972 -7.152997 -0.106161 
159 0.551681 0.000000 -0.031187 89.955118 0.063237 -7.680813 0.184908 
160 0.511577 0.000000 -0.031187 88.661418 0.067863 -6.618872 0.209534 
161 0.551681 0.000000 -0.070561 91.502208 0.061059 -5.243988 0.159984 
162 0.591784 0.000000 -0.031187 91.996729 0.061493 -8.990961 0.145576 
163 0.551681 0.000000 0.008188 86.722094 1.224934 -18.817846 0.212367 
164 15.831124 0.000000 5.048144 99.556456 -0.000208 9.438026 -0.000056 
165 20.964375 0.000000 5.048144 99.566992 -0.000292 9.318530 -0.000042 
166 15.831124 0.000000 10.088100 99.526687 -0.000011 9.754705 -0.000072 
167 8.131247 0.000000 2.528166 99.642342 -0.000064 8.622363 -0.000294 
168 10.697873 0.000000 2.528166 99.665132 -0.000275 8.345830 -0.000279 
169 8.131247 0.000000 5.048144 99.557152 0.001020 9.547341 -0.000278 
170 4.281308 0.000000 1.268177 99.811945 0.000419 7.052692 -0.001216 
171 5.564621 0.000000 1.268177 99.837965 0.000693 6.658846 -0.001196 
172 4.281308 0.000000 2.528166 99.658137 0.000032 8.891555 -0.001080 
173 2.356339 0.000000 0.638183 100.009972 0.004456 4.914728 -0.002615 
174 2.997996 0.000000 0.638183 100.035032 0.001725 4.623048 -0.002838 
175 2.356339 0.000000 1.268177 99.905612 0.002909 7.417337 -0.003615 
176 1.393855 0.000000 0.323185 100.158047 0.010636 1.808653 -0.003491 
177 1.714683 0.000000 0.323185 100.075294 0.006640 2.128972 -0.001960 
178 1.393855 0.000000 0.638183 100.345641 0.011961 4.838298 -0.009266 
179 0.912612 0.000000 0.165687 100.030728 0.041694 -2.733594 -0.001362 
180 1.073026 0.000000 0.165687 99.933967 0.026741 -1.508678 0.001093 
181 0.912612 0.000000 0.323185 100.915175 0.023151 0.543591 -0.018417 
182 0.671991 0.000000 0.086937 98.977887 0.067448 -7.860453 0.014159 
183 0.752198 0.000000 0.086937 99.050820 0.065550 -6.235456 0.015005 
184 0.671991 0.000000 0.165687 100.861551 0.061608 -5.086294 -0.019893 
185 0.631888 0.000000 -0.031187 94.459013 0.049756 -8.920142 0.099792 
186 0.631888 0.000000 -0.070561 94.375463 0.041315 -6.611487 0.104956 
187 0.671991 0.000000 -0.031187 95.838029 0.040642 -8.623401 0.074071 
188 0.631888 0.000000 0.008188 95.449147 0.070975 -10.292374 0.078352 
189 0.551681 0.000000 0.047563 99.460147 0.141941 -17.153193 -0.018657 
190 0.511577 0.000000 0.047563 105.049623 0.567475 -29.270076 -0.189248 
191 0.591784 0.000000 0.047563 97.180291 0.109302 -13.414500 0.037603 
192 0.551681 0.000000 0.086937 101.482209 0.111962 -12.715601 -0.046034 
193 0.571732 0.000000 -0.011499 77.890093 0.950448 -13.758400 0.374294 
194 0.551681 0.000000 -0.011499 82.706921 1.110474 -12.369259 0.300533 
195 0.571732 0.000000 -0.031187 90.673712 0.064980 -8.387684 0.170792 
196 0.591784 0.000000 -0.011499 91.563670 0.083604 -10.648783 0.150269 
197 0.571732 0.000000 0.008188 76.359935 0.871630 -13.984944 0.397282 
198 0.351163 0.000000 -0.070561 88.808246 0.141762 1.353091 0.211124 
199 0.270956 0.000000 -0.070561 87.574919 0.035684 5.083567 0.230479 
200 0.351163 0.000000 -0.149310 91.197296 0.103434 2.820176 0.167509 
201 0.351163 0.000000 0.008188 94.115854 0.086359 -2.721263 0.113479 
202 0.471473 0.000000 -0.031187 88.566265 0.316303 -1.277270 0.215429 
203 0.431370 0.000000 -0.031187 88.532812 0.208567 -0.120213 0.216188 
204 0.471473 0.000000 -0.070561 89.815505 0.054331 -2.879535 0.192488 
205 0.471473 0.000000 0.008188 94.337409 0.333419 -8.942721 0.102037 
206 0.531629 0.000000 -0.011499 88.457068 0.963196 -8.118298 0.210851 
207 0.511577 0.000000 -0.011499 90.147381 0.574098 -5.515655 0.184270 
208 0.531629 0.000000 -0.031187 89.283744 0.064643 -7.372789 0.197405 
209 0.531629 0.000000 0.008188 92.334349 0.953058 -17.602371 0.116362 
210 0.631888 0.000000 0.047563 97.355487 0.086984 -10.451097 0.041268 
211 0.671991 0.000000 0.047563 97.757862 0.075812 -9.173285 0.035925 
212 0.631888 0.000000 0.086937 99.167962 0.074589 -9.235161 0.008042 
213 0.571732 0.000000 0.027875 95.327908 0.140586 -17.734102 0.059807 
214 0.551681 0.000000 0.027875 88.534014 1.143705 -27.483815 0.140506 
215 0.591784 0.000000 0.027875 95.047056 0.109556 -14.252162 0.076292 
216 0.571732 0.000000 0.047563 97.863076 0.125759 -15.578701 0.018011 
217 0.561706 0.000000 -0.001656 79.167513 0.964834 -13.329353 0.355390 
218 0.551681 0.000000 -0.001656 83.999267 1.220512 -11.387496 0.281296 
219 0.561706 0.000000 -0.011499 79.510476 1.005761 -11.619639 0.354206 
220 0.571732 0.000000 -0.001656 76.119498 0.856584 -13.435296 0.402458 
221 0.561706 0.000000 0.008188 80.708311 1.027885 -15.072334 0.325794 
222 -14.968384 0.000000 -5.031768 99.512866 -0.000030 9.834149 0.000048 
223 -20.101635 0.000000 -5.031768 99.514512 -0.000018 9.832405 0.000019 
224 -14.968384 0.000000 -10.071724 99.511648 -0.000022 9.831962 0.000076 
225 -14.968384 0.000000 0.008188 99.516158 -0.000031 9.835342 -0.000020 
226 -7.268507 0.000000 -2.511790 99.503750 -0.000447 9.847203 0.000204 
227 -9.835133 0.000000 -2.511790 99.510589 -0.000064 9.841012 0.000080 
228 -7.268507 0.000000 -5.031768 99.498997 -0.000076 9.839018 0.000314 
229 -7.268507 0.000000 0.008188 99.516936 0.000007 9.852370 -0.000069 
230 -3.418569 0.000000 -1.251801 99.463423 -0.000618 9.901966 0.000898 
231 -4.701881 0.000000 -1.251801 99.493243 -0.000405 9.875071 0.000358 
232 -3.418569 0.000000 -2.511790 99.446632 -0.000488 9.865431 0.001304 
233 -3.418569 0.000000 0.008188 99.515994 -0.000622 9.924482 -0.000193 
234 -1.493599 0.000000 -0.621806 99.308313 -0.001615 10.017697 0.003750 
235 -2.135256 0.000000 -0.621806 99.413278 -0.000539 10.000587 0.001699 
236 -1.493599 0.000000 -1.251801 99.240611 -0.005837 9.932120 0.005265 
237 -1.493599 0.000000 0.008188 99.480633 -0.001346 10.111213 0.000137 
238 -0.531115 0.000000 -0.306809 98.254051 -0.004804 10.901217 0.022730 
239 -0.851943 0.000000 -0.306809 98.889585 -0.000308 10.731989 0.010567 
240 -0.531115 0.000000 -0.621806 98.220446 0.000235 10.258099 0.024752 
241 -0.531115 0.000000 0.008188 99.047173 -0.007679 11.403944 0.005961 
242 -0.049872 0.000000 -0.149310 92.570983 0.047597 10.236966 0.132582 
243 -0.210286 0.000000 -0.149310 96.034395 -0.027276 11.771901 0.063882 
244 -0.049872 0.000000 -0.306809 94.723633 -0.001058 9.645600 0.093440 
245 -0.049872 0.000000 0.008188 87.641220 0.063697 20.551727 0.189664 
246 0.190749 0.000000 -0.070561 92.373198 -0.040073 15.163426 0.123726 
247 0.110542 0.000000 -0.070561 91.684334 -0.046638 -4.915854 0.156982 
248 0.190749 0.000000 -0.149310 92.225983 0.048150 6.506896 0.145203 
249 0.190749 0.000000 0.008188 87.855112 -0.264116 3.833099 0.226672 
250 0.351163 0.000000 0.086937 120.223550 0.117542 -17.796420 -0.477043 
251 0.270956 0.000000 0.086937 124.544968 0.155448 -10.688949 -0.562573 
252 0.351163 0.000000 0.165687 112.951394 0.143878 -4.830959 -0.278138 
253 0.311059 0.000000 -0.031187 86.910086 0.059384 2.269245 0.244148 
254 0.270956 0.000000 -0.031187 84.517422 0.020514 2.650849 0.284978 
255 0.311059 0.000000 -0.070561 88.223551 0.049328 2.857826 0.220844 
256 0.351163 0.000000 -0.031187 87.511721 0.077639 1.671154 0.233890 
257 0.311059 0.000000 0.008188 93.769104 0.064154 -1.122878 0.120609 
258 -14.968384 0.000000 5.048144 99.519430 -0.000023 9.834074 -0.000083 
259 -20.101635 0.000000 5.048144 99.517454 -0.000015 9.832364 -0.000040 
260 -14.968384 0.000000 10.088100 99.520566 -0.000014 9.831805 -0.000101 
261 -7.268507 0.000000 2.528166 99.530302 0.000779 9.847274 -0.000325 
262 -9.835133 0.000000 2.528166 99.522520 -0.000052 9.840979 -0.000158 
263 -7.268507 0.000000 5.048144 99.535088 -0.000039 9.838798 -0.000404 
264 -3.418569 0.000000 1.268177 99.571545 -0.000449 9.905414 -0.001261 
265 -4.701881 0.000000 1.268177 99.541622 -0.000327 9.876034 -0.000607 
266 -3.418569 0.000000 2.528166 99.592067 -0.000254 9.867855 -0.001595 
267 -1.493599 0.000000 0.638183 99.685598 -0.000317 10.060530 -0.003843 
268 -2.135256 0.000000 0.638183 99.607711 0.000740 10.013529 -0.002197 
269 -1.493599 0.000000 1.268177 99.815700 0.000888 9.994203 -0.006306 
270 -0.531115 0.000000 0.323185 100.174404 -0.003891 11.240440 -0.016126 
271 -0.851943 0.000000 0.323185 99.865251 -0.006734 10.901955 -0.009192 
272 -0.531115 0.000000 0.638183 100.696558 -0.006431 10.642588 -0.025306 
273 -0.049872 0.000000 0.165687 103.623904 0.039998 17.901198 -0.105837 
274 -0.210286 0.000000 0.165687 100.130129 -0.026791 13.877796 -0.021864 
275 -0.049872 0.000000 0.323185 104.191460 -0.008052 12.538485 -0.101307 
276 0.190749 0.000000 0.086937 128.492610 0.297219 2.705356 -0.651776 
277 0.110542 0.000000 0.086937 129.102923 0.397091 19.968484 -0.706646 
278 0.190749 0.000000 0.165687 118.213455 0.073866 6.467086 -0.401625 
279 0.230852 0.000000 -0.031187 83.912307 0.011908 2.751307 0.295115 
280 0.190749 0.000000 -0.031187 64.629040 -0.217749 56.598228 0.261968 
281 0.230852 0.000000 -0.070561 87.233014 -0.000281 9.368038 0.230264 
282 0.230852 0.000000 0.008188 82.682807 -0.109010 2.048366 0.315935 
283 0.030335 0.000000 -0.070561 87.790326 0.039842 5.107051 0.226678 
284 -0.049872 0.000000 -0.070561 89.573734 0.051235 11.703670 0.183957 
285 0.030335 0.000000 -0.149310 91.676755 0.046336 7.911688 0.153278 
286 0.030335 0.000000 0.008188 82.601689 0.560682 25.796820 0.251117 
287 0.150645 0.000000 -0.031187 107.932557 -0.164539 1.656647 -0.165221 
288 0.110542 0.000000 -0.031187 60.961674 -0.185987 -50.208827 0.376271 
289 0.150645 0.000000 -0.070561 113.752397 -0.163494 1.040803 -0.294072 
290 0.150645 0.000000 0.008188 16.655544 -3.959380 0.616083 0.970654 
291 0.230852 0.000000 0.047563 123.794807 0.225555 -2.275787 -0.533038 
292 0.190749 0.000000 0.047563 128.526374 0.299714 2.856867 -0.652728 
293 0.270956 0.000000 0.047563 117.011665 0.135542 -8.436532 -0.376292 
294 0.230852 0.000000 0.086937 127.194543 0.230514 -2.923425 -0.618705 
295 0.210801 0.000000 -0.011499 48.170659 -0.357786 16.347740 0.741221 
296 0.190749 0.000000 -0.011499 31.504311 -0.347564 38.356794 0.753611 
297 0.210801 0.000000 -0.031187 83.934338 0.013032 2.752042 0.294745 
298 0.230852 0.000000 -0.011499 78.843118 -0.137920 2.895930 0.377536 
299 0.210801 0.000000 0.008188 73.630985 -0.349885 3.250502 0.456779 
300 0.030335 0.000000 0.086937 110.514067 0.080471 29.079653 -0.305899 
301 -0.049872 0.000000 0.086937 99.336670 0.053209 22.542214 -0.037593 
302 0.030335 0.000000 0.165687 109.304947 0.055842 18.526563 -0.229081 
303 0.070438 0.000000 -0.031187 80.533474 -0.026615 3.874269 0.349935 
304 0.030335 0.000000 -0.031187 85.907903 0.406046 -5.849227 0.258545 
305 0.070438 0.000000 -0.070561 87.703421 0.001088 1.674587 0.230531 
306 0.070438 0.000000 0.008188 77.896664 -0.115722 4.181483 0.391461 
307 0.070438 0.000000 0.047563 122.502608 0.459003 39.461368 -0.656430 
308 0.030335 0.000000 0.047563 110.282866 0.511007 54.571873 -0.514066 
309 0.110542 0.000000 0.047563 127.307012 0.430001 27.163608 -0.694512 
310 0.070438 0.000000 0.086937 125.352221 0.475288 34.736041 -0.692000 
311 0.090490 0.000000 -0.011499 72.429552 -0.328526 5.021038 0.472864 
312 0.070438 0.000000 -0.011499 80.417343 -0.010481 3.124013 0.352329 
313 0.090490 0.000000 -0.031187 74.544458 -0.229005 4.572048 0.442217 
314 0.110542 0.000000 -0.011499 33.328707 -0.238521 -38.519506 0.740539 
315 0.090490 0.000000 0.008188 74.309982 -0.236928 4.599367 0.445682 
316 -0.370701 0.000000 -0.149310 97.727197 -0.026581 11.565656 0.031563 
317 -0.531115 0.000000 -0.149310 98.564080 -0.005487 11.163736 0.016049 
318 -0.370701 0.000000 -0.306809 97.666362 -0.008188 10.755840 0.034559 
319 -0.370701 0.000000 0.008188 98.490297 -0.009626 12.380518 0.014638 
320 -0.130079 0.000000 -0.070561 93.980449 -0.081355 13.162277 0.099442 
321 -0.210286 0.000000 -0.070561 96.260170 -0.033194 12.718011 0.057223 
322 -0.130079 0.000000 -0.149310 94.559935 -0.057846 11.429589 0.092778 
323 -0.130079 0.000000 0.008188 95.064424 0.045615 15.934397 0.070885 
324 -0.009769 0.000000 -0.031187 80.822821 0.077009 7.408458 0.341278 
325 -0.049872 0.000000 -0.031187 87.162451 0.057896 14.401410 0.219530 
326 -0.009769 0.000000 -0.070561 87.629338 0.053147 8.505036 0.224876 
327 -0.009769 0.000000 0.008188 43.104912 0.827000 20.589876 0.771734 
328 -0.370701 0.000000 0.165687 99.751462 -0.014687 12.525823 -0.010725 
329 -0.531115 0.000000 0.165687 99.651940 -0.003846 11.477816 -0.006225 
330 -0.370701 0.000000 0.323185 100.794430 0.001009 11.995673 -0.030341 
331 -0.130079 0.000000 0.086937 98.344210 -0.036353 16.834901 0.004500 
332 -0.210286 0.000000 0.086937 98.694470 -0.037603 14.297409 0.005498 
333 -0.130079 0.000000 0.165687 101.041408 -0.010855 15.648985 -0.045426 
334 -0.009769 0.000000 0.047563 95.419807 0.087900 34.006641 -0.026140 
335 -0.049872 0.000000 0.047563 93.987565 0.061204 23.845442 0.059773 
336 -0.009769 0.000000 0.086937 102.801796 0.067167 26.920440 -0.129292 
337 0.010283 0.000000 -0.011499 58.985594 0.753826 -7.421135 0.646506 
338 -0.009769 0.000000 -0.011499 41.837785 0.854606 -5.620276 0.821728 
339 0.010283 0.000000 -0.031187 70.868067 0.664049 -18.559843 0.463281 
340 0.030335 0.000000 -0.011499 82.699590 0.463886 -8.511782 0.308811 
341 0.010283 0.000000 0.008188 55.684126 0.745928 37.496166 0.549276 
342 -0.089976 0.000000 -0.031187 91.720735 0.048094 14.930198 0.136439 
343 -0.130079 0.000000 -0.031187 94.158093 0.045507 14.622151 0.092044 
344 -0.089976 0.000000 -0.070561 92.074159 0.046516 12.921989 0.135537 
345 -0.089976 0.000000 0.008188 92.782146 0.048247 17.451317 0.108692 
346 -0.029821 0.000000 -0.011499 80.736361 0.075429 16.490230 0.320971 
347 -0.049872 0.000000 -0.011499 86.554361 0.061549 17.199487 0.221252 
348 -0.029821 0.000000 -0.031187 83.692696 0.064249 12.400912 0.284175 
349 -0.029821 0.000000 0.008188 81.654920 0.082548 23.549040 0.277791 
350 0.010283 0.000000 0.027875 79.589401 0.641946 66.188015 -0.071574 
351 -0.009769 0.000000 0.027875 48.040793 0.768702 63.323838 0.368158 
352 0.030335 0.000000 0.027875 103.682813 0.538766 59.246718 -0.426059 
353 0.010283 0.000000 0.047563 101.643224 0.128558 39.546433 -0.189528 
354 0.000257 0.000000 -0.001656 35.760307 0.876985 7.311008 0.866698 
355 -0.009769 0.000000 -0.001656 43.017699 0.830464 16.901012 0.786314 
356 0.000257 0.000000 -0.011499 51.903861 0.793134 -4.580197 0.728438 
357 0.010283 0.000000 -0.001656 56.657620 0.768399 2.298219 0.678404 
358 0.000257 0.000000 0.008188 41.294311 0.807975 44.550526 0.630938 
359 0.050386 0.000000 0.027875 116.468311 0.492258 47.528927 -0.582411 
360 0.050386 0.000000 0.008188 86.149649 0.221771 0.988745 0.257721 
361 0.070438 0.000000 0.027875 121.146745 0.480408 41.575088 -0.640525 
362 0.050386 0.000000 0.047563 117.270511 0.489555 46.688361 -0.593242 
363 0.311059 0.000000 0.047563 114.040666 0.101748 -10.771624 -0.312131 
364 0.351163 0.000000 0.047563 116.206654 0.120588 -15.718722 -0.375108 
365 0.311059 0.000000 0.086937 122.442719 0.120744 -14.813686 -0.521168 
366 0.471473 0.000000 0.047563 110.645359 0.311712 -26.670379 -0.295380 
367 0.431370 0.000000 0.047563 111.415164 0.253367 -22.710784 -0.292918 
368 0.471473 0.000000 0.086937 107.097027 0.146007 -14.784815 -0.168839 
369 0.531629 0.000000 0.027875 100.027402 0.910288 -29.420285 -0.087186 
370 0.511577 0.000000 0.027875 103.188908 0.578460 -25.902772 -0.131924 
371 0.531629 0.000000 0.047563 101.596357 0.156602 -18.770876 -0.067419 
372 -4.701881 0.000000 -15.111679 99.506369 -0.000015 9.825265 0.000195 
373 -9.835133 0.000000 -15.111679 99.509427 -0.000017 9.829056 0.000126 
374 -4.701881 0.000000 -20.151635 99.510114 -0.000008 9.826343 0.000118 
375 0.431370 0.000000 -15.111679 99.505011 -0.000005 9.818587 0.000235 
376 -2.135256 0.000000 -7.551746 99.478644 -0.002263 9.811387 0.000774 
377 -4.701881 0.000000 -7.551746 99.490305 -0.000055 9.827196 0.000511 
378 -2.135256 0.000000 -10.071724 99.493290 -0.000022 9.816454 0.000472 
379 0.431370 0.000000 -7.551746 99.473733 -0.002527 9.784976 0.000923 
380 -0.851943 0.000000 -3.771779 99.368726 -0.003976 9.755462 0.003069 
381 -2.135256 0.000000 -3.771779 99.414186 -0.000393 9.817493 0.002044 
382 -0.851943 0.000000 -5.031768 99.427607 -0.000222 9.776126 0.001858 
383 0.431370 0.000000 -3.771779 99.361072 -0.003408 9.654730 0.003416 
384 -0.210286 0.000000 -1.881795 99.009118 -0.003463 9.535824 0.010626 
385 -0.851943 0.000000 -1.881795 99.112170 -0.000821 9.769716 0.008133 
386 -0.210286 0.000000 -2.511790 99.198220 -0.000819 9.615958 0.006725 
387 0.431370 0.000000 -1.881795 98.977657 -0.003030 9.219058 0.011843 
388 0.110542 0.000000 -0.936804 97.756497 0.008764 8.828801 0.036572 
389 -0.210286 0.000000 -0.936804 98.002298 0.013699 9.524936 0.030482 
390 0.110542 0.000000 -1.251801 98.440622 0.004859 9.072444 0.022713 
391 0.431370 0.000000 -0.936804 97.855891 0.009120 8.024520 0.035983 
392 0.270956 0.000000 -0.464308 95.497151 0.020104 6.932503 0.083223 
393 0.110542 0.000000 -0.464308 95.599065 0.004730 8.168606 0.079409 
394 0.270956 0.000000 -0.621806 96.456806 0.029276 7.519967 0.063953 
395 0.431370 0.000000 -0.464308 95.664836 0.026377 5.646655 0.081635 
396 0.190749 0.000000 -0.228060 92.905880 0.048537 6.482189 0.132648 
397 0.110542 0.000000 -0.228060 93.083311 0.045498 7.435729 0.128021 
398 0.190749 0.000000 -0.306809 93.639425 0.023535 6.704162 0.118671 
399 0.270956 0.000000 -0.228060 92.771724 0.064604 5.314957 0.136515 
400 0.150645 0.000000 -0.109936 93.926226 0.021908 5.805829 0.114416 
401 0.110542 0.000000 -0.109936 92.436657 0.025744 4.016485 0.143933 
402 0.150645 0.000000 -0.149310 92.660987 0.044989 6.362449 0.137346 
403 0.190749 0.000000 -0.109936 92.370486 0.028088 7.756202 0.140753 
404 0.130593 0.000000 -0.050874 102.680514 -0.164846 -25.662697 -0.120189 
405 0.110542 0.000000 -0.050874 81.146750 -0.175271 -44.986442 0.139139 
406 0.130593 0.000000 -0.070561 98.650632 -0.165818 -33.862617 -0.087865 
407 0.150645 0.000000 -0.050874 109.418413 -0.164405 1.954584 -0.197624 
408 0.130593 0.000000 -0.031187 91.738563 -0.170526 -33.258321 0.047789 
409 -0.049872 0.000000 -0.464308 96.171362 -0.011167 9.291354 0.066474 
410 -0.210286 0.000000 -0.464308 97.166063 -0.000324 9.870296 0.046133 
411 -0.049872 0.000000 -0.621806 97.170101 0.009219 9.103974 0.047509 
412 0.030335 0.000000 -0.228060 93.322325 0.044628 8.633337 0.121641 
413 -0.049872 0.000000 -0.228060 94.198596 -0.050141 9.771012 0.103115 
414 0.030335 0.000000 -0.306809 94.424084 -0.017700 8.696946 0.100846 
415 0.070438 0.000000 -0.109936 90.718350 0.038016 5.041763 0.174476 
416 0.030335 0.000000 -0.109936 90.153679 0.044735 6.906678 0.182461 
417 0.070438 0.000000 -0.149310 91.869986 0.044007 6.814114 0.151347 
418 0.090490 0.000000 -0.050874 82.050431 -0.101701 -6.546717 0.322486 
419 0.070438 0.000000 -0.050874 84.390395 -0.042403 0.218619 0.287821 
420 0.090490 0.000000 -0.070561 88.328978 -0.027509 -1.580880 0.219549 
421 0.150645 0.000000 0.047563 128.999471 0.377661 13.022487 -0.681059 
422 0.150645 0.000000 0.086937 128.994751 0.373238 12.586153 -0.679820 
423 0.130593 0.000000 -0.011499 98.650632 -0.165818 -33.862617 -0.087865 
424 0.150645 0.000000 -0.011499 113.752397 -0.163494 1.040803 -0.294072 
425 0.130593 0.000000 0.008188 17.719969 -3.950700 -2.901891 0.966197 
426 0.120568 0.000000 -0.041030 82.510543 -0.174994 -44.157916 0.124206 
427 0.110542 0.000000 -0.041030 71.753724 -0.180264 -47.654751 0.258040 
428 0.120568 0.000000 -0.050874 88.291268 -0.172451 -36.631992 0.086272 
429 0.130593 0.000000 -0.041030 93.575138 -0.169449 -32.874421 0.016294 
430 0.120568 0.000000 -0.031187 76.999269 -0.178112 -41.967000 0.230985 
431 0.170697 0.000000 -0.050874 104.514885 -0.165447 29.355311 -0.178512 
432 0.170697 0.000000 -0.070561 101.819344 -0.165885 37.089762 -0.174286 
433 0.190749 0.000000 -0.050874 85.090962 -0.180774 49.625436 0.029681 
434 0.170697 0.000000 -0.031187 91.461702 -0.176255 40.013578 0.003364 
435 2.035511 0.000000 -0.306809 99.725497 -0.007420 2.766514 0.004717 
436 2.035511 0.000000 -0.621806 99.515151 -0.002129 5.801844 0.006307 
437 2.356339 0.000000 -0.306809 99.848519 -0.007654 3.141980 0.002040 
438 2.035511 0.000000 0.008188 100.115962 0.065070 -3.722644 -0.003707 
439 5.564621 0.000000 -15.111679 99.507145 0.000005 9.812340 0.000205 
440 5.564621 0.000000 -20.151635 99.510438 0.000000 9.820598 0.000123 
441 10.697873 0.000000 -15.111679 99.510637 0.000008 9.809509 0.000141 
442 15.831124 0.000000 -15.111679 99.513296 0.000007 9.809261 0.000088 
443 15.831124 0.000000 -20.151635 99.513291 0.000004 9.818135 0.000071 
444 20.964375 0.000000 -15.111679 99.514875 0.000005 9.810053 0.000055 
445 -14.968384 0.000000 -15.111679 99.511910 -0.000015 9.830384 0.000074 
446 -20.101635 0.000000 -15.111679 99.513434 -0.000012 9.830645 0.000043 
447 -14.968384 0.000000 -20.151635 99.512596 -0.000010 9.829566 0.000062 
448 2.997996 0.000000 -7.551746 99.482320 -0.002825 9.760759 0.000800 
449 2.997996 0.000000 -10.071724 99.494792 0.000014 9.793735 0.000487 
450 5.564621 0.000000 -7.551746 99.495863 -0.001652 9.749546 0.000552 
451 8.131247 0.000000 -7.551746 99.506134 0.000045 9.749227 0.000348 
452 8.131247 0.000000 -10.071724 99.506099 0.000024 9.784111 0.000281 
453 10.697873 0.000000 -7.551746 99.512346 0.000032 9.752327 0.000219 
454 -7.268507 0.000000 -7.551746 99.500235 -0.000052 9.832700 0.000302 
455 -9.835133 0.000000 -7.551746 99.506392 -0.000042 9.833853 0.000177 
456 -7.268507 0.000000 -10.071724 99.503086 -0.000034 9.829471 0.000252 
457 1.714683 0.000000 -3.771779 99.394772 0.001409 9.569810 0.002910 
458 1.714683 0.000000 -5.031768 99.433739 0.000362 9.688210 0.001907 
459 2.997996 0.000000 -3.771779 99.437913 0.000336 9.526714 0.002134 
460 4.281308 0.000000 -3.771779 99.476798 -0.005829 9.519577 0.001374 
461 4.281308 0.000000 -5.031768 99.477661 -0.000222 9.651371 0.001105 
462 5.564621 0.000000 -3.771779 99.501451 -0.004117 9.531364 0.000861 
463 -3.418569 0.000000 -3.771779 99.452923 -0.000354 9.840469 0.001228 
464 -4.701881 0.000000 -3.771779 99.477570 -0.000288 9.845837 0.000727 
465 -3.418569 0.000000 -5.031768 99.464934 -0.000254 9.828041 0.001014 
466 1.073026 0.000000 -1.881795 99.089276 -0.002123 8.948970 0.010123 
467 1.073026 0.000000 -2.511790 99.233501 -0.000423 9.322966 0.006579 
468 1.714683 0.000000 -1.881795 99.226783 0.000821 8.799764 0.007661 
469 2.356339 0.000000 -1.881795 99.376559 0.000098 8.795871 0.004693 
470 2.356339 0.000000 -2.511790 99.384259 0.003487 9.201065 0.003811 
471 2.997996 0.000000 -1.881795 99.460708 0.002954 8.825822 0.002967 
472 -1.493599 0.000000 -1.881795 99.272867 -0.004142 9.846777 0.004794 
473 -2.135256 0.000000 -1.881795 99.358361 0.000767 9.886501 0.003017 
474 -1.493599 0.000000 -2.511790 99.313207 0.000851 9.814481 0.004056 
475 0.752198 0.000000 -0.936804 98.101024 0.027075 7.339678 0.032232 
476 0.752198 0.000000 -1.251801 98.655765 0.009667 8.300549 0.019814 
477 1.073026 0.000000 -0.936804 98.566116 0.002846 7.056173 0.023493 
478 1.393855 0.000000 -0.936804 99.023374 0.006992 7.065269 0.014445 
479 1.393855 0.000000 -1.251801 99.034919 0.002573 7.940159 0.012904 
480 1.714683 0.000000 -0.936804 99.238283 0.001878 7.070906 0.010177 
481 -0.531115 0.000000 -0.936804 98.339906 0.006612 9.987190 0.022952 
482 -0.851943 0.000000 -0.936804 98.915017 0.002127 9.956948 0.011668 
483 -0.531115 0.000000 -1.251801 98.804298 0.004029 9.698544 0.014365 
484 0.591784 0.000000 -0.464308 96.123345 0.006860 4.439083 0.074060 
485 0.591784 0.000000 -0.621806 96.989475 0.021410 6.019793 0.055680 
486 0.752198 0.000000 -0.464308 97.152943 0.015976 4.010539 0.054522 
487 0.912612 0.000000 -0.464308 97.947477 0.018355 3.892999 0.039114 
488 0.912612 0.000000 -0.621806 98.202027 0.007548 5.521236 0.032588 
489 1.073026 0.000000 -0.464308 98.532779 0.002488 3.990885 0.027536 
490 0.351163 0.000000 -0.228060 92.630928 0.056214 3.773429 0.140527 
491 0.351163 0.000000 -0.306809 93.854916 0.056980 4.836794 0.116786 
492 0.431370 0.000000 -0.228060 93.233753 0.073177 2.558820 0.130091 
493 2.035511 0.000000 -0.936804 99.393152 -0.000615 7.148219 0.006990 
494 2.035511 0.000000 -1.251801 99.335884 -0.000539 7.940797 0.006933 
495 2.356339 0.000000 -0.936804 99.480788 0.000453 7.206194 0.005164 
496 2.035511 0.000000 0.323185 100.107617 0.004729 1.987702 -0.002549 
497 2.356339 0.000000 0.323185 100.148121 0.002506 1.914547 -0.003331 
498 2.035511 0.000000 0.638183 100.030516 0.006264 4.988394 -0.003099 
499 0.391266 0.000000 -0.031187 88.019520 0.092927 1.160405 0.225121 
500 0.391266 0.000000 -0.070561 89.175342 0.122343 0.032883 0.204774 
501 0.391266 0.000000 0.008188 94.517650 0.148387 -4.220690 0.104858 
502 -0.370701 0.000000 -0.464308 97.757547 0.003683 10.326036 0.033683 
503 -0.531115 0.000000 -0.464308 98.169169 0.000020 10.578496 0.025091 
504 -0.370701 0.000000 -0.621806 97.806312 0.000522 10.135244 0.033120 
505 -0.130079 0.000000 -0.228060 95.189924 -0.002692 10.637394 0.082572 
506 -0.210286 0.000000 -0.228060 95.920286 -0.021960 11.280578 0.067205 
507 -0.130079 0.000000 -0.306809 95.573456 -0.013037 10.214471 0.076138 
508 0.230852 0.000000 -0.109936 90.428805 0.039278 6.842857 0.177581 
509 0.230852 0.000000 -0.149310 91.493743 0.045303 5.916141 0.159389 
510 0.270956 0.000000 -0.109936 89.767441 0.046598 4.987515 0.191693 
511 0.391266 0.000000 0.047563 114.402307 0.173068 -20.688566 -0.351593 
512 0.391266 0.000000 0.086937 118.268153 0.116588 -20.437295 -0.440505 
513 0.210801 0.000000 -0.050874 83.017478 -0.090221 17.827371 0.279028 
514 0.210801 0.000000 -0.070561 88.511788 -0.023292 12.523508 0.200882 
515 0.230852 0.000000 -0.050874 83.338249 -0.017372 2.732168 0.304727 
516 -0.009769 0.000000 -0.109936 90.352726 0.048264 8.966586 0.175598 
517 -0.049872 0.000000 -0.109936 91.360115 0.044442 10.803037 0.153662 
518 -0.009769 0.000000 -0.149310 91.915963 0.045114 9.193437 0.146693 
519 0.170697 0.000000 -0.011499 83.366542 -0.188165 48.308041 0.071632 
520 0.170697 0.000000 0.008188 128.905045 0.361723 4.506369 -0.663695 
521 0.050386 0.000000 -0.011499 85.968303 0.301474 -2.039166 0.260520 
522 0.050386 0.000000 -0.031187 86.156808 0.222608 0.965228 0.257602 
523 0.090490 0.000000 0.027875 126.108417 0.423298 32.189521 -0.693968 
524 0.110542 0.000000 0.027875 128.024872 0.417454 24.222426 -0.697727 
525 0.090490 0.000000 0.047563 125.304093 0.454549 33.237528 -0.680606 
526 -0.089976 0.000000 -0.109936 92.760822 0.046587 11.821726 0.125567 
527 -0.130079 0.000000 -0.109936 94.173719 -0.073451 12.201034 0.098244 
528 -0.089976 0.000000 -0.149310 93.478321 0.043498 11.130913 0.113790 
529 -0.089976 0.000000 0.047563 95.484647 0.046066 19.074386 0.051885 
530 -0.130079 0.000000 0.047563 96.579484 -0.055656 16.631269 0.039580 
531 -0.089976 0.000000 0.086937 98.403605 0.044772 19.043104 -0.004591 
532 -0.029821 0.000000 0.027875 87.709622 0.077466 27.879471 0.152975 
533 -0.049872 0.000000 0.027875 90.534777 0.063323 22.994266 0.127471 
534 -0.029821 0.000000 0.047563 93.666243 0.070522 28.078957 0.043820 
535 0.130593 0.000000 0.027875 129.105736 0.394210 19.969905 -0.706724 
536 0.150645 0.000000 0.027875 129.062185 0.384363 16.433796 -0.692726 
537 0.130593 0.000000 0.047563 129.067836 0.405606 18.180802 -0.698921 
538 0.170697 0.000000 0.027875 128.890925 0.305942 4.523013 -0.663342 
539 0.190749 0.000000 0.027875 128.890822 0.305534 4.523135 -0.663340 
540 0.170697 0.000000 0.047563 128.975466 0.364544 11.042859 -0.675675 
541 0.511577 0.000000 -0.228060 94.024915 0.060882 1.406703 0.115733 
542 0.511577 0.000000 -0.306809 94.853382 0.040019 2.963834 0.099405 
543 0.591784 0.000000 -0.228060 94.863328 0.037876 0.323226 0.100084 
544 0.671991 0.000000 -0.228060 95.813238 0.035421 -0.244196 0.081976 
545 0.671991 0.000000 -0.306809 96.046922 0.036230 1.640498 0.077230 
546 0.752198 0.000000 -0.228060 96.555833 0.030005 -0.760517 0.067639 
547 0.311059 0.000000 -0.109936 89.833356 0.053415 3.436332 0.191816 
548 0.311059 0.000000 -0.149310 90.986458 0.054974 3.696647 0.170780 
549 0.351163 0.000000 -0.109936 90.085676 0.126684 2.143059 0.187996 
550 0.391266 0.000000 -0.109936 90.374128 0.109350 0.985193 0.183153 
551 0.391266 0.000000 -0.149310 91.264046 0.090817 1.611441 0.166827 
552 0.431370 0.000000 -0.109936 90.591734 0.084913 -0.271339 0.179306 
553 0.210801 0.000000 0.027875 113.513703 0.170638 0.046987 -0.288539 
554 0.230852 0.000000 0.027875 104.266144 0.093776 -2.245737 -0.087648 
555 0.210801 0.000000 0.047563 127.599837 0.263259 -1.225989 -0.628329 
556 0.050386 0.000000 -0.050874 86.316528 0.005681 2.866488 0.254124 
557 0.030335 0.000000 -0.050874 86.629632 0.038494 3.744251 0.248129 
558 0.050386 0.000000 -0.070561 87.839820 0.022284 3.706199 0.227043 
559 0.010283 0.000000 -0.050874 85.628869 0.055367 5.198688 0.264067 
560 -0.009769 0.000000 -0.050874 85.231532 0.058985 8.061642 0.267059 
561 0.010283 0.000000 -0.070561 87.544016 0.050219 6.628376 0.229211 
562 0.471473 0.000000 -0.109936 91.083826 0.050209 -1.318110 0.170200 
563 0.471473 0.000000 -0.149310 92.101296 0.078022 -0.011720 0.151735 
564 0.511577 0.000000 -0.109936 91.731441 0.075187 -2.354772 0.157979 
565 0.551681 0.000000 -0.109936 92.576165 0.063233 -3.230669 0.141921 
566 0.551681 0.000000 -0.149310 93.355719 0.061310 -1.612056 0.128211 
567 0.591784 0.000000 -0.109936 93.599926 0.054761 -3.885411 0.122395 
568 0.631888 0.000000 -0.109936 94.577267 0.039620 -4.563519 0.103431 
569 0.631888 0.000000 -0.149310 94.847563 0.034210 -2.771792 0.099626 
570 0.671991 0.000000 -0.109936 95.482578 0.029728 -4.776432 0.086026 
571 -0.029821 0.000000 -0.050874 86.445924 0.057049 10.898463 0.240832 
572 -0.049872 0.000000 -0.050874 88.383017 0.054272 12.684307 0.202755 
573 -0.029821 0.000000 -0.070561 88.378932 0.052633 10.329632 0.208246 
1 19 21 3 22 
2 20 19 22 9 
3 28 20 9 30 
4 29 28 30 4 
5 35 37 19 38 
6 36 35 38 20 
7 44 36 20 46 
8 45 44 46 28 
9 51 53 35 54 
10 52 51 54 36 
11 60 52 36 62 
12 61 60 62 44 
13 67 69 51 70 
14 68 67 70 52 
15 76 68 52 78 
16 77 76 78 60 
17 83 85 67 86 
18 84 83 86 68 
19 92 84 68 94 
20 93 92 94 76 
21 99 101 83 102 
22 100 99 102 84 
23 108 100 84 110 
24 109 108 110 92 
25 115 117 99 118 
26 116 115 118 100 
27 10 125 124 26 
28 125 13 126 124 
29 124 126 8 127 
30 26 124 127 14 
31 23 129 128 42 
32 129 26 130 128 
33 128 130 14 131 
34 42 128 131 27 
35 39 133 132 58 
36 133 42 134 132 
37 132 134 27 135 
38 58 132 135 43 
39 137 58 138 136 
40 136 138 43 139 
41 71 141 140 90 
42 141 74 142 140 
43 140 142 59 143 
44 90 140 143 75 
45 87 145 144 106 
46 145 90 146 144 
47 144 146 75 147 
48 106 144 147 91 
49 149 106 150 148 
50 148 150 91 151 
51 152 116 100 154 
52 153 152 154 108 
53 155 157 115 158 
54 156 155 158 116 
55 119 161 159 160 
56 161 122 162 159 
57 14 127 164 37 
58 127 8 165 164 
59 164 165 21 166 
60 37 164 166 19 
61 27 131 167 53 
62 131 14 168 167 
63 167 168 37 169 
64 53 167 169 35 
65 43 135 170 69 
66 135 27 171 170 
67 170 171 53 172 
68 69 170 172 51 
69 139 43 174 173 
70 173 174 69 175 
71 85 173 175 67 
72 75 143 176 101 
73 143 59 177 176 
74 176 177 85 178 
75 101 176 178 83 
76 91 147 179 117 
77 147 75 180 179 
78 179 180 101 181 
79 117 179 181 99 
80 151 91 183 182 
81 182 183 117 184 
82 157 182 184 115 
83 122 186 185 162 
84 186 148 187 185 
85 185 187 151 188 
86 162 185 188 107 
87 189 191 157 192 
88 190 189 192 155 
89 159 195 193 194 
90 195 162 196 193 
91 193 196 107 197 
92 120 204 202 203 
93 204 119 160 202 
94 202 160 123 205 
95 203 202 205 5 
96 160 208 206 207 
97 208 159 194 206 
98 206 194 163 209 
99 207 206 209 123 
100 107 188 210 191 
101 188 151 211 210 
102 210 211 182 212 
103 191 210 212 157 
104 163 197 213 214 
105 197 107 215 213 
106 213 215 191 216 
107 214 213 216 189 
108 194 219 217 218 
109 219 193 220 217 
110 217 220 197 221 
111 218 217 221 163 
112 16 224 222 223 
113 224 15 32 222 
114 222 32 18 225 
115 223 222 225 6 
116 32 228 226 227 
117 228 31 48 226 
118 226 48 34 229 
119 227 226 229 18 
120 48 232 230 231 
121 232 47 64 230 
122 230 64 50 233 
123 231 230 233 34 
124 64 236 234 235 
125 236 63 80 234 
126 234 80 66 237 
127 235 234 237 50 
128 80 240 238 239 
129 239 238 241 66 
130 250 156 116 252 
131 251 250 252 152 
132 199 255 253 254 
133 255 198 256 253 
134 253 256 201 257 
135 254 253 257 114 
136 6 225 258 259 
137 225 18 45 258 
138 258 45 28 260 
139 259 258 260 29 
140 18 229 261 262 
141 229 34 61 261 
142 261 61 44 263 
143 262 261 263 45 
144 34 233 264 265 
145 233 50 77 264 
146 264 77 60 266 
147 265 264 266 61 
148 50 237 267 268 
149 237 66 93 267 
150 267 93 76 269 
151 268 267 269 77 
152 66 241 270 271 
153 270 109 92 272 
154 271 270 272 93 
155 273 153 108 275 
156 274 273 275 109 
157 276 251 152 278 
158 277 276 278 153 
159 281 199 254 279 
160 279 254 114 282 
161 282 114 293 291 
162 291 293 251 294 
163 292 291 294 276 
164 280 297 295 296 
165 297 279 298 295 
166 295 298 282 299 
167 296 295 299 249 
168 300 277 153 302 
169 301 300 302 273 
170 307 309 277 310 
171 308 307 310 300 
172 303 313 311 312 
173 313 288 314 311 
174 311 314 98 315 
175 312 311 315 306 
176 238 318 316 317 
177 318 96 243 316 
178 316 243 82 319 
179 317 316 319 241 
180 243 322 320 321 
181 321 320 323 82 
182 241 319 328 329 
183 319 82 274 328 
184 328 274 109 330 
185 329 328 330 270 
186 82 323 331 332 
187 331 301 273 333 
188 332 331 333 274 
189 334 308 300 336 
190 335 334 336 301 
191 324 339 337 338 
192 339 304 340 337 
193 337 340 286 341 
194 320 344 342 343 
195 344 284 325 342 
196 342 325 245 345 
197 343 342 345 323 
198 325 348 346 347 
199 348 324 338 346 
200 346 338 327 349 
201 347 346 349 245 
202 327 341 350 351 
203 341 286 352 350 
204 350 352 308 353 
205 351 350 353 334 
206 338 356 354 355 
207 356 337 357 354 
208 354 357 341 358 
209 355 354 358 327 
210 286 360 359 352 
211 360 306 361 359 
212 359 361 307 362 
213 352 359 362 308 
214 114 257 363 293 
215 257 201 364 363 
216 363 364 250 365 
217 293 363 365 251 
218 5 205 366 367 
219 205 123 190 366 
220 366 190 155 368 
221 367 366 368 156 
222 123 209 369 370 
223 209 163 214 369 
224 369 214 189 371 
225 370 369 371 190 
226 17 374 372 373 
227 374 7 375 372 
228 372 375 11 33 
229 373 372 33 15 
230 33 378 376 377 
231 378 11 379 376 
232 376 379 24 49 
233 377 376 49 31 
234 49 382 380 381 
235 382 24 383 380 
236 380 383 40 65 
237 381 380 65 47 
238 65 386 384 385 
239 386 40 387 384 
240 384 387 56 81 
241 385 384 81 63 
242 81 390 388 389 
243 390 56 391 388 
244 388 391 72 97 
245 389 388 97 79 
246 97 394 392 393 
247 394 72 395 392 
248 392 395 88 113 
249 393 392 113 95 
250 95 398 396 397 
251 398 113 399 396 
252 396 399 111 248 
253 397 396 248 112 
254 112 402 400 401 
255 402 248 403 400 
256 400 403 246 289 
257 401 400 289 247 
258 247 406 404 405 
259 406 289 407 404 
260 404 407 287 408 
261 79 411 409 410 
262 411 97 393 409 
263 409 393 95 244 
264 410 409 244 96 
265 244 414 412 413 
266 414 95 397 412 
267 412 397 112 285 
268 413 412 285 242 
269 285 417 415 416 
270 417 112 401 415 
271 415 401 247 305 
272 416 415 305 283 
273 305 420 418 419 
274 420 247 405 418 
275 418 405 288 313 
276 419 418 313 303 
277 421 292 276 422 
278 309 421 422 277 
279 288 408 423 314 
280 408 287 424 423 
281 423 424 290 425 
282 314 423 425 98 
283 405 428 426 427 
284 428 404 429 426 
285 426 429 408 430 
286 427 426 430 288 
287 289 432 431 407 
288 432 246 433 431 
289 431 433 280 434 
290 407 431 434 287 
291 74 436 435 142 
292 436 136 437 435 
293 435 437 139 438 
294 142 435 438 59 
295 7 440 439 375 
296 440 12 441 439 
297 439 441 10 25 
298 375 439 25 11 
299 12 443 442 441 
300 443 2 444 442 
301 442 444 13 125 
302 441 442 125 10 
303 1 447 445 446 
304 447 17 373 445 
305 445 373 15 224 
306 446 445 224 16 
307 11 449 448 379 
308 449 25 450 448 
309 448 450 23 41 
310 379 448 41 24 
311 25 452 451 450 
312 452 10 453 451 
313 451 453 26 129 
314 450 451 129 23 
315 15 456 454 455 
316 456 33 377 454 
317 454 377 31 228 
318 455 454 228 32 
319 24 458 457 383 
320 458 41 459 457 
321 457 459 39 57 
322 383 457 57 40 
323 41 461 460 459 
324 461 23 462 460 
325 460 462 42 133 
326 459 460 133 39 
327 31 465 463 464 
328 465 49 381 463 
329 463 381 47 232 
330 464 463 232 48 
331 40 467 466 387 
332 467 57 468 466 
333 466 468 55 73 
334 387 466 73 56 
335 57 470 469 468 
336 470 39 471 469 
337 469 471 58 137 
338 468 469 137 55 
339 47 474 472 473 
340 474 65 385 472 
341 472 385 63 236 
342 473 472 236 64 
343 56 476 475 391 
344 476 73 477 475 
345 475 477 71 89 
346 391 475 89 72 
347 73 479 478 477 
348 479 55 480 478 
349 478 480 74 141 
350 477 478 141 71 
351 63 483 481 482 
352 483 81 389 481 
353 481 389 79 240 
354 482 481 240 80 
355 72 485 484 395 
356 485 89 486 484 
357 484 486 87 105 
358 395 484 105 88 
359 89 488 487 486 
360 488 71 489 487 
361 487 489 90 145 
362 486 487 145 87 
363 113 491 490 399 
364 491 88 492 490 
365 490 492 104 200 
366 399 490 200 111 
367 55 494 493 480 
368 494 137 495 493 
369 493 495 136 436 
370 480 493 436 74 
371 59 438 496 177 
372 438 139 497 496 
373 496 497 173 498 
374 177 496 498 85 
375 198 500 499 256 
376 500 120 203 499 
377 499 203 5 501 
378 256 499 501 201 
379 240 504 502 503 
380 504 79 410 502 
381 502 410 96 318 
382 503 502 318 238 
383 96 507 505 506 
384 507 244 413 505 
385 505 413 242 322 
386 506 505 322 243 
387 248 509 508 403 
388 509 111 510 508 
389 508 510 199 281 
390 403 508 281 246 
391 201 501 511 364 
392 501 5 367 511 
393 511 367 156 512 
394 364 511 512 250 
395 246 514 513 433 
396 514 281 515 513 
397 513 515 279 297 
398 433 513 297 280 
399 242 518 516 517 
400 518 285 416 516 
401 516 416 283 326 
402 517 516 326 284 
403 287 434 519 424 
404 434 280 296 519 
405 519 296 249 520 
406 424 519 520 290 
407 304 522 521 340 
408 522 303 312 521 
409 521 312 306 360 
410 340 521 360 286 
411 306 315 523 361 
412 315 98 524 523 
413 523 524 309 525 
414 361 523 525 307 
415 322 528 526 527 
416 528 242 517 526 
417 526 517 284 344 
418 527 526 344 320 
419 323 345 529 530 
420 345 245 335 529 
421 529 335 301 531 
422 530 529 531 331 
423 245 349 532 533 
424 349 327 351 532 
425 532 351 334 534 
426 533 532 534 335 
427 98 425 535 524 
428 425 290 536 535 
429 535 536 421 537 
430 524 535 537 309 
431 290 520 538 536 
432 520 249 539 538 
433 538 539 292 540 
434 536 538 540 421 
435 88 542 541 492 
436 542 105 543 541 
437 541 543 103 121 
438 492 541 121 104 
439 105 545 544 543 
440 545 87 546 544 
441 544 546 106 149 
442 543 544 149 103 
443 111 548 547 510 
444 548 200 549 547 
445 547 549 198 255 
446 510 547 255 199 
447 200 551 550 549 
448 551 104 552 550 
449 550 552 120 500 
450 549 550 500 198 
451 249 299 553 539 
452 299 282 554 553 
453 553 554 291 555 
454 539 553 555 292 
455 283 558 556 557 
456 558 305 419 556 
457 556 419 303 522 
458 557 556 522 304 
459 326 561 559 560 
460 561 283 557 559 
461 559 557 304 339 
462 560 559 339 324 
463 104 563 562 552 
464 563 121 564 562 
465 562 564 119 204 
466 552 562 204 120 
467 121 566 565 564 
468 566 103 567 565 
469 565 567 122 161 
470 564 565 161 119 
471 103 569 568 567 
472 569 149 570 568 
473 568 570 148 186 
474 567 568 186 122 
475 284 573 571 572 
476 573 326 560 571 
477 571 560 324 348 
478 572 571 348 325 
