2 0.000000 100.000000 5791.461216
573 478 
1 -20.101635 0.000000 -20.151635 98.242912 -0.000010 -18.685857 -0.000083 
2 20.964375 0.000000 -20.151635 98.247760 0.000009 -18.652995 -0.000056 
3 20.964375 0.000000 20.168012 98.237415 0.000009 -18.670153 0.000084 
4 -20.101635 0.000000 20.168012 98.235706 -0.000005 -18.686258 0.000057 
5 0.431370 0.000000 0.008188 98.842333 0.431603 -4.882396 0.020617 
6 -20.101635 0.000000 0.008188 98.239608 -0.000021 -18.690431 -0.000035 
7 0.431370 0.000000 -20.151635 98.251372 -0.000002 -18.673118 -0.000202 
8 20.964375 0.000000 0.008188 98.326048 -0.000449 -18.216051 0.000016 
9 0.431370 0.000000 20.168012 98.230070 0.000009 -18.676777 0.000203 
10 10.697873 0.000000 -10.071724 98.273206 0.000061 -18.562575 -0.000219 
11 0.431370 0.000000 -10.071724 98.288104 0.000018 -18.638066 -0.000793 
12 10.697873 0.000000 -20.151635 98.249873 0.000008 -18.661376 -0.000128 
13 20.964375 0.000000 -10.071724 98.278824 0.000076 -18.485749 -0.000045 
14 10.697873 0.000000 0.008188 98.453529 -0.001943 -17.512462 0.000022 
15 -9.835133 0.000000 -10.071724 98.255160 -0.000034 -18.687411 -0.000330 
16 -20.101635 0.000000 -10.071724 98.243087 -0.000018 -18.688254 -0.000096 
17 -9.835133 0.000000 -20.151635 98.247241 -0.000011 -18.682881 -0.000157 
18 -9.835133 0.000000 0.008188 98.241685 -0.000072 -18.705548 -0.000133 
19 10.697873 0.000000 10.088100 98.233253 0.000033 -18.625226 0.000333 
20 0.431370 0.000000 10.088100 98.204353 0.000047 -18.651379 0.000803 
21 20.964375 0.000000 10.088100 98.242630 0.000007 -18.639088 0.000097 
22 10.697873 0.000000 20.168012 98.233588 0.000013 -18.670460 0.000158 
23 5.564621 0.000000 -5.031768 98.359612 -0.000289 -18.269905 -0.000840 
24 0.431370 0.000000 -5.031768 98.422695 0.001257 -18.516230 -0.002988 
25 5.564621 0.000000 -10.071724 98.281865 0.000058 -18.593409 -0.000504 
26 10.697873 0.000000 -5.031768 98.363156 0.000404 -18.072840 -0.000194 
27 5.564621 0.000000 0.008188 98.551258 -0.003039 -16.861899 0.000333 
28 -9.835133 0.000000 10.088100 98.226454 -0.000016 -18.688803 0.000229 
29 -20.101635 0.000000 10.088100 98.235926 -0.000013 -18.688551 0.000044 
30 -9.835133 0.000000 20.168012 98.232379 -0.000002 -18.684050 0.000131 
31 -4.701881 0.000000 -5.031768 98.302336 -0.000119 -18.694586 -0.001284 
32 -9.835133 0.000000 -5.031768 98.255684 -0.000060 -18.697008 -0.000376 
33 -4.701881 0.000000 -10.071724 98.272173 -0.000029 -18.675829 -0.000621 
34 -4.701881 0.000000 0.008188 98.246974 -0.000020 -18.765145 -0.000460 
35 5.564621 0.000000 5.048144 98.215247 0.000035 -18.459154 0.001302 
36 0.431370 0.000000 5.048144 98.107397 0.001233 -18.557842 0.003055 
37 10.697873 0.000000 5.048144 98.252714 -0.000003 -18.508003 0.000386 
38 5.564621 0.000000 10.088100 98.218155 0.000056 -18.626622 0.000624 
39 2.997996 0.000000 -2.511790 98.587096 0.001765 -17.615354 -0.002972 
40 0.431370 0.000000 -2.511790 98.860229 0.006629 -18.184454 -0.010402 
41 2.997996 0.000000 -5.031768 98.395751 0.002063 -18.364337 -0.001897 
42 5.564621 0.000000 -2.511790 98.515535 0.000778 -17.376424 -0.000725 
43 2.997996 0.000000 0.008188 98.466674 0.001411 -16.742246 0.002401 
44 -4.701881 0.000000 5.048144 98.189615 0.000301 -18.698453 0.000917 
45 -9.835133 0.000000 5.048144 98.227187 -0.000042 -18.697916 0.000181 
46 -4.701881 0.000000 10.088100 98.213301 0.000002 -18.679952 0.000521 
47 -2.135256 0.000000 -2.511790 98.481904 0.002404 -18.739231 -0.004984 
48 -4.701881 0.000000 -2.511790 98.302897 -0.000018 -18.732653 -0.001437 
49 -2.135256 0.000000 -5.031768 98.366393 0.000113 -18.651896 -0.002384 
50 -2.135256 0.000000 0.008188 98.246304 0.000620 -19.010371 -0.001373 
51 2.997996 0.000000 2.528166 98.130550 0.000507 -17.961965 0.004776 
52 0.431370 0.000000 2.528166 97.769868 -0.002389 -18.274162 0.010711 
53 5.564621 0.000000 2.528166 98.275390 -0.001206 -18.090415 0.001468 
54 2.997996 0.000000 5.048144 98.158548 0.000341 -18.466382 0.002389 
55 1.714683 0.000000 -1.251801 99.010376 -0.000942 -16.712690 -0.008237 
56 0.431370 0.000000 -1.251801 99.948040 0.014643 -17.491535 -0.029556 
57 1.714683 0.000000 -2.511790 98.750646 0.002590 -17.783568 -0.006795 
58 2.997996 0.000000 -1.251801 98.691428 -0.000536 -16.744464 -0.002038 
59 1.714683 0.000000 0.008188 98.153007 0.021120 -17.070031 0.007460 
60 -2.135256 0.000000 2.528166 98.039774 -0.001307 -18.741790 0.003695 
61 -4.701881 0.000000 2.528166 98.191505 0.000051 -18.734058 0.000746 
62 -2.135256 0.000000 5.048144 98.139441 0.000219 -18.663909 0.002031 
63 -0.851943 0.000000 -1.251801 99.093614 0.002764 -18.958738 -0.017898 
64 -2.135256 0.000000 -1.251801 98.479410 0.001474 -18.901596 -0.005546 
65 -0.851943 0.000000 -2.511790 98.714036 0.001609 -18.600403 -0.009044 
66 -0.851943 0.000000 0.008188 98.097429 -0.001355 -19.876383 -0.001818 
67 1.714683 0.000000 1.268177 97.799448 0.010367 -17.032570 0.014516 
68 0.431370 0.000000 1.268177 97.082107 0.008261 -17.663461 0.026307 
69 2.997996 0.000000 1.268177 98.225974 -0.000306 -17.221936 0.005506 
70 1.714683 0.000000 2.528166 97.922998 0.000890 -17.988784 0.008749 
71 1.073026 0.000000 -0.621806 99.563786 0.026729 -15.524450 -0.015396 
72 0.431370 0.000000 -0.621806 101.594986 0.034132 -15.691156 -0.056775 
73 1.073026 0.000000 -1.251801 99.464750 0.016574 -16.830300 -0.017650 
74 1.714683 0.000000 -0.621806 98.838255 -0.001555 -16.314544 -0.003517 
75 1.073026 0.000000 0.008188 97.590779 0.058369 -17.304233 0.017660 
76 -0.851943 0.000000 1.268177 97.481407 0.001760 -18.890239 0.014053 
77 -2.135256 0.000000 1.268177 98.033138 -0.000006 -18.890492 0.003265 
78 -0.851943 0.000000 2.528166 97.850805 -0.000975 -18.616880 0.007863 
79 -0.210286 0.000000 -0.621806 101.039696 0.031996 -19.433152 -0.058667 
80 -0.851943 0.000000 -0.621806 98.948391 0.010359 -19.417968 -0.016784 
81 -0.210286 0.000000 -1.251801 99.811615 0.005144 -18.537432 -0.030599 
82 -0.210286 0.000000 0.008188 96.073812 -0.008495 -25.438083 0.012273 
83 1.073026 0.000000 0.638183 97.131702 0.008274 -15.962901 0.031062 
84 0.431370 0.000000 0.638183 96.201199 0.019961 -16.425145 0.047554 
85 1.714683 0.000000 0.638183 97.913580 0.006877 -16.275324 0.014804 
86 1.073026 0.000000 1.268177 97.327429 0.000389 -17.114942 0.023445 
87 0.752198 0.000000 -0.306809 99.133166 0.047574 -14.475858 -0.003694 
88 0.431370 0.000000 -0.306809 102.441361 0.101470 -11.933991 -0.063666 
89 0.752198 0.000000 -0.621806 100.126350 0.024557 -15.455814 -0.026417 
90 1.073026 0.000000 -0.306809 98.686034 0.005805 -16.054605 0.000332 
91 0.752198 0.000000 0.008188 96.396516 0.122640 -16.818945 0.042482 
92 -0.210286 0.000000 0.638183 95.648930 0.012703 -18.822108 0.049701 
93 -0.851943 0.000000 0.638183 97.488742 -0.005869 -19.232216 0.012607 
94 -0.210286 0.000000 1.268177 97.058740 -0.006525 -18.444741 0.023939 
95 0.110542 0.000000 -0.306809 106.758731 0.027287 -16.764619 -0.167848 
96 -0.210286 0.000000 -0.306809 101.916341 -0.015483 -21.992503 -0.087061 
97 0.110542 0.000000 -0.621806 102.285765 0.031734 -17.722453 -0.077646 
98 0.110542 0.000000 0.008188 21.037324 -8.242318 -1.966001 0.948563 
99 0.752198 0.000000 0.323185 96.755156 0.028866 -15.749275 0.039040 
100 0.431370 0.000000 0.323185 95.733148 0.085366 -14.590558 0.062227 
101 1.073026 0.000000 0.323185 97.378999 0.028595 -15.742220 0.026951 
102 0.752198 0.000000 0.638183 96.680829 0.027984 -16.149601 0.039201 
103 0.591784 0.000000 -0.149310 97.800136 0.090354 -12.455964 0.027997 
104 0.431370 0.000000 -0.149310 100.369775 0.114214 -8.364701 -0.014407 
105 0.591784 0.000000 -0.306809 100.061336 0.071825 -13.231245 -0.018734 
106 0.752198 0.000000 -0.149310 97.753332 0.052773 -15.279142 0.021083 
107 0.591784 0.000000 0.008188 74.337016 1.436513 -13.117072 0.429989 
108 0.110542 0.000000 0.323185 92.320525 0.064571 -14.758017 0.125912 
109 -0.210286 0.000000 0.323185 94.097041 0.017633 -20.015934 0.074511 
110 0.110542 0.000000 0.638183 95.480148 0.015108 -17.319266 0.058358 
111 0.270956 0.000000 -0.149310 106.166756 0.092617 -6.527263 -0.131399 
112 0.110542 0.000000 -0.149310 114.373989 0.094843 -14.567351 -0.329363 
113 0.270956 0.000000 -0.306809 104.948723 0.057191 -12.999763 -0.118323 
114 0.270956 0.000000 0.008188 100.260574 0.106024 1.634740 -0.005487 
115 0.591784 0.000000 0.165687 96.432278 0.108550 -16.483331 0.042910 
116 0.431370 0.000000 0.165687 97.933245 0.181974 -15.100625 0.018102 
117 0.752198 0.000000 0.165687 96.523715 0.073387 -15.742917 0.043533 
118 0.591784 0.000000 0.323185 96.372089 0.080567 -15.484710 0.047264 
119 0.511577 0.000000 -0.070561 95.756924 0.135827 -9.335479 0.074344 
120 0.431370 0.000000 -0.070561 97.907079 0.162566 -6.235988 0.037529 
121 0.511577 0.000000 -0.149310 98.497875 0.132811 -10.675263 0.018419 
122 0.591784 0.000000 -0.070561 95.280020 0.095540 -12.792475 0.075806 
123 0.511577 0.000000 0.008188 95.564008 1.245384 -13.496485 0.068381 
124 15.831124 0.000000 -5.031768 98.423090 0.000591 -17.725990 -0.000132 
125 15.831124 0.000000 -10.071724 98.272854 0.000063 -18.530609 -0.000094 
126 20.964375 0.000000 -5.031768 98.527494 -0.000172 -17.169536 -0.000246 
127 15.831124 0.000000 0.008188 98.372880 -0.000895 -17.961388 0.000016 
128 8.131247 0.000000 -2.511790 98.547108 -0.000476 -17.096294 -0.000382 
129 8.131247 0.000000 -5.031768 98.351847 0.000218 -18.183249 -0.000372 
130 10.697873 0.000000 -2.511790 98.574030 -0.006243 -16.928643 -0.000342 
131 8.131247 0.000000 0.008188 98.506953 -0.002494 -17.195524 0.000069 
132 4.281308 0.000000 -1.251801 98.609645 -0.005668 -16.828055 -0.000705 
133 4.281308 0.000000 -2.511790 98.525525 0.001232 -17.500380 -0.001354 
134 5.564621 0.000000 -1.251801 98.514538 -0.017320 -17.243573 -0.000246 
135 4.281308 0.000000 0.008188 98.545834 -0.001993 -16.728687 0.000887 
136 2.356339 0.000000 -0.621806 98.590020 -0.015099 -16.932195 -0.000669 
137 2.356339 0.000000 -1.251801 98.773709 0.001549 -16.755306 -0.003699 
138 2.997996 0.000000 -0.621806 98.381882 -0.017784 -17.847354 0.000248 
139 2.356339 0.000000 0.008188 98.361216 0.007613 -16.891463 0.003975 
140 1.393855 0.000000 -0.306809 98.444644 0.004741 -17.066884 0.001737 
141 1.393855 0.000000 -0.621806 99.029797 0.007832 -16.039250 -0.006416 
142 1.714683 0.000000 -0.306809 98.255437 -0.006098 -18.118301 0.001760 
143 1.393855 0.000000 0.008188 97.948379 0.036090 -17.221844 0.010952 
144 0.912612 0.000000 -0.149310 97.869272 0.027769 -16.854130 0.013754 
145 0.912612 0.000000 -0.306809 98.832332 0.035942 -15.439689 -0.000622 
146 1.073026 0.000000 -0.149310 97.941349 -0.006175 -17.740960 0.009275 
147 0.912612 0.000000 0.008188 97.194165 0.091949 -17.384103 0.025108 
148 0.671991 0.000000 -0.070561 96.231852 0.061936 -15.568843 0.049704 
149 0.671991 0.000000 -0.149310 97.639174 0.060756 -14.255761 0.026336 
150 0.752198 0.000000 -0.070561 96.892464 0.027542 -16.418847 0.034227 
151 0.671991 0.000000 0.008188 95.456460 0.092391 -16.800941 0.060578 
152 0.270956 0.000000 0.165687 97.861471 0.131805 -10.472956 0.031343 
153 0.110542 0.000000 0.165687 89.965484 0.137881 -7.524022 0.184958 
154 0.270956 0.000000 0.323185 94.753480 0.113815 -13.840214 0.083021 
155 0.511577 0.000000 0.086937 97.653744 0.183360 -18.752994 0.011204 
156 0.431370 0.000000 0.086937 103.160920 0.428265 -22.328423 -0.114092 
157 0.591784 0.000000 0.086937 95.625297 0.137394 -17.613980 0.054553 
158 0.511577 0.000000 0.165687 96.849822 0.137657 -15.686498 0.037403 
159 0.551681 0.000000 -0.031187 92.984572 0.118481 -10.727425 0.123878 
160 0.511577 0.000000 -0.031187 93.632209 0.118315 -9.211124 0.114815 
161 0.551681 0.000000 -0.070561 95.245370 0.111492 -10.898657 0.080953 
162 0.591784 0.000000 -0.031187 93.181397 0.113520 -13.790935 0.112702 
163 0.551681 0.000000 0.008188 86.124957 2.365239 -18.308865 0.224168 
164 15.831124 0.000000 5.048144 98.256785 -0.000024 -18.548668 0.000155 
165 20.964375 0.000000 5.048144 98.255350 -0.000025 -18.576960 0.000078 
166 15.831124 0.000000 10.088100 98.240121 0.000016 -18.631982 0.000173 
167 8.131247 0.000000 2.528166 98.297175 -0.000380 -18.209486 0.000608 
168 10.697873 0.000000 2.528166 98.296210 -0.000219 -18.297502 0.000306 
169 8.131247 0.000000 5.048144 98.242345 0.000002 -18.482388 0.000684 
170 4.281308 0.000000 1.268177 98.346454 -0.001453 -17.441524 0.002377 
171 5.564621 0.000000 1.268177 98.377839 -0.001041 -17.619502 0.001135 
172 4.281308 0.000000 2.528166 98.232707 0.000059 -18.021258 0.002557 
173 2.356339 0.000000 0.638183 98.230875 0.004287 -16.552354 0.007671 
174 2.997996 0.000000 0.638183 98.364077 -0.000955 -16.740862 0.004425 
175 2.356339 0.000000 1.268177 98.094739 0.002422 -17.141045 0.008361 
176 1.393855 0.000000 0.323185 97.814368 0.012428 -15.920483 0.017889 
177 1.714683 0.000000 0.323185 98.074783 0.008141 -16.109567 0.012182 
178 1.393855 0.000000 0.638183 97.647621 0.015987 -16.173881 0.020335 
179 0.912612 0.000000 0.165687 97.146401 0.062342 -16.121616 0.030267 
180 1.073026 0.000000 0.165687 97.505213 0.035661 -16.034947 0.023561 
181 0.912612 0.000000 0.323185 97.135364 0.034699 -15.836643 0.031392 
182 0.671991 0.000000 0.086937 95.873816 0.097986 -16.624296 0.053183 
183 0.752198 0.000000 0.086937 96.408520 0.088031 -16.165989 0.044405 
184 0.671991 0.000000 0.165687 96.327341 0.092566 -16.139174 0.046056 
185 0.631888 0.000000 -0.031187 94.784502 0.098793 -15.450709 0.077716 
186 0.631888 0.000000 -0.070561 95.740231 0.068686 -14.567944 0.062158 
187 0.671991 0.000000 -0.031187 95.699401 0.080409 -16.173044 0.058005 
188 0.631888 0.000000 0.008188 94.424810 0.107031 -16.648489 0.080677 
189 0.551681 0.000000 0.047563 95.572827 0.211201 -20.100220 0.046177 
190 0.511577 0.000000 0.047563 99.013340 1.044945 -27.607058 -0.056688 
191 0.591784 0.000000 0.047563 94.351122 0.159597 -18.312817 0.076248 
192 0.551681 0.000000 0.086937 96.260319 0.165044 -17.962686 0.041127 
193 0.571732 0.000000 -0.011499 78.206664 1.829838 -13.572746 0.369615 
194 0.551681 0.000000 -0.011499 83.623432 2.152886 -12.153778 0.285477 
195 0.571732 0.000000 -0.031187 92.638878 0.120512 -12.263994 0.126762 
196 0.591784 0.000000 -0.011499 91.853746 0.135595 -14.921835 0.134021 
197 0.571732 0.000000 0.008188 76.590921 1.673546 -13.818830 0.394007 
198 0.351163 0.000000 -0.070561 100.868093 0.223268 -3.043831 -0.018369 
199 0.270956 0.000000 -0.070561 103.576632 0.084374 0.047160 -0.072813 
200 0.351163 0.000000 -0.149310 103.000735 0.165816 -6.813511 -0.065560 
201 0.351163 0.000000 0.008188 100.841401 0.184653 -2.042157 -0.017319 
202 0.471473 0.000000 -0.031187 96.202654 0.629731 -1.386620 0.074273 
203 0.431370 0.000000 -0.031187 97.988197 0.398266 -0.131943 0.039814 
204 0.471473 0.000000 -0.070561 96.693051 0.112069 -7.745851 0.059044 
205 0.471473 0.000000 0.008188 97.595149 0.638132 -8.449716 0.040338 
206 0.531629 0.000000 -0.011499 91.635485 1.888545 -8.008082 0.153524 
207 0.511577 0.000000 -0.011499 94.730214 1.135734 -5.438606 0.099532 
208 0.531629 0.000000 -0.031187 93.335945 0.107887 -10.253660 0.118325 
209 0.531629 0.000000 0.008188 91.924754 1.840823 -16.957738 0.125889 
210 0.631888 0.000000 0.047563 94.982718 0.123134 -17.256579 0.068048 
211 0.671991 0.000000 0.047563 95.591109 0.105776 -16.923361 0.057593 
212 0.631888 0.000000 0.086937 95.647731 0.110357 -17.113587 0.055862 
213 0.571732 0.000000 0.027875 93.039535 0.211499 -20.631118 0.091796 
214 0.551681 0.000000 0.027875 85.717217 2.187522 -26.624876 0.193889 
215 0.591784 0.000000 0.027875 93.126045 0.157294 -18.399002 0.098899 
216 0.571732 0.000000 0.047563 94.608017 0.186165 -19.502950 0.066892 
217 0.561706 0.000000 -0.001656 79.567966 1.859929 -13.126615 0.349317 
218 0.551681 0.000000 -0.001656 85.315706 2.372922 -11.198943 0.259018 
219 0.561706 0.000000 -0.011499 80.585509 1.946409 -11.495273 0.337005 
220 0.571732 0.000000 -0.001656 76.415306 1.644560 -13.284999 0.398151 
221 0.561706 0.000000 0.008188 80.860310 1.982118 -14.797886 0.323870 
222 -14.968384 0.000000 -5.031768 98.245150 -0.000034 -18.692310 -0.000151 
223 -20.101635 0.000000 -5.031768 98.241847 -0.000021 -18.689718 -0.000077 
224 -14.968384 0.000000 -10.071724 98.246802 -0.000025 -18.688773 -0.000170 
225 -14.968384 0.000000 0.008188 98.240194 -0.000036 -18.694358 -0.000061 
226 -7.268507 0.000000 -2.511790 98.263230 -0.000088 -18.713275 -0.000585 
227 -9.835133 0.000000 -2.511790 98.250641 -0.000071 -18.702804 -0.000298 
228 -7.268507 0.000000 -5.031768 98.270139 -0.000079 -18.699273 -0.000668 
229 -7.268507 0.000000 0.008188 98.243416 -0.000074 -18.721173 -0.000225 
230 -3.418569 0.000000 -1.251801 98.327221 -0.000004 -18.797174 -0.002158 
231 -4.701881 0.000000 -1.251801 98.282340 -0.000030 -18.755122 -0.001117 
232 -3.418569 0.000000 -2.511790 98.356355 0.000028 -18.743063 -0.002527 
233 -3.418569 0.000000 0.008188 98.249541 0.000011 -18.825570 -0.000737 
234 -1.493599 0.000000 -0.621806 98.571233 -0.000486 -19.247443 -0.008675 
235 -2.135256 0.000000 -0.621806 98.393386 0.002823 -18.996840 -0.004214 
236 -1.493599 0.000000 -1.251801 98.674097 -0.003248 -18.962134 -0.009614 
237 -1.493599 0.000000 0.008188 98.226908 0.000150 -19.364411 -0.002351 
238 -0.531115 0.000000 -0.306809 99.317826 0.005329 -20.703548 -0.029267 
239 -0.851943 0.000000 -0.306809 98.634173 0.006752 -19.746205 -0.011861 
240 -0.531115 0.000000 -0.621806 99.700782 0.009346 -19.728446 -0.032946 
241 -0.531115 0.000000 0.008188 97.833415 0.000608 -21.039361 -0.001403 
242 -0.049872 0.000000 -0.149310 106.929686 0.096542 -25.762615 -0.209768 
243 -0.210286 0.000000 -0.149310 100.572146 0.000572 -24.432607 -0.071171 
244 -0.049872 0.000000 -0.306809 104.567230 0.028343 -20.739196 -0.136442 
245 -0.049872 0.000000 0.008188 86.273818 0.128492 -40.559212 0.091176 
246 0.190749 0.000000 -0.070561 114.816861 -0.085826 11.141152 -0.330704 
247 0.110542 0.000000 -0.070561 122.723149 -0.101881 -19.954797 -0.545918 
248 0.190749 0.000000 -0.149310 111.204687 0.097815 -8.041922 -0.243116 
249 0.190749 0.000000 0.008188 95.961403 -0.491070 4.282262 0.077283 
250 0.351163 0.000000 0.086937 104.423751 0.208699 -15.540226 -0.114586 
251 0.270956 0.000000 0.086937 103.938979 0.291460 -9.030536 -0.088495 
252 0.351163 0.000000 0.165687 98.382367 0.222562 -12.927767 0.015373 
253 0.311059 0.000000 -0.031187 100.535306 0.140192 2.626034 -0.011426 
254 0.270956 0.000000 -0.031187 99.781706 0.073082 3.134095 0.003378 
255 0.311059 0.000000 -0.070561 102.122852 0.112838 -2.123635 -0.043360 
256 0.351163 0.000000 -0.031187 99.972744 0.177024 1.917536 0.000174 
257 0.311059 0.000000 0.008188 101.172602 0.142284 -0.403943 -0.023608 
258 -14.968384 0.000000 5.048144 98.235092 -0.000027 -18.692657 0.000045 
259 -20.101635 0.000000 5.048144 98.237314 -0.000018 -18.689884 0.000012 
260 -14.968384 0.000000 10.088100 98.233064 -0.000016 -18.689363 0.000097 
261 -7.268507 0.000000 2.528166 98.223417 0.000022 -18.714115 0.000194 
262 -9.835133 0.000000 2.528166 98.232609 -0.000060 -18.703271 0.000054 
263 -7.268507 0.000000 5.048144 98.215715 -0.000046 -18.700976 0.000395 
264 -3.418569 0.000000 1.268177 98.174073 0.000100 -18.796055 0.000856 
265 -4.701881 0.000000 1.268177 98.211915 0.000016 -18.755420 0.000265 
266 -3.418569 0.000000 2.528166 98.146580 0.000157 -18.744775 0.001588 
267 -1.493599 0.000000 0.638183 97.914300 0.001317 -19.209329 0.004379 
268 -2.135256 0.000000 0.638183 98.106947 -0.001816 -18.985918 0.001456 
269 -1.493599 0.000000 1.268177 97.874142 0.002065 -18.902903 0.006333 
270 -0.531115 0.000000 0.323185 96.759705 0.001428 -20.204326 0.022934 
271 -0.851943 0.000000 0.323185 97.650565 -0.008056 -19.588863 0.008064 
272 -0.531115 0.000000 0.638183 96.762824 -0.009301 -19.353551 0.026240 
273 -0.049872 0.000000 0.165687 87.443848 0.080435 -18.776446 0.200101 
274 -0.210286 0.000000 0.165687 93.389422 -0.018644 -22.445981 0.077459 
275 -0.049872 0.000000 0.323185 91.927722 -0.009273 -18.160755 0.121948 
276 0.190749 0.000000 0.086937 100.739092 0.588344 1.979949 -0.015263 
277 0.110542 0.000000 0.086937 93.405649 0.795155 14.299839 0.107027 
278 0.190749 0.000000 0.165687 95.189925 0.150276 -7.723826 0.087920 
279 0.230852 0.000000 -0.031187 99.622356 0.058208 3.268178 0.006470 
280 0.190749 0.000000 -0.031187 79.959915 -0.425016 68.638875 -0.110506 
281 0.230852 0.000000 -0.070561 105.628906 0.005901 4.652216 -0.117911 
282 0.230852 0.000000 0.008188 94.553114 -0.180706 2.662583 0.105259 
283 0.030335 0.000000 -0.070561 123.358969 0.082716 -25.419158 -0.586358 
284 -0.049872 0.000000 -0.070561 106.058536 0.103843 -33.743601 -0.238705 
285 0.030335 0.000000 -0.149310 112.473477 0.093978 -21.705748 -0.312143 
286 0.030335 0.000000 0.008188 85.014143 1.154630 -10.196688 0.266729 
287 0.150645 0.000000 -0.031187 140.270328 -0.367302 -0.255564 -0.967597 
288 0.110542 0.000000 -0.031187 83.836033 -0.435073 -70.794018 -0.204046 
289 0.150645 0.000000 -0.070561 147.756515 -0.372430 -0.519068 -1.183240 
290 0.150645 0.000000 0.008188 15.710215 -7.916179 1.120560 0.968927 
291 0.230852 0.000000 0.047563 101.926446 0.444235 -1.916043 -0.039287 
292 0.190749 0.000000 0.047563 100.697346 0.593526 2.101860 -0.014473 
293 0.270956 0.000000 0.047563 103.213809 0.261733 -6.958786 -0.070158 
294 0.230852 0.000000 0.086937 102.238274 0.449355 -2.539414 -0.045932 
295 0.210801 0.000000 -0.011499 57.710398 -0.632770 19.102211 0.630422 
296 0.190749 0.000000 -0.011499 38.266418 -0.605869 45.464369 0.646831 
297 0.210801 0.000000 -0.031187 99.653356 0.060292 3.269232 0.005852 
298 0.230852 0.000000 -0.011499 93.726895 -0.233962 3.447894 0.120333 
299 0.210801 0.000000 0.008188 88.238569 -0.650867 3.906711 0.219827 
300 0.030335 0.000000 0.086937 73.639632 0.165541 -5.967789 0.454156 
301 -0.049872 0.000000 0.086937 81.926927 0.107040 -23.229708 0.274835 
302 0.030335 0.000000 0.165687 86.063332 0.112042 -12.477594 0.243740 
303 0.070438 0.000000 -0.031187 118.076677 0.098013 5.623074 -0.397373 
304 0.030335 0.000000 -0.031187 143.578982 0.886127 -11.049005 -1.073779 
305 0.070438 0.000000 -0.070561 121.797872 0.003972 -18.058461 -0.516083 
306 0.070438 0.000000 0.008188 112.871591 -0.070596 5.992517 -0.277591 
307 0.070438 0.000000 0.047563 75.848803 0.916560 23.743784 0.368235 
308 0.030335 0.000000 0.047563 53.782102 1.019476 25.076525 0.647761 
309 0.110542 0.000000 0.047563 87.723400 0.860787 18.243184 0.197105 
310 0.070438 0.000000 0.086937 81.680389 0.950853 22.416575 0.282491 
311 0.090490 0.000000 -0.011499 101.325102 -0.479957 7.008122 -0.031612 
312 0.070438 0.000000 -0.011499 119.107433 0.124418 4.415537 -0.420609 
313 0.090490 0.000000 -0.031187 106.254306 -0.284951 6.462195 -0.133182 
314 0.110542 0.000000 -0.011499 46.193529 -0.436525 -53.718048 0.498034 
315 0.090490 0.000000 0.008188 105.791447 -0.299945 6.495047 -0.123411 
316 -0.370701 0.000000 -0.149310 99.083246 -0.017336 -22.417274 -0.032002 
317 -0.531115 0.000000 -0.149310 98.652382 0.005648 -21.033649 -0.017471 
318 -0.370701 0.000000 -0.306809 100.113229 0.007074 -21.353018 -0.047861 
319 -0.370701 0.000000 0.008188 97.329980 0.008751 -22.532374 0.001917 
320 -0.130079 0.000000 -0.070561 99.770169 -0.057804 -28.436565 -0.076273 
321 -0.210286 0.000000 -0.070561 98.627537 -0.008653 -25.465669 -0.037589 
322 -0.130079 0.000000 -0.149310 102.632693 -0.033361 -25.606522 -0.118916 
323 -0.130079 0.000000 0.008188 94.110010 0.092064 -28.504663 0.033078 
324 -0.009769 0.000000 -0.031187 118.582432 0.156031 -51.509605 -0.671506 
325 -0.049872 0.000000 -0.031187 100.075176 0.117129 -40.503177 -0.165556 
326 -0.009769 0.000000 -0.070561 115.233041 0.108265 -33.807400 -0.442161 
327 -0.009769 0.000000 0.008188 56.289290 1.678873 -63.991093 0.273384 
328 -0.370701 0.000000 0.165687 96.034688 -0.002231 -21.534052 0.031362 
329 -0.531115 0.000000 0.165687 97.123656 0.004952 -20.727989 0.013735 
330 -0.370701 0.000000 0.323185 95.903444 0.013773 -20.214938 0.039389 
331 -0.130079 0.000000 0.086937 90.676558 -0.003092 -24.864177 0.115953 
332 -0.210286 0.000000 0.086937 94.181557 -0.025325 -23.924998 0.055743 
333 -0.130079 0.000000 0.165687 90.939708 0.016727 -21.634807 0.126190 
334 -0.009769 0.000000 0.047563 62.258902 0.178321 -23.630009 0.556542 
335 -0.049872 0.000000 0.047563 79.934636 0.123257 -30.300167 0.269234 
336 -0.009769 0.000000 0.086937 75.397595 0.135416 -17.097407 0.402286 
337 0.010283 0.000000 -0.011499 113.304900 1.545823 -60.321784 -0.647911 
338 -0.009769 0.000000 -0.011499 91.851178 1.742832 -82.488193 -0.524398 
339 0.010283 0.000000 -0.031187 142.585024 1.376429 -49.443565 -1.277705 
340 0.030335 0.000000 -0.011499 143.370487 0.995141 -19.245070 -1.092646 
341 0.010283 0.000000 0.008188 44.163237 1.511932 -37.727651 0.662395 
342 -0.089976 0.000000 -0.031187 97.411886 0.097159 -33.014697 -0.057906 
343 -0.130079 0.000000 -0.031187 97.075757 0.091963 -28.975813 -0.026331 
344 -0.089976 0.000000 -0.070561 101.589699 0.094151 -30.896811 -0.127509 
345 -0.089976 0.000000 0.008188 91.832887 0.097289 -32.399412 0.051699 
346 -0.029821 0.000000 -0.011499 94.562196 0.152153 -53.112979 -0.176302 
347 -0.049872 0.000000 -0.011499 93.598754 0.124333 -42.340299 -0.055344 
348 -0.029821 0.000000 -0.031187 105.227611 0.130046 -46.604692 -0.324486 
349 -0.029821 0.000000 0.008188 78.787513 0.166244 -50.043429 0.128816 
350 0.010283 0.000000 0.027875 19.999421 1.287288 3.736572 0.958440 
351 -0.009769 0.000000 0.027875 1.173722 1.548149 -30.311820 0.907742 
352 0.030335 0.000000 0.027875 44.308896 1.075898 22.401807 0.753372 
353 0.010283 0.000000 0.047563 54.676895 0.265355 -10.364305 0.690295 
354 0.000257 0.000000 -0.001656 66.702167 1.782221 -82.361467 -0.123577 
355 -0.009769 0.000000 -0.001656 61.385328 1.687035 -66.482611 0.180906 
356 0.000257 0.000000 -0.011499 100.768960 1.621851 -68.477625 -0.484620 
357 0.010283 0.000000 -0.001656 94.976429 1.569289 -58.918754 -0.249440 
358 0.000257 0.000000 0.008188 21.601531 1.633211 -49.943372 0.703637 
359 0.050386 0.000000 0.027875 64.607195 0.982441 24.994187 0.520024 
360 0.050386 0.000000 0.008188 132.843787 0.555963 1.261187 -0.764937 
361 0.070438 0.000000 0.027875 73.152038 0.959487 24.356130 0.405464 
362 0.050386 0.000000 0.047563 65.969611 0.977050 25.050421 0.501953 
363 0.311059 0.000000 0.047563 103.581534 0.190383 -9.068635 -0.081141 
364 0.351163 0.000000 0.047563 103.908671 0.221072 -13.686529 -0.098438 
365 0.311059 0.000000 0.086937 104.547147 0.217477 -12.688948 -0.109116 
366 0.471473 0.000000 0.047563 101.812736 0.531998 -24.586283 -0.097060 
367 0.431370 0.000000 0.047563 102.541292 0.422488 -20.655520 -0.094155 
368 0.471473 0.000000 0.086937 98.925697 0.217322 -18.003595 -0.011047 
369 0.531629 0.000000 0.027875 95.276553 1.724845 -28.045888 0.013283 
370 0.511577 0.000000 0.027875 98.376258 1.077046 -24.428339 -0.027579 
371 0.531629 0.000000 0.047563 96.974021 0.234342 -21.034632 0.015353 
372 -4.701881 0.000000 -15.111679 98.256886 -0.000014 -18.676756 -0.000324 
373 -9.835133 0.000000 -15.111679 98.250759 -0.000019 -18.683743 -0.000229 
374 -4.701881 0.000000 -20.151635 98.249815 -0.000008 -18.678923 -0.000193 
375 0.431370 0.000000 -15.111679 98.261038 0.000000 -18.663801 -0.000357 
376 -2.135256 0.000000 -7.551746 98.309300 -0.000345 -18.652901 -0.001265 
377 -4.701881 0.000000 -7.551746 98.285771 -0.000048 -18.679556 -0.000902 
378 -2.135256 0.000000 -10.071724 98.282182 -0.000011 -18.660462 -0.000760 
379 0.431370 0.000000 -7.551746 98.324738 0.000093 -18.603967 -0.001386 
380 -0.851943 0.000000 -3.771779 98.497959 0.001789 -18.575601 -0.004690 
381 -2.135256 0.000000 -3.771779 98.415385 0.000175 -18.669041 -0.003412 
382 -0.851943 0.000000 -5.031768 98.402690 0.000227 -18.596088 -0.002890 
383 0.431370 0.000000 -3.771779 98.560637 -0.000404 -18.411779 -0.005319 
384 -0.210286 0.000000 -1.881795 99.127580 -0.005339 -18.399710 -0.016483 
385 -0.851943 0.000000 -1.881795 98.851820 0.000259 -18.670516 -0.012027 
386 -0.210286 0.000000 -2.511790 98.828429 0.002500 -18.421037 -0.010639 
387 0.431370 0.000000 -1.881795 99.220071 -0.004800 -17.953126 -0.016694 
388 0.110542 0.000000 -0.936804 100.713420 0.022719 -17.898886 -0.046356 
389 -0.210286 0.000000 -0.936804 100.166395 0.033212 -18.733952 -0.038427 
390 0.110542 0.000000 -1.251801 99.956955 0.012593 -18.032894 -0.031658 
391 0.431370 0.000000 -0.936804 100.641514 0.021520 -16.934395 -0.041549 
392 0.270956 0.000000 -0.464308 103.371612 0.040217 -15.480834 -0.092535 
393 0.110542 0.000000 -0.464308 103.913232 0.019454 -17.473839 -0.110330 
394 0.270956 0.000000 -0.621806 102.098764 0.061284 -16.583941 -0.069919 
395 0.431370 0.000000 -0.464308 101.932577 0.047629 -14.515683 -0.060096 
396 0.190749 0.000000 -0.228060 107.969662 0.098675 -12.619356 -0.181671 
397 0.110542 0.000000 -0.228060 109.090548 0.092418 -16.052291 -0.215843 
398 0.190749 0.000000 -0.306809 106.287631 0.054193 -14.534779 -0.150832 
399 0.270956 0.000000 -0.228060 106.125046 0.109355 -10.322467 -0.136909 
400 0.150645 0.000000 -0.109936 118.117206 0.043259 -7.868009 -0.401358 
401 0.110542 0.000000 -0.109936 118.740832 0.051730 -14.137855 -0.429927 
402 0.150645 0.000000 -0.149310 113.464245 0.091335 -10.880374 -0.299253 
403 0.190749 0.000000 -0.109936 113.459992 0.057248 -2.889310 -0.288152 
404 0.130593 0.000000 -0.050874 136.551208 -0.371464 -36.314650 -0.996512 
405 0.110542 0.000000 -0.050874 110.388813 -0.386196 -63.080584 -0.616500 
406 0.130593 0.000000 -0.070561 132.285565 -0.370341 -47.370390 -0.974356 
407 0.150645 0.000000 -0.050874 142.126049 -0.368387 0.268299 -1.020002 
408 0.130593 0.000000 -0.031187 122.938457 -0.382064 -46.963315 -0.731956 
409 -0.049872 0.000000 -0.464308 103.018121 -0.004585 -19.374399 -0.098810 
410 -0.210286 0.000000 -0.464308 101.661802 0.020648 -20.386051 -0.075071 
411 -0.049872 0.000000 -0.621806 101.967375 0.034504 -18.826423 -0.075178 
412 0.030335 0.000000 -0.228060 108.076293 0.090592 -19.789406 -0.207211 
413 -0.049872 0.000000 -0.228060 105.770983 -0.027993 -22.416585 -0.169000 
414 0.030335 0.000000 -0.306809 106.115299 0.003329 -19.100443 -0.162528 
415 0.070438 0.000000 -0.109936 118.037623 0.077424 -18.606471 -0.427909 
416 0.030335 0.000000 -0.109936 116.315740 0.091128 -23.502126 -0.408171 
417 0.070438 0.000000 -0.149310 114.007603 0.089308 -18.275390 -0.333173 
418 0.090490 0.000000 -0.050874 115.159552 -0.207350 -20.520672 -0.368286 
419 0.070438 0.000000 -0.050874 121.836689 -0.080157 -15.034998 -0.507024 
420 0.090490 0.000000 -0.070561 120.486622 -0.057068 -18.498615 -0.485923 
421 0.150645 0.000000 0.047563 96.464463 0.754791 9.423164 0.060524 
422 0.150645 0.000000 0.086937 96.659252 0.745679 9.115265 0.057334 
423 0.130593 0.000000 -0.011499 132.285565 -0.370341 -47.370390 -0.974356 
424 0.150645 0.000000 -0.011499 147.756515 -0.372430 -0.519068 -1.183240 
425 0.130593 0.000000 0.008188 16.917221 -7.909007 -1.949966 0.964745 
426 0.120568 0.000000 -0.041030 112.166145 -0.378696 -62.002438 -0.642569 
427 0.110542 0.000000 -0.041030 98.073367 -0.407983 -66.995681 -0.410697 
428 0.120568 0.000000 -0.050874 118.833268 -0.379978 -51.682296 -0.679255 
429 0.130593 0.000000 -0.041030 125.355274 -0.378643 -46.364982 -0.786380 
430 0.120568 0.000000 -0.031187 104.336660 -0.402855 -59.218374 -0.439312 
431 0.170697 0.000000 -0.050874 132.912061 -0.355887 35.499544 -0.892596 
432 0.170697 0.000000 -0.070561 128.643732 -0.351305 45.324122 -0.860361 
433 0.190749 0.000000 -0.050874 106.330037 -0.369334 60.549409 -0.497244 
434 0.170697 0.000000 -0.031187 115.399380 -0.368080 48.502652 -0.566966 
435 2.035511 0.000000 -0.306809 98.009105 0.028232 -19.405263 0.001765 
436 2.035511 0.000000 -0.621806 98.692644 -0.010132 -16.619126 -0.001643 
437 2.356339 0.000000 -0.306809 97.972810 0.111707 -19.619237 0.001640 
438 2.035511 0.000000 0.008188 98.276689 0.011710 -17.068953 0.005034 
439 5.564621 0.000000 -15.111679 98.260004 0.000014 -18.649314 -0.000283 
440 5.564621 0.000000 -20.151635 98.251178 0.000004 -18.666804 -0.000174 
441 10.697873 0.000000 -15.111679 98.256690 0.000020 -18.637968 -0.000175 
442 15.831124 0.000000 -15.111679 98.254555 0.000021 -18.628666 -0.000098 
443 15.831124 0.000000 -20.151635 98.248555 0.000009 -18.656978 -0.000086 
444 20.964375 0.000000 -15.111679 98.254209 0.000020 -18.618847 -0.000055 
445 -14.968384 0.000000 -15.111679 98.246109 -0.000017 -18.686246 -0.000147 
446 -20.101635 0.000000 -15.111679 98.243288 -0.000014 -18.686847 -0.000094 
447 -14.968384 0.000000 -20.151635 98.244774 -0.000011 -18.684962 -0.000116 
448 2.997996 0.000000 -7.551746 98.320055 -0.000324 -18.550333 -0.001095 
449 2.997996 0.000000 -10.071724 98.287148 0.000044 -18.613919 -0.000684 
450 5.564621 0.000000 -7.551746 98.306675 0.000024 -18.509440 -0.000680 
451 8.131247 0.000000 -7.551746 98.297701 0.000132 -18.477338 -0.000385 
452 8.131247 0.000000 -10.071724 98.276527 0.000062 -18.577074 -0.000338 
453 10.697873 0.000000 -7.551746 98.295318 0.000132 -18.444791 -0.000218 
454 -7.268507 0.000000 -7.551746 98.267651 -0.000053 -18.689140 -0.000582 
455 -9.835133 0.000000 -7.551746 98.256586 -0.000046 -18.691388 -0.000372 
456 -7.268507 0.000000 -10.071724 98.262498 -0.000035 -18.683934 -0.000461 
457 1.714683 0.000000 -3.771779 98.535807 0.002822 -18.239555 -0.004199 
458 1.714683 0.000000 -5.031768 98.417084 0.002110 -18.432684 -0.002569 
459 2.997996 0.000000 -3.771779 98.470270 0.000801 -18.126068 -0.002495 
460 4.281308 0.000000 -3.771779 98.431763 0.000413 -18.044273 -0.001441 
461 4.281308 0.000000 -5.031768 98.374120 0.001278 -18.312844 -0.001283 
462 5.564621 0.000000 -3.771779 98.414409 0.001783 -17.970436 -0.000833 
463 -3.418569 0.000000 -3.771779 98.348878 0.000043 -18.702929 -0.002230 
464 -4.701881 0.000000 -3.771779 98.307276 -0.000004 -18.710466 -0.001440 
465 -3.418569 0.000000 -5.031768 98.330244 0.000040 -18.681741 -0.001784 
466 1.073026 0.000000 -1.881795 99.092942 -0.003292 -17.563685 -0.012789 
467 1.073026 0.000000 -2.511790 98.837952 0.003072 -17.952318 -0.009123 
468 1.714683 0.000000 -1.881795 98.869638 0.002599 -17.371542 -0.007698 
469 2.356339 0.000000 -1.881795 98.750849 0.002974 -17.243613 -0.004907 
470 2.356339 0.000000 -2.511790 98.675165 0.008836 -17.663816 -0.004880 
471 2.997996 0.000000 -1.881795 98.670397 0.007191 -17.169793 -0.003065 
472 -1.493599 0.000000 -1.881795 98.650834 0.002170 -18.788981 -0.008501 
473 -2.135256 0.000000 -1.881795 98.503870 0.007119 -18.812046 -0.005691 
474 -1.493599 0.000000 -2.511790 98.592689 0.009950 -18.702392 -0.007030 
475 0.752198 0.000000 -0.936804 100.042817 0.056717 -16.427158 -0.027842 
476 0.752198 0.000000 -1.251801 99.749102 0.020848 -17.066876 -0.024116 
477 1.073026 0.000000 -0.936804 99.508179 0.007197 -16.319093 -0.016819 
478 1.393855 0.000000 -0.936804 99.234488 0.014295 -16.287622 -0.011277 
479 1.393855 0.000000 -1.251801 99.209825 0.005925 -16.732129 -0.012255 
480 1.714683 0.000000 -0.936804 98.996870 0.003360 -16.377814 -0.006861 
481 -0.531115 0.000000 -0.936804 99.466754 0.018524 -19.044377 -0.025632 
482 -0.851943 0.000000 -0.936804 99.147662 0.008496 -19.216940 -0.019955 
483 -0.531115 0.000000 -1.251801 99.410401 0.011588 -18.827006 -0.023688 
484 0.591784 0.000000 -0.464308 100.713483 0.007040 -14.405200 -0.035072 
485 0.591784 0.000000 -0.621806 100.716035 0.041800 -15.445066 -0.038227 
486 0.752198 0.000000 -0.464308 99.957499 0.027323 -14.746873 -0.020897 
487 0.912612 0.000000 -0.464308 99.481718 0.033846 -15.205085 -0.012781 
488 0.912612 0.000000 -0.621806 99.929121 0.015267 -15.369598 -0.022205 
489 1.073026 0.000000 -0.464308 99.285221 0.004282 -15.410842 -0.009505 
490 0.351163 0.000000 -0.228060 103.460164 0.090657 -10.152331 -0.080708 
491 0.351163 0.000000 -0.306809 103.547866 0.097712 -12.213543 -0.087134 
492 0.431370 0.000000 -0.228060 101.634512 0.123274 -10.495468 -0.043974 
493 2.035511 0.000000 -0.936804 98.846802 -0.002643 -16.473817 -0.004208 
494 2.035511 0.000000 -1.251801 98.880135 -0.000992 -16.713838 -0.005663 
495 2.356339 0.000000 -0.936804 98.740348 -0.001862 -16.593546 -0.002500 
496 2.035511 0.000000 0.323185 98.247563 0.006551 -16.361477 0.007972 
497 2.356339 0.000000 0.323185 98.334749 0.004316 -16.415871 0.006080 
498 2.035511 0.000000 0.638183 98.109167 0.007452 -16.430040 0.010465 
499 0.391266 0.000000 -0.031187 99.482340 0.207974 1.312403 0.010150 
500 0.391266 0.000000 -0.070561 99.331421 0.201655 -4.596293 0.011210 
501 0.391266 0.000000 0.008188 99.946016 0.289946 -3.645709 -0.000258 
502 -0.370701 0.000000 -0.464308 100.374798 0.023258 -20.365632 -0.048986 
503 -0.531115 0.000000 -0.464308 99.628430 0.011525 -20.160044 -0.033225 
504 -0.370701 0.000000 -0.621806 100.305570 0.012650 -19.676349 -0.044837 
505 -0.130079 0.000000 -0.228060 103.205626 0.035096 -23.162558 -0.118791 
506 -0.210286 0.000000 -0.228060 101.572881 -0.000885 -23.167055 -0.085376 
507 -0.130079 0.000000 -0.306809 103.422395 0.012104 -21.890264 -0.117538 
508 0.230852 0.000000 -0.109936 108.580463 0.082392 -2.377527 -0.179538 
509 0.230852 0.000000 -0.149310 108.525194 0.093073 -6.700242 -0.182262 
510 0.270956 0.000000 -0.109936 105.584654 0.099385 -3.403286 -0.115971 
511 0.391266 0.000000 0.047563 103.518225 0.294348 -18.505626 -0.105857 
512 0.391266 0.000000 0.086937 104.322792 0.204839 -18.063545 -0.120958 
513 0.210801 0.000000 -0.050874 101.900780 -0.183224 17.018680 -0.067344 
514 0.210801 0.000000 -0.070561 108.542572 -0.045709 8.183280 -0.184846 
515 0.230852 0.000000 -0.050874 98.814609 0.003912 3.240730 0.022517 
516 -0.009769 0.000000 -0.109936 112.057075 0.098002 -27.525491 -0.331445 
517 -0.049872 0.000000 -0.109936 107.131670 0.090230 -28.705106 -0.230119 
518 -0.009769 0.000000 -0.149310 109.841324 0.091492 -24.308115 -0.265601 
519 0.170697 0.000000 -0.011499 104.318171 -0.381689 58.830940 -0.434351 
520 0.170697 0.000000 0.008188 100.241368 0.721489 3.443938 -0.006071 
521 0.050386 0.000000 -0.011499 137.461372 0.699122 -4.236260 -0.891406 
522 0.050386 0.000000 -0.031187 132.895338 0.557426 1.223839 -0.766298 
523 0.090490 0.000000 0.027875 83.816042 0.846051 20.976084 0.253416 
524 0.110542 0.000000 0.027875 90.031030 0.835564 16.636962 0.161693 
525 0.090490 0.000000 0.047563 82.323066 0.909263 21.240024 0.277095 
526 -0.089976 0.000000 -0.109936 103.609182 0.094434 -28.126316 -0.152596 
527 -0.130079 0.000000 -0.109936 101.565760 -0.051434 -26.989878 -0.104406 
528 -0.089976 0.000000 -0.149310 104.329735 0.088312 -25.820991 -0.155142 
529 -0.089976 0.000000 0.047563 88.081799 0.092753 -28.777015 0.141347 
530 -0.130079 0.000000 0.047563 91.764406 -0.024319 -27.045546 0.084783 
531 -0.089976 0.000000 0.086937 87.286701 0.090110 -24.940665 0.175899 
532 -0.029821 0.000000 0.027875 71.510020 0.156127 -38.476472 0.340585 
533 -0.049872 0.000000 0.027875 81.410079 0.127622 -35.647174 0.210166 
534 -0.029821 0.000000 0.047563 72.352404 0.142134 -29.296287 0.390684 
535 0.130593 0.000000 0.027875 93.408473 0.789238 14.299306 0.106976 
536 0.150645 0.000000 0.027875 94.973873 0.768780 11.815682 0.083976 
537 0.130593 0.000000 0.047563 94.180888 0.812522 13.051402 0.095896 
538 0.170697 0.000000 0.027875 100.239177 0.606946 3.433476 -0.006005 
539 0.190749 0.000000 0.027875 100.239161 0.606109 3.433400 -0.006005 
540 0.170697 0.000000 0.047563 97.343627 0.727723 8.029479 0.045922 
541 0.511577 0.000000 -0.228060 100.364081 0.104746 -11.208489 -0.019859 
542 0.511577 0.000000 -0.306809 100.990557 0.068027 -12.556414 -0.035676 
543 0.591784 0.000000 -0.228060 99.215771 0.063924 -12.767673 -0.000679 
544 0.671991 0.000000 -0.228060 98.731639 0.062483 -13.849757 0.006024 
545 0.671991 0.000000 -0.306809 99.552387 0.064900 -13.739302 -0.009945 
546 0.752198 0.000000 -0.228060 98.516402 0.055118 -14.697083 0.007851 
547 0.311059 0.000000 -0.109936 103.606146 0.114287 -4.442295 -0.075398 
548 0.311059 0.000000 -0.149310 104.519587 0.114609 -6.411802 -0.096547 
549 0.351163 0.000000 -0.109936 102.137446 0.201534 -4.963261 -0.045673 
550 0.391266 0.000000 -0.109936 100.633541 0.178560 -6.100578 -0.016436 
551 0.391266 0.000000 -0.149310 101.462140 0.147835 -7.776497 -0.035506 
552 0.431370 0.000000 -0.109936 99.238976 0.138975 -7.410535 0.009669 
553 0.210801 0.000000 0.027875 101.094775 0.345364 0.247240 -0.022033 
554 0.230852 0.000000 0.027875 101.482535 0.197688 -1.346110 -0.030056 
555 0.210801 0.000000 0.047563 101.795205 0.517180 -1.170918 -0.036390 
556 0.050386 0.000000 -0.050874 128.031311 0.017458 -17.241921 -0.668930 
557 0.030335 0.000000 -0.050874 130.426312 0.081780 -25.130940 -0.764259 
558 0.050386 0.000000 -0.070561 123.513019 0.047647 -20.610872 -0.568028 
559 0.010283 0.000000 -0.050874 126.266918 0.113933 -34.653487 -0.714421 
560 -0.009769 0.000000 -0.050874 117.267004 0.120213 -39.915751 -0.534483 
561 0.010283 0.000000 -0.070561 120.321692 0.102905 -30.533034 -0.540959 
562 0.471473 0.000000 -0.109936 98.189891 0.099428 -8.534659 0.028590 
563 0.471473 0.000000 -0.149310 99.360364 0.129422 -9.323019 0.004058 
564 0.511577 0.000000 -0.109936 97.384945 0.133887 -9.797979 0.042015 
565 0.551681 0.000000 -0.109936 96.932455 0.111169 -10.974154 0.048365 
566 0.551681 0.000000 -0.149310 98.159111 0.106740 -11.234947 0.023855 
567 0.591784 0.000000 -0.109936 96.729256 0.094382 -12.462270 0.048813 
568 0.631888 0.000000 -0.109936 96.750880 0.067195 -13.927651 0.044528 
569 0.631888 0.000000 -0.149310 97.632322 0.059715 -13.534954 0.028473 
570 0.671991 0.000000 -0.109936 96.951169 0.057413 -14.752277 0.038284 
571 -0.029821 0.000000 -0.050874 109.113588 0.115704 -39.649163 -0.347784 
572 -0.049872 0.000000 -0.050874 104.060087 0.109927 -37.090072 -0.220419 
573 -0.029821 0.000000 -0.070561 110.062640 0.106785 -34.578640 -0.330948 
1 19 21 3 22 
2 20 19 22 9 
3 28 20 9 30 
4 29 28 30 4 
5 35 37 19 38 
6 36 35 38 20 
7 44 36 20 46 
8 45 44 46 28 
9 51 53 35 54 
10 52 51 54 36 
11 60 52 36 62 
12 61 60 62 44 
13 67 69 51 70 
14 68 67 70 52 
15 76 68 52 78 
16 77 76 78 60 
17 83 85 67 86 
18 84 83 86 68 
19 92 84 68 94 
20 93 92 94 76 
21 99 101 83 102 
22 100 99 102 84 
23 108 100 84 110 
24 109 108 110 92 
25 115 117 99 118 
26 116 115 118 100 
27 10 125 124 26 
28 125 13 126 124 
29 124 126 8 127 
30 26 124 127 14 
31 23 129 128 42 
32 129 26 130 128 
33 128 130 14 131 
34 42 128 131 27 
35 39 133 132 58 
36 133 42 134 132 
37 132 134 27 135 
38 58 132 135 43 
39 137 58 138 136 
40 136 138 43 139 
41 71 141 140 90 
42 141 74 142 140 
43 140 142 59 143 
44 90 140 143 75 
45 87 145 144 106 
46 145 90 146 144 
47 144 146 75 147 
48 106 144 147 91 
49 149 106 150 148 
50 148 150 91 151 
51 152 116 100 154 
52 153 152 154 108 
53 155 157 115 158 
54 156 155 158 116 
55 119 161 159 160 
56 161 122 162 159 
57 14 127 164 37 
58 127 8 165 164 
59 164 165 21 166 
60 37 164 166 19 
61 27 131 167 53 
62 131 14 168 167 
63 167 168 37 169 
64 53 167 169 35 
65 43 135 170 69 
66 135 27 171 170 
67 170 171 53 172 
68 69 170 172 51 
69 139 43 174 173 
70 173 174 69 175 
71 85 173 175 67 
72 75 143 176 101 
73 143 59 177 176 
74 176 177 85 178 
75 101 176 178 83 
76 91 147 179 117 
77 147 75 180 179 
78 179 180 101 181 
79 117 179 181 99 
80 151 91 183 182 
81 182 183 117 184 
82 157 182 184 115 
83 122 186 185 162 
84 186 148 187 185 
85 185 187 151 188 
86 162 185 188 107 
87 189 191 157 192 
88 190 189 192 155 
89 159 195 193 194 
90 195 162 196 193 
91 193 196 107 197 
92 120 204 202 203 
93 204 119 160 202 
94 202 160 123 205 
95 203 202 205 5 
96 160 208 206 207 
97 208 159 194 206 
98 206 194 163 209 
99 207 206 209 123 
100 107 188 210 191 
101 188 151 211 210 
102 210 211 182 212 
103 191 210 212 157 
104 163 197 213 214 
105 197 107 215 213 
106 213 215 191 216 
107 214 213 216 189 
108 194 219 217 218 
109 219 193 220 217 
110 217 220 197 221 
111 218 217 221 163 
112 16 224 222 223 
113 224 15 32 222 
114 222 32 18 225 
115 223 222 225 6 
116 32 228 226 227 
117 228 31 48 226 
118 226 48 34 229 
119 227 226 229 18 
120 48 232 230 231 
121 232 47 64 230 
122 230 64 50 233 
123 231 230 233 34 
124 64 236 234 235 
125 236 63 80 234 
126 234 80 66 237 
127 235 234 237 50 
128 80 240 238 239 
129 239 238 241 66 
130 250 156 116 252 
131 251 250 252 152 
132 199 255 253 254 
133 255 198 256 253 
134 253 256 201 257 
135 254 253 257 114 
136 6 225 258 259 
137 225 18 45 258 
138 258 45 28 260 
139 259 258 260 29 
140 18 229 261 262 
141 229 34 61 261 
142 261 61 44 263 
143 262 261 263 45 
144 34 233 264 265 
145 233 50 77 264 
146 264 77 60 266 
147 265 264 266 61 
148 50 237 267 268 
149 237 66 93 267 
150 267 93 76 269 
151 268 267 269 77 
152 66 241 270 271 
153 270 109 92 272 
154 271 270 272 93 
155 273 153 108 275 
156 274 273 275 109 
157 276 251 152 278 
158 277 276 278 153 
159 281 199 254 279 
160 279 254 114 282 
161 282 114 293 291 
162 291 293 251 294 
163 292 291 294 276 
164 280 297 295 296 
165 297 279 298 295 
166 295 298 282 299 
167 296 295 299 249 
168 300 277 153 302 
169 301 300 302 273 
170 307 309 277 310 
171 308 307 310 300 
172 303 313 311 312 
173 313 288 314 311 
174 311 314 98 315 
175 312 311 315 306 
176 238 318 316 317 
177 318 96 243 316 
178 316 243 82 319 
179 317 316 319 241 
180 243 322 320 321 
181 321 320 323 82 
182 241 319 328 329 
183 319 82 274 328 
184 328 274 109 330 
185 329 328 330 270 
186 82 323 331 332 
187 331 301 273 333 
188 332 331 333 274 
189 334 308 300 336 
190 335 334 336 301 
191 324 339 337 338 
192 339 304 340 337 
193 337 340 286 341 
194 320 344 342 343 
195 344 284 325 342 
196 342 325 245 345 
197 343 342 345 323 
198 325 348 346 347 
199 348 324 338 346 
200 346 338 327 349 
201 347 346 349 245 
202 327 341 350 351 
203 341 286 352 350 
204 350 352 308 353 
205 351 350 353 334 
206 338 356 354 355 
207 356 337 357 354 
208 354 357 341 358 
209 355 354 358 327 
210 286 360 359 352 
211 360 306 361 359 
212 359 361 307 362 
213 352 359 362 308 
214 114 257 363 293 
215 257 201 364 363 
216 363 364 250 365 
217 293 363 365 251 
218 5 205 366 367 
219 205 123 190 366 
220 366 190 155 368 
221 367 366 368 156 
222 123 209 369 370 
223 209 163 214 369 
224 369 214 189 371 
225 370 369 371 190 
226 17 374 372 373 
227 374 7 375 372 
228 372 375 11 33 
229 373 372 33 15 
230 33 378 376 377 
231 378 11 379 376 
232 376 379 24 49 
233 377 376 49 31 
234 49 382 380 381 
235 382 24 383 380 
236 380 383 40 65 
237 381 380 65 47 
238 65 386 384 385 
239 386 40 387 384 
240 384 387 56 81 
241 385 384 81 63 
242 81 390 388 389 
243 390 56 391 388 
244 388 391 72 97 
245 389 388 97 79 
246 97 394 392 393 
247 394 72 395 392 
248 392 395 88 113 
249 393 392 113 95 
250 95 398 396 397 
251 398 113 399 396 
252 396 399 111 248 
253 397 396 248 112 
254 112 402 400 401 
255 402 248 403 400 
256 400 403 246 289 
257 401 400 289 247 
258 247 406 404 405 
259 406 289 407 404 
260 404 407 287 408 
261 79 411 409 410 
262 411 97 393 409 
263 409 393 95 244 
264 410 409 244 96 
265 244 414 412 413 
266 414 95 397 412 
267 412 397 112 285 
268 413 412 285 242 
269 285 417 415 416 
270 417 112 401 415 
271 415 401 247 305 
272 416 415 305 283 
273 305 420 418 419 
274 420 247 405 418 
275 418 405 288 313 
276 419 418 313 303 
277 421 292 276 422 
278 309 421 422 277 
279 288 408 423 314 
280 408 287 424 423 
281 423 424 290 425 
282 314 423 425 98 
283 405 428 426 427 
284 428 404 429 426 
285 426 429 408 430 
286 427 426 430 288 
287 289 432 431 407 
288 432 246 433 431 
289 431 433 280 434 
290 407 431 434 287 
291 74 436 435 142 
292 436 136 437 435 
293 435 437 139 438 
294 142 435 438 59 
295 7 440 439 375 
296 440 12 441 439 
297 439 441 10 25 
298 375 439 25 11 
299 12 443 442 441 
300 443 2 444 442 
301 442 444 13 125 
302 441 442 125 10 
303 1 447 445 446 
304 447 17 373 445 
305 445 373 15 224 
306 446 445 224 16 
307 11 449 448 379 
308 449 25 450 448 
309 448 450 23 41 
310 379 448 41 24 
311 25 452 451 450 
312 452 10 453 451 
313 451 453 26 129 
314 450 451 129 23 
315 15 456 454 455 
316 456 33 377 454 
317 454 377 31 228 
318 455 454 228 32 
319 24 458 457 383 
320 458 41 459 457 
321 457 459 39 57 
322 383 457 57 40 
323 41 461 460 459 
324 461 23 462 460 
325 460 462 42 133 
326 459 460 133 39 
327 31 465 463 464 
328 465 49 381 463 
329 463 381 47 232 
330 464 463 232 48 
331 40 467 466 387 
332 467 57 468 466 
333 466 468 55 73 
334 387 466 73 56 
335 57 470 469 468 
336 470 39 471 469 
337 469 471 58 137 
338 468 469 137 55 
339 47 474 472 473 
340 474 65 385 472 
341 472 385 63 236 
342 473 472 236 64 
343 56 476 475 391 
344 476 73 477 475 
345 475 477 71 89 
346 391 475 89 72 
347 73 479 478 477 
348 479 55 480 478 
349 478 480 74 141 
350 477 478 141 71 
351 63 483 481 482 
352 483 81 389 481 
353 481 389 79 240 
354 482 481 240 80 
355 72 485 484 395 
356 485 89 486 484 
357 484 486 87 105 
358 395 484 105 88 
359 89 488 487 486 
360 488 71 489 487 
361 487 489 90 145 
362 486 487 145 87 
363 113 491 490 399 
364 491 88 492 490 
365 490 492 104 200 
366 399 490 200 111 
367 55 494 493 480 
368 494 137 495 493 
369 493 495 136 436 
370 480 493 436 74 
371 59 438 496 177 
372 438 139 497 496 
373 496 497 173 498 
374 177 496 498 85 
375 198 500 499 256 
376 500 120 203 499 
377 499 203 5 501 
378 256 499 501 201 
379 240 504 502 503 
380 504 79 410 502 
381 502 410 96 318 
382 503 502 318 238 
383 96 507 505 506 
384 507 244 413 505 
385 505 413 242 322 
386 506 505 322 243 
387 248 509 508 403 
388 509 111 510 508 
389 508 510 199 281 
390 403 508 281 246 
391 201 501 511 364 
392 501 5 367 511 
393 511 367 156 512 
394 364 511 512 250 
395 246 514 513 433 
396 514 281 515 513 
397 513 515 279 297 
398 433 513 297 280 
399 242 518 516 517 
400 518 285 416 516 
401 516 416 283 326 
402 517 516 326 284 
403 287 434 519 424 
404 434 280 296 519 
405 519 296 249 520 
406 424 519 520 290 
407 304 522 521 340 
408 522 303 312 521 
409 521 312 306 360 
410 340 521 360 286 
411 306 315 523 361 
412 315 98 524 523 
413 523 524 309 525 
414 361 523 525 307 
415 322 528 526 527 
416 528 242 517 526 
417 526 517 284 344 
418 527 526 344 320 
419 323 345 529 530 
420 345 245 335 529 
421 529 335 301 531 
422 530 529 531 331 
423 245 349 532 533 
424 349 327 351 532 
425 532 351 334 534 
426 533 532 534 335 
427 98 425 535 524 
428 425 290 536 535 
429 535 536 421 537 
430 524 535 537 309 
431 290 520 538 536 
432 520 249 539 538 
433 538 539 292 540 
434 536 538 540 421 
435 88 542 541 492 
436 542 105 543 541 
437 541 543 103 121 
438 492 541 121 104 
439 105 545 544 543 
440 545 87 546 544 
441 544 546 106 149 
442 543 544 149 103 
443 111 548 547 510 
444 548 200 549 547 
445 547 549 198 255 
446 510 547 255 199 
447 200 551 550 549 
448 551 104 552 550 
449 550 552 120 500 
450 549 550 500 198 
451 249 299 553 539 
452 299 282 554 553 
453 553 554 291 555 
454 539 553 555 292 
455 283 558 556 557 
456 558 305 419 556 
457 556 419 303 522 
458 557 556 522 304 
459 326 561 559 560 
460 561 283 557 559 
461 559 557 304 339 
462 560 559 339 324 
463 104 563 562 552 
464 563 121 564 562 
465 562 564 119 204 
466 552 562 204 120 
467 121 566 565 564 
468 566 103 567 565 
469 565 567 122 161 
470 564 565 161 119 
471 103 569 568 567 
472 569 149 570 568 
473 568 570 148 186 
474 567 568 186 122 
475 284 573 571 572 
476 573 326 560 571 
477 571 560 324 348 
478 572 571 348 325 
