2 0.000000 100.000000 5791.461216
573 478 
1 -20.101635 0.000000 -20.151635 98.847841 -0.000010 -15.157463 -0.000064 
2 20.964375 0.000000 -20.151635 98.850605 0.000009 -15.133573 -0.000047 
3 20.964375 0.000000 20.168012 98.843330 0.000009 -15.144229 0.000065 
4 -20.101635 0.000000 20.168012 98.842132 -0.000005 -15.157711 0.000048 
5 0.431370 0.000000 0.008188 98.554778 0.431159 -4.957139 0.026220 
6 -20.101635 0.000000 0.008188 98.845162 -0.000021 -15.161056 -0.000022 
7 0.431370 0.000000 -20.151635 98.854271 -0.000002 -15.147640 -0.000162 
8 20.964375 0.000000 0.008188 98.920061 -0.000760 -14.656760 0.000000 
9 0.431370 0.000000 20.168012 98.837516 0.000009 -15.149976 0.000162 
10 10.697873 0.000000 -10.071724 98.867607 0.000059 -15.067698 -0.000184 
11 0.431370 0.000000 -10.071724 98.882378 0.000019 -15.120766 -0.000636 
12 10.697873 0.000000 -20.151635 98.852741 0.000008 -15.138943 -0.000105 
13 20.964375 0.000000 -10.071724 98.866228 0.000061 -15.028486 -0.000039 
14 10.697873 0.000000 0.008188 98.996003 -0.002541 -14.134053 0.000002 
15 -9.835133 0.000000 -10.071724 98.857291 -0.000033 -15.158810 -0.000255 
16 -20.101635 0.000000 -10.071724 98.847943 -0.000017 -15.159359 -0.000072 
17 -9.835133 0.000000 -20.151635 98.851188 -0.000011 -15.155167 -0.000124 
18 -9.835133 0.000000 0.008188 98.846362 -0.000069 -15.173031 -0.000082 
19 10.697873 0.000000 10.088100 98.839307 0.000031 -15.106577 0.000258 
20 0.431370 0.000000 10.088100 98.816514 0.000048 -15.129223 0.000640 
21 20.964375 0.000000 10.088100 98.847123 0.000004 -15.116558 0.000074 
22 10.697873 0.000000 20.168012 98.840265 0.000013 -15.144707 0.000124 
23 5.564621 0.000000 -5.031768 98.926425 -0.000081 -14.852595 -0.000704 
24 0.431370 0.000000 -5.031768 98.985394 0.001144 -15.027859 -0.002394 
25 5.564621 0.000000 -10.071724 98.876165 0.000058 -15.087587 -0.000413 
26 10.697873 0.000000 -5.031768 98.914343 0.000357 -14.748962 -0.000158 
27 5.564621 0.000000 0.008188 99.004901 -0.002660 -13.961160 0.000312 
28 -9.835133 0.000000 10.088100 98.834573 -0.000015 -15.159624 0.000191 
29 -20.101635 0.000000 10.088100 98.842269 -0.000013 -15.159535 0.000039 
30 -9.835133 0.000000 20.168012 98.839433 -0.000002 -15.155900 0.000107 
31 -4.701881 0.000000 -5.031768 98.893646 -0.000347 -15.165107 -0.000993 
32 -9.835133 0.000000 -5.031768 98.857547 -0.000058 -15.166401 -0.000283 
33 -4.701881 0.000000 -10.071724 98.870454 -0.000028 -15.149892 -0.000489 
34 -4.701881 0.000000 0.008188 98.848708 -0.000083 -15.220150 -0.000272 
35 5.564621 0.000000 5.048144 98.822143 0.000061 -14.969304 0.001010 
36 0.431370 0.000000 5.048144 98.737879 0.000922 -15.053969 0.002421 
37 10.697873 0.000000 5.048144 98.853231 -0.000019 -15.003617 0.000293 
38 5.564621 0.000000 10.088100 98.827244 0.000055 -15.108635 0.000490 
39 2.997996 0.000000 -2.511790 99.085925 0.001787 -14.372370 -0.002459 
40 0.431370 0.000000 -2.511790 99.317703 0.006600 -14.780156 -0.008246 
41 2.997996 0.000000 -5.031768 98.960011 0.001146 -14.914646 -0.001553 
42 5.564621 0.000000 -2.511790 99.008581 0.000912 -14.253189 -0.000585 
43 2.997996 0.000000 0.008188 98.861510 0.002547 -14.417657 0.001853 
44 -4.701881 0.000000 5.048144 98.804593 0.000441 -15.166947 0.000762 
45 -9.835133 0.000000 5.048144 98.835000 -0.000040 -15.166859 0.000161 
46 -4.701881 0.000000 10.088100 98.823930 0.000003 -15.152395 0.000424 
47 -2.135256 0.000000 -2.511790 99.032881 0.001852 -15.204943 -0.003870 
48 -4.701881 0.000000 -2.511790 98.893358 -0.000073 -15.195138 -0.001079 
49 -2.135256 0.000000 -5.031768 98.943249 0.000062 -15.132339 -0.001875 
50 -2.135256 0.000000 0.008188 98.840039 0.000514 -15.410920 -0.000685 
51 2.997996 0.000000 2.528166 98.746370 0.000435 -14.577642 0.003665 
52 0.431370 0.000000 2.528166 98.473981 -0.002405 -14.835288 0.008279 
53 5.564621 0.000000 2.528166 98.863076 -0.000616 -14.661044 0.001115 
54 2.997996 0.000000 5.048144 98.777291 0.000392 -14.978799 0.001868 
55 1.714683 0.000000 -1.251801 99.396318 -0.000716 -13.748991 -0.006866 
56 0.431370 0.000000 -1.251801 100.163307 0.014600 -14.281243 -0.023664 
57 1.714683 0.000000 -2.511790 99.229535 0.002598 -14.477674 -0.005610 
58 2.997996 0.000000 -1.251801 99.124664 0.000352 -13.850025 -0.001752 
59 1.714683 0.000000 0.008188 98.564636 0.021087 -15.178363 0.005463 
60 -2.135256 0.000000 2.528166 98.682756 -0.001215 -15.201463 0.003063 
61 -4.701881 0.000000 2.528166 98.805490 -0.000003 -15.195035 0.000659 
62 -2.135256 0.000000 5.048144 98.764305 0.000171 -15.138940 0.001642 
63 -0.851943 0.000000 -1.251801 99.504741 0.002795 -15.397149 -0.013827 
64 -2.135256 0.000000 -1.251801 99.027757 0.001046 -15.334659 -0.004165 
65 -0.851943 0.000000 -2.511790 99.214979 0.001604 -15.099710 -0.007161 
66 -0.851943 0.000000 0.008188 98.674322 -0.001182 -16.058712 0.000550 
67 1.714683 0.000000 1.268177 98.462476 0.010188 -13.917366 0.011145 
68 0.431370 0.000000 1.268177 97.988848 0.008099 -14.406261 0.019065 
69 2.997996 0.000000 1.268177 98.797595 -0.000452 -14.026100 0.004230 
70 1.714683 0.000000 2.528166 98.580846 0.000822 -14.605644 0.006849 
71 1.073026 0.000000 -0.621806 99.773689 0.026881 -13.011262 -0.012408 
72 0.431370 0.000000 -0.621806 101.362312 0.033968 -12.941111 -0.044179 
73 1.073026 0.000000 -1.251801 99.770360 0.016568 -13.797293 -0.014449 
74 1.714683 0.000000 -0.621806 99.206459 -0.000530 -13.747604 -0.003092 
75 1.073026 0.000000 0.008188 98.033227 0.056818 -15.796171 0.013996 
76 -0.851943 0.000000 1.268177 98.237735 0.001766 -15.316203 0.011476 
77 -2.135256 0.000000 1.268177 98.674506 0.000187 -15.319613 0.002865 
78 -0.851943 0.000000 2.528166 98.532048 -0.000310 -15.102411 0.006335 
79 -0.210286 0.000000 -0.621806 100.980307 0.032066 -15.824923 -0.044745 
80 -0.851943 0.000000 -0.621806 99.343076 0.010410 -15.728603 -0.011644 
81 -0.210286 0.000000 -1.251801 100.089750 0.005165 -15.088086 -0.024561 
82 -0.210286 0.000000 0.008188 96.604552 -0.007649 -20.584476 0.024384 
83 1.073026 0.000000 0.638183 97.934867 0.008058 -13.335447 0.023093 
84 0.431370 0.000000 0.638183 97.520589 0.019552 -13.634617 0.030383 
85 1.714683 0.000000 0.638183 98.514297 0.006846 -13.504453 0.011256 
86 1.073026 0.000000 1.268177 98.103272 0.000268 -13.991667 0.017998 
87 0.752198 0.000000 -0.306809 99.145449 0.047728 -12.594235 0.001156 
88 0.431370 0.000000 -0.306809 101.809784 0.100764 -9.991257 -0.046507 
89 0.752198 0.000000 -0.621806 100.160352 0.024524 -12.900856 -0.019853 
90 1.073026 0.000000 -0.306809 98.966070 0.006733 -13.979988 0.001028 
91 0.752198 0.000000 0.008188 96.829882 0.111783 -15.830800 0.037335 
92 -0.210286 0.000000 0.638183 96.810359 0.012586 -15.201712 0.039666 
93 -0.851943 0.000000 0.638183 98.253170 -0.005758 -15.533234 0.010503 
94 -0.210286 0.000000 1.268177 97.932769 -0.006517 -14.969902 0.018507 
95 0.110542 0.000000 -0.306809 105.569293 0.028249 -13.741010 -0.133369 
96 -0.210286 0.000000 -0.306809 101.632700 -0.014783 -17.961466 -0.065182 
97 0.110542 0.000000 -0.621806 102.011591 0.031731 -14.503900 -0.061673 
98 0.110542 0.000000 0.008188 21.161904 -8.171977 -2.210715 0.948051 
99 0.752198 0.000000 0.323185 97.729890 0.028024 -13.805870 0.025827 
100 0.431370 0.000000 0.323185 97.414202 0.083923 -12.659974 0.035019 
101 1.073026 0.000000 0.323185 98.066639 0.028147 -13.547681 0.019939 
102 0.752198 0.000000 0.638183 97.690034 0.027577 -13.523147 0.027378 
103 0.591784 0.000000 -0.149310 97.660393 0.090148 -11.237403 0.033616 
104 0.431370 0.000000 -0.149310 99.632498 0.113852 -7.241242 0.002092 
105 0.591784 0.000000 -0.306809 99.827543 0.071463 -11.360169 -0.009460 
106 0.752198 0.000000 -0.149310 97.913925 0.054196 -13.866828 0.022057 
107 0.591784 0.000000 0.008188 74.545912 1.422760 -13.173866 0.426733 
108 0.110542 0.000000 0.323185 94.649882 0.063423 -11.681865 0.090493 
109 -0.210286 0.000000 0.323185 95.481906 0.017648 -15.953192 0.062870 
110 0.110542 0.000000 0.638183 96.893802 0.014788 -14.068410 0.041367 
111 0.270956 0.000000 -0.149310 104.663437 0.092208 -5.120477 -0.098066 
112 0.110542 0.000000 -0.149310 112.036835 0.093850 -11.998801 -0.269623 
113 0.270956 0.000000 -0.306809 103.933505 0.057443 -10.678111 -0.091620 
114 0.270956 0.000000 0.008188 99.269129 0.107854 1.567039 0.014317 
115 0.591784 0.000000 0.165687 97.503866 0.106062 -15.278092 0.025956 
116 0.431370 0.000000 0.165687 99.669843 0.178409 -14.138705 -0.013401 
117 0.752198 0.000000 0.165687 97.302836 0.071487 -14.245291 0.032922 
118 0.591784 0.000000 0.323185 97.615765 0.079183 -13.594415 0.028635 
119 0.511577 0.000000 -0.070561 95.414960 0.138607 -8.725976 0.081982 
120 0.431370 0.000000 -0.070561 97.185862 0.164737 -5.658388 0.052286 
121 0.511577 0.000000 -0.149310 98.084163 0.132358 -9.543867 0.028839 
122 0.591784 0.000000 -0.070561 95.289642 0.098620 -12.003914 0.077578 
123 0.511577 0.000000 0.008188 95.754062 1.231063 -13.615738 0.064426 
124 15.831124 0.000000 -5.031768 98.933484 0.000495 -14.590128 -0.000071 
125 15.831124 0.000000 -10.071724 98.865016 0.000056 -15.050325 -0.000080 
126 20.964375 0.000000 -5.031768 98.969175 0.000682 -14.348754 -0.000078 
127 15.831124 0.000000 0.008188 98.952578 -0.001392 -14.437805 -0.000006 
128 8.131247 0.000000 -2.511790 99.009659 0.000493 -14.124036 -0.000240 
129 8.131247 0.000000 -5.031768 98.913894 0.000110 -14.804859 -0.000314 
130 10.697873 0.000000 -2.511790 99.019434 -0.001008 -14.029851 -0.000168 
131 8.131247 0.000000 0.008188 99.013423 -0.002949 -13.990228 0.000062 
132 4.281308 0.000000 -1.251801 99.046304 -0.002809 -13.979456 -0.000560 
133 4.281308 0.000000 -2.511790 99.027545 0.001286 -14.312646 -0.001131 
134 5.564621 0.000000 -1.251801 98.991659 -0.009529 -14.231734 -0.000189 
135 4.281308 0.000000 0.008188 98.967372 -0.001133 -14.066571 0.000759 
136 2.356339 0.000000 -0.621806 99.009593 -0.012725 -14.302299 -0.000746 
137 2.356339 0.000000 -1.251801 99.196099 0.001996 -13.827047 -0.003105 
138 2.997996 0.000000 -0.621806 98.873447 -0.018188 -14.985225 -0.000052 
139 2.356339 0.000000 0.008188 98.756373 0.008428 -14.769034 0.002905 
140 1.393855 0.000000 -0.306809 98.818781 0.006027 -14.870173 0.001373 
141 1.393855 0.000000 -0.621806 99.343337 0.008364 -13.501339 -0.005138 
142 1.714683 0.000000 -0.306809 98.691888 -0.006126 -15.781744 0.001085 
143 1.393855 0.000000 0.008188 98.375557 0.035598 -15.497339 0.008208 
144 0.912612 0.000000 -0.149310 98.162674 0.030556 -15.264915 0.013107 
145 0.912612 0.000000 -0.306809 99.018452 0.036417 -13.450312 0.001443 
146 1.073026 0.000000 -0.149310 98.306128 0.000018 -16.015872 0.007940 
147 0.912612 0.000000 0.008188 97.638272 0.087931 -16.088001 0.020794 
148 0.671991 0.000000 -0.070561 96.432797 0.064610 -14.550781 0.048899 
149 0.671991 0.000000 -0.149310 97.688033 0.061647 -12.922782 0.029005 
150 0.752198 0.000000 -0.070561 97.172965 0.038460 -15.311822 0.032296 
151 0.671991 0.000000 0.008188 95.886325 0.093804 -15.932087 0.055197 
152 0.270956 0.000000 0.165687 100.594975 0.129263 -9.241404 -0.020477 
153 0.110542 0.000000 0.165687 93.569967 0.135293 -4.813546 0.122147 
154 0.270956 0.000000 0.323185 96.889305 0.111985 -11.520411 0.047973 
155 0.511577 0.000000 0.086937 98.810121 0.176089 -18.286488 -0.009787 
156 0.431370 0.000000 0.086937 104.875403 0.419489 -22.696100 -0.151414 
157 0.591784 0.000000 0.086937 96.468719 0.132376 -16.828623 0.041057 
158 0.511577 0.000000 0.165687 98.210395 0.134751 -14.649333 0.014010 
159 0.551681 0.000000 -0.031187 92.906266 0.126047 -10.387624 0.126051 
160 0.511577 0.000000 -0.031187 93.317398 0.132896 -8.920956 0.121226 
161 0.551681 0.000000 -0.070561 95.088321 0.114916 -10.235814 0.085343 
162 0.591784 0.000000 -0.031187 93.326774 0.112657 -13.243815 0.111470 
163 0.551681 0.000000 0.008188 86.484426 2.338945 -18.433312 0.217519 
164 15.831124 0.000000 5.048144 98.857531 -0.000040 -15.034357 0.000116 
165 20.964375 0.000000 5.048144 98.857070 -0.000040 -15.056730 0.000057 
166 15.831124 0.000000 10.088100 98.844949 0.000013 -15.111293 0.000132 
167 8.131247 0.000000 2.528166 98.883990 -0.000401 -14.744659 0.000455 
168 10.697873 0.000000 2.528166 98.885885 -0.000300 -14.809974 0.000225 
169 8.131247 0.000000 5.048144 98.844298 0.000175 -14.985129 0.000525 
170 4.281308 0.000000 1.268177 98.899813 -0.001636 -14.166307 0.001814 
171 5.564621 0.000000 1.268177 98.931935 -0.001273 -14.282635 0.000848 
172 4.281308 0.000000 2.528166 98.827328 -0.000038 -14.614009 0.001959 
173 2.356339 0.000000 0.638183 98.766160 0.004322 -13.670012 0.005838 
174 2.997996 0.000000 0.638183 98.876853 -0.000922 -13.770625 0.003374 
175 2.356339 0.000000 1.268177 98.695540 0.002285 -13.988383 0.006352 
176 1.393855 0.000000 0.323185 98.395344 0.012360 -13.579327 0.013396 
177 1.714683 0.000000 0.323185 98.598559 0.008312 -13.636750 0.009236 
178 1.393855 0.000000 0.638183 98.322244 0.015826 -13.475508 0.015115 
179 0.912612 0.000000 0.165687 97.798534 0.060861 -14.406731 0.022789 
180 1.073026 0.000000 0.165687 98.084154 0.034725 -14.140186 0.017955 
181 0.912612 0.000000 0.323185 97.929639 0.034015 -13.755293 0.022058 
182 0.671991 0.000000 0.086937 96.566500 0.095267 -15.542273 0.043334 
183 0.752198 0.000000 0.086937 97.032420 0.085107 -14.916584 0.036220 
184 0.671991 0.000000 0.165687 97.215403 0.090301 -14.763764 0.033119 
185 0.631888 0.000000 -0.031187 95.041226 0.097426 -14.646833 0.075263 
186 0.631888 0.000000 -0.070561 95.867693 0.071198 -13.639702 0.062334 
187 0.671991 0.000000 -0.031187 96.008373 0.078922 -15.243342 0.055003 
188 0.631888 0.000000 0.008188 94.847353 0.105758 -15.895326 0.075131 
189 0.551681 0.000000 0.047563 96.374435 0.197665 -19.791233 0.032024 
190 0.511577 0.000000 0.047563 100.113429 1.022138 -27.911315 -0.080279 
191 0.591784 0.000000 0.047563 95.010782 0.150932 -17.744080 0.065808 
192 0.551681 0.000000 0.086937 97.240062 0.158804 -17.352125 0.024325 
193 0.571732 0.000000 -0.011499 78.422716 1.812313 -13.640524 0.366053 
194 0.551681 0.000000 -0.011499 83.784042 2.133384 -12.220979 0.282633 
195 0.571732 0.000000 -0.031187 92.688810 0.123900 -11.826345 0.126891 
196 0.591784 0.000000 -0.011499 92.109020 0.136178 -14.436423 0.130750 
197 0.571732 0.000000 0.008188 76.812135 1.657298 -13.884907 0.390436 
198 0.351163 0.000000 -0.070561 99.719796 0.222443 -2.508897 0.004962 
199 0.270956 0.000000 -0.070561 101.954209 0.084621 0.666712 -0.039511 
200 0.351163 0.000000 -0.149310 101.891627 0.165080 -5.634952 -0.041368 
201 0.351163 0.000000 0.008188 100.373307 0.185909 -2.135400 -0.007940 
202 0.471473 0.000000 -0.031187 95.573795 0.629954 -1.377676 0.086335 
203 0.431370 0.000000 -0.031187 97.142465 0.399840 -0.130958 0.056316 
204 0.471473 0.000000 -0.070561 96.160908 0.114951 -7.165657 0.070172 
205 0.471473 0.000000 0.008188 97.524900 0.634178 -8.541622 0.041553 
206 0.531629 0.000000 -0.011499 91.543815 1.873646 -8.048750 0.155144 
207 0.511577 0.000000 -0.011499 94.476129 1.128972 -5.466945 0.104310 
208 0.531629 0.000000 -0.031187 93.133208 0.124783 -9.932306 0.122754 
209 0.531629 0.000000 0.008188 92.285747 1.818735 -17.095992 0.118776 
210 0.631888 0.000000 0.047563 95.581178 0.117247 -16.436506 0.059407 
211 0.671991 0.000000 0.047563 96.157031 0.101923 -15.973482 0.049866 
212 0.631888 0.000000 0.086937 96.398751 0.106855 -16.153598 0.044633 
213 0.571732 0.000000 0.027875 93.626540 0.202792 -20.329086 0.082076 
214 0.551681 0.000000 0.027875 86.355063 2.156487 -26.821039 0.181878 
215 0.591784 0.000000 0.027875 93.664041 0.154367 -17.927703 0.090562 
216 0.571732 0.000000 0.047563 95.324753 0.175019 -19.064815 0.054969 
217 0.561706 0.000000 -0.001656 79.778623 1.842164 -13.195199 0.345786 
218 0.551681 0.000000 -0.001656 85.431765 2.352421 -11.259594 0.256910 
219 0.561706 0.000000 -0.011499 80.715148 1.929419 -11.548590 0.334797 
220 0.571732 0.000000 -0.001656 76.627749 1.628826 -13.347335 0.394738 
221 0.561706 0.000000 0.008188 81.106841 1.962253 -14.881032 0.319638 
222 -14.968384 0.000000 -5.031768 98.849460 -0.000033 -15.162588 -0.000112 
223 -20.101635 0.000000 -5.031768 98.846944 -0.000020 -15.160509 -0.000056 
224 -14.968384 0.000000 -10.071724 98.850814 -0.000024 -15.159803 -0.000130 
225 -14.968384 0.000000 0.008188 98.845513 -0.000035 -15.164169 -0.000039 
226 -7.268507 0.000000 -2.511790 98.863029 -0.000216 -15.179433 -0.000431 
227 -9.835133 0.000000 -2.511790 98.853480 -0.000069 -15.170941 -0.000217 
228 -7.268507 0.000000 -5.031768 98.868700 -0.000076 -15.168340 -0.000510 
229 -7.268507 0.000000 0.008188 98.847261 -0.000120 -15.185473 -0.000138 
230 -3.418569 0.000000 -1.251801 98.910398 -0.000090 -15.246399 -0.001572 
231 -4.701881 0.000000 -1.251801 98.876753 -0.000091 -15.212649 -0.000804 
232 -3.418569 0.000000 -2.511790 98.934427 -0.000046 -15.204071 -0.001918 
233 -3.418569 0.000000 0.008188 98.848763 -0.000078 -15.267725 -0.000418 
234 -1.493599 0.000000 -0.621806 99.095562 -0.000438 -15.626855 -0.006413 
235 -2.135256 0.000000 -0.621806 98.957492 0.002538 -15.408994 -0.003002 
236 -1.493599 0.000000 -1.251801 99.178343 -0.003202 -15.388409 -0.007315 
237 -1.493599 0.000000 0.008188 98.815221 0.000200 -15.716069 -0.001144 
238 -0.531115 0.000000 -0.306809 99.601514 0.005608 -16.792449 -0.020245 
239 -0.851943 0.000000 -0.306809 99.089275 0.006866 -15.973897 -0.007385 
240 -0.531115 0.000000 -0.621806 99.934692 0.009499 -16.021160 -0.024362 
241 -0.531115 0.000000 0.008188 98.399735 0.000961 -17.021009 0.002778 
242 -0.049872 0.000000 -0.149310 105.541337 0.095752 -21.315496 -0.159333 
243 -0.210286 0.000000 -0.149310 100.410158 0.001608 -19.953144 -0.048033 
244 -0.049872 0.000000 -0.306809 103.742389 0.028598 -16.985877 -0.105100 
245 -0.049872 0.000000 0.008188 86.792654 0.127632 -32.985683 0.137896 
246 0.190749 0.000000 -0.070561 112.413979 -0.088476 11.660913 -0.277289 
247 0.110542 0.000000 -0.070561 119.268066 -0.104094 -18.135105 -0.455376 
248 0.190749 0.000000 -0.149310 109.232039 0.096918 -6.247386 -0.197068 
249 0.190749 0.000000 0.008188 95.329627 -0.486504 4.242977 0.089402 
250 0.351163 0.000000 0.086937 106.807772 0.202506 -15.883121 -0.166021 
251 0.270956 0.000000 0.086937 106.938901 0.284687 -9.274421 -0.152202 
252 0.351163 0.000000 0.165687 100.591844 0.218222 -11.948146 -0.026152 
253 0.311059 0.000000 -0.031187 99.199157 0.142864 2.591012 0.015279 
254 0.270956 0.000000 -0.031187 98.246230 0.075896 3.085386 0.033815 
255 0.311059 0.000000 -0.070561 100.754301 0.113279 -1.513201 -0.015373 
256 0.351163 0.000000 -0.031187 98.778831 0.179804 1.893713 0.023912 
257 0.311059 0.000000 0.008188 100.623777 0.143513 -0.496062 -0.012541 
258 -14.968384 0.000000 5.048144 98.841494 -0.000026 -15.162779 0.000045 
259 -20.101635 0.000000 5.048144 98.843352 -0.000017 -15.160604 0.000015 
260 -14.968384 0.000000 10.088100 98.839934 -0.000016 -15.160148 0.000084 
261 -7.268507 0.000000 2.528166 98.831558 0.000033 -15.179712 0.000190 
262 -9.835133 0.000000 2.528166 98.839215 -0.000057 -15.171147 0.000065 
263 -7.268507 0.000000 5.048144 98.825674 -0.000044 -15.169153 0.000338 
264 -3.418569 0.000000 1.268177 98.790022 0.000015 -15.243570 0.000817 
265 -4.701881 0.000000 1.268177 98.821241 -0.000045 -15.212093 0.000295 
266 -3.418569 0.000000 2.528166 98.769287 0.000085 -15.202956 0.001350 
267 -1.493599 0.000000 0.638183 98.567890 0.001356 -15.584852 0.004148 
268 -2.135256 0.000000 0.638183 98.731051 -0.001746 -15.396038 0.001514 
269 -1.493599 0.000000 1.268177 98.550810 0.002485 -15.323317 0.005293 
270 -0.531115 0.000000 0.323185 97.601654 0.001608 -16.306527 0.020801 
271 -0.851943 0.000000 0.323185 98.350552 -0.007883 -15.810784 0.007719 
272 -0.531115 0.000000 0.638183 97.672577 -0.009172 -15.633582 0.021566 
273 -0.049872 0.000000 0.165687 89.847386 0.079311 -14.209667 0.172553 
274 -0.210286 0.000000 0.165687 94.628333 -0.018011 -17.938906 0.072367 
275 -0.049872 0.000000 0.323185 93.854619 -0.009339 -14.345592 0.098551 
276 0.190749 0.000000 0.086937 104.645267 0.580314 2.079454 -0.095529 
277 0.110542 0.000000 0.086937 98.294961 0.786154 15.073829 0.011026 
278 0.190749 0.000000 0.165687 98.473152 0.147498 -5.956338 0.026754 
279 0.230852 0.000000 -0.031187 98.032653 0.060826 3.215822 0.037925 
280 0.190749 0.000000 -0.031187 78.281071 -0.429071 67.322755 -0.066046 
281 0.230852 0.000000 -0.070561 103.713263 0.005312 5.238645 -0.078388 
282 0.230852 0.000000 0.008188 93.440706 -0.177817 2.596192 0.126206 
283 0.030335 0.000000 -0.070561 119.344249 0.082447 -21.664814 -0.471242 
284 -0.049872 0.000000 -0.070561 104.396297 0.102940 -28.130164 -0.168990 
285 0.030335 0.000000 -0.149310 110.286489 0.093142 -18.051370 -0.248897 
286 0.030335 0.000000 0.008188 85.043540 1.137292 -5.679926 0.273404 
287 0.150645 0.000000 -0.031187 136.691948 -0.373963 -0.020224 -0.868483 
288 0.110542 0.000000 -0.031187 81.252326 -0.443587 -68.450395 -0.128759 
289 0.150645 0.000000 -0.070561 143.996869 -0.378267 -0.327317 -1.073535 
290 0.150645 0.000000 0.008188 15.926357 -7.842759 1.037493 0.968377 
291 0.230852 0.000000 0.047563 105.089634 0.437383 -1.968890 -0.104790 
292 0.190749 0.000000 0.047563 104.613042 0.585474 2.205582 -0.094910 
293 0.270956 0.000000 0.047563 105.353121 0.256331 -7.171822 -0.115078 
294 0.230852 0.000000 0.086937 105.792040 0.441952 -2.597782 -0.119890 
295 0.210801 0.000000 -0.011499 56.741733 -0.622532 18.773026 0.642756 
296 0.190749 0.000000 -0.011499 37.538219 -0.595963 44.641854 0.659763 
297 0.210801 0.000000 -0.031187 98.062587 0.062873 3.216838 0.037338 
298 0.230852 0.000000 -0.011499 92.232407 -0.230110 3.392508 0.148162 
299 0.210801 0.000000 0.008188 86.771342 -0.645185 3.840655 0.245557 
300 0.030335 0.000000 0.086937 78.605911 0.162893 -1.556452 0.381866 
301 -0.049872 0.000000 0.086937 84.463825 0.105561 -17.528895 0.255859 
302 0.030335 0.000000 0.165687 89.351160 0.110176 -8.603844 0.194233 
303 0.070438 0.000000 -0.031187 113.795764 0.087654 5.424382 -0.297891 
304 0.030335 0.000000 -0.031187 136.841447 0.872497 -10.434099 -0.883521 
305 0.070438 0.000000 -0.070561 117.961427 0.003312 -15.638754 -0.415947 
306 0.070438 0.000000 0.008188 108.899497 -0.081251 5.787720 -0.189260 
307 0.070438 0.000000 0.047563 82.054379 0.904967 25.826776 0.259924 
308 0.030335 0.000000 0.047563 61.146971 1.004613 28.909267 0.542429 
309 0.110542 0.000000 0.047563 93.082150 0.850837 19.444372 0.095691 
310 0.070438 0.000000 0.086937 87.532360 0.939564 24.064455 0.175811 
311 0.090490 0.000000 -0.011499 98.085788 -0.490390 6.785694 0.033289 
312 0.070438 0.000000 -0.011499 114.685817 0.113705 4.270034 -0.317108 
313 0.090490 0.000000 -0.031187 102.674817 -0.295983 6.249635 -0.058126 
314 0.110542 0.000000 -0.011499 44.738660 -0.443540 -51.984451 0.529587 
315 0.090490 0.000000 0.008188 102.239420 -0.311003 6.281944 -0.049246 
316 -0.370701 0.000000 -0.149310 99.324380 -0.016290 -18.210919 -0.019697 
317 -0.531115 0.000000 -0.149310 99.056885 0.005987 -17.047467 -0.010288 
318 -0.370701 0.000000 -0.306809 100.220686 0.007545 -17.381536 -0.034630 
319 -0.370701 0.000000 0.008188 97.882928 0.009181 -18.206809 0.008744 
320 -0.130079 0.000000 -0.070561 99.442491 -0.055863 -23.288252 -0.043115 
321 -0.210286 0.000000 -0.070561 98.732671 -0.007408 -20.738183 -0.017821 
322 -0.130079 0.000000 -0.149310 102.027311 -0.031668 -21.026448 -0.085168 
323 -0.130079 0.000000 0.008188 94.614395 0.091157 -22.996163 0.051928 
324 -0.009769 0.000000 -0.031187 114.267396 0.157777 -44.264310 -0.501639 
325 -0.049872 0.000000 -0.031187 98.840379 0.116301 -33.717799 -0.090632 
326 -0.009769 0.000000 -0.070561 112.196144 0.107598 -28.592662 -0.340553 
327 -0.009769 0.000000 0.008188 54.843245 1.655065 -53.536093 0.412337 
328 -0.370701 0.000000 0.165687 96.906727 -0.001498 -17.310972 0.030942 
329 -0.531115 0.000000 0.165687 97.854127 0.005212 -16.736705 0.014445 
330 -0.370701 0.000000 0.323185 96.924532 0.013886 -16.219182 0.034257 
331 -0.130079 0.000000 0.086937 92.018404 -0.002841 -19.686389 0.114506 
332 -0.210286 0.000000 0.086937 95.141029 -0.024349 -19.184463 0.058014 
333 -0.130079 0.000000 0.165687 92.591401 0.016370 -17.002561 0.113775 
334 -0.009769 0.000000 0.047563 66.708524 0.178062 -16.423915 0.528020 
335 -0.049872 0.000000 0.047563 82.037103 0.121948 -23.566908 0.271450 
336 -0.009769 0.000000 0.086937 79.172767 0.133455 -11.593587 0.359724 
337 0.010283 0.000000 -0.011499 106.874346 1.523939 -53.862647 -0.432563 
338 -0.009769 0.000000 -0.011499 85.882493 1.718755 -73.082859 -0.271986 
339 0.010283 0.000000 -0.031187 134.066330 1.356860 -45.728631 -1.006673 
340 0.030335 0.000000 -0.011499 136.252558 0.980274 -17.961989 -0.888835 
341 0.010283 0.000000 0.008188 45.796842 1.489771 -28.353189 0.709653 
342 -0.089976 0.000000 -0.031187 97.085020 0.096217 -27.080781 -0.015888 
343 -0.130079 0.000000 -0.031187 97.101351 0.091106 -23.576440 0.001547 
344 -0.089976 0.000000 -0.070561 100.795248 0.093289 -25.477979 -0.080882 
345 -0.089976 0.000000 0.008188 92.325076 0.096265 -26.220644 0.078855 
346 -0.029821 0.000000 -0.011499 93.184934 0.152584 -44.515490 -0.066508 
347 -0.049872 0.000000 -0.011499 93.081027 0.123550 -34.974112 0.011272 
348 -0.029821 0.000000 -0.031187 102.918202 0.129847 -39.325295 -0.213865 
349 -0.029821 0.000000 0.008188 79.462081 0.166767 -40.925485 0.201085 
350 0.010283 0.000000 0.027875 27.623964 1.267252 11.658361 0.909939 
351 -0.009769 0.000000 0.027875 7.113219 1.525036 -18.577150 0.960197 
352 0.030335 0.000000 0.027875 52.001024 1.059621 27.154980 0.655738 
353 0.010283 0.000000 0.047563 60.845881 0.267259 -4.081124 0.628105 
354 0.000257 0.000000 -0.001656 63.049526 1.757544 -71.334737 0.093302 
355 -0.009769 0.000000 -0.001656 59.303129 1.663197 -56.189052 0.332316 
356 0.000257 0.000000 -0.011499 94.980288 1.599107 -60.658733 -0.270329 
357 0.010283 0.000000 -0.001656 90.500073 1.547030 -51.401326 -0.083475 
358 0.000257 0.000000 0.008188 24.181095 1.609688 -38.177970 0.795513 
359 0.050386 0.000000 0.027875 71.426971 0.969051 27.945045 0.411632 
360 0.050386 0.000000 0.008188 127.454360 0.545238 1.231659 -0.624643 
361 0.070438 0.000000 0.027875 79.516235 0.947207 26.631452 0.296704 
362 0.050386 0.000000 0.047563 72.723724 0.963851 27.887896 0.393260 
363 0.311059 0.000000 0.047563 105.291526 0.186384 -9.317670 -0.117316 
364 0.351163 0.000000 0.047563 105.849390 0.215616 -13.994182 -0.139998 
365 0.311059 0.000000 0.086937 107.197752 0.210967 -13.004848 -0.166053 
366 0.471473 0.000000 0.047563 103.289990 0.521116 -24.936975 -0.129095 
367 0.431370 0.000000 0.047563 104.031495 0.414560 -20.989761 -0.126329 
368 0.471473 0.000000 0.086937 100.300624 0.208094 -17.663531 -0.037226 
369 0.531629 0.000000 0.027875 96.197034 1.694505 -28.313799 -0.005841 
370 0.511577 0.000000 0.027875 99.321339 1.056840 -24.698305 -0.047585 
371 0.531629 0.000000 0.047563 97.874297 0.219314 -20.820703 -0.001293 
372 -4.701881 0.000000 -15.111679 98.858620 -0.000013 -15.150471 -0.000256 
373 -9.835133 0.000000 -15.111679 98.853910 -0.000018 -15.155877 -0.000180 
374 -4.701881 0.000000 -20.151635 98.853151 -0.000008 -15.152104 -0.000153 
375 0.431370 0.000000 -15.111679 98.861663 0.000001 -15.140492 -0.000286 
376 -2.135256 0.000000 -7.551746 98.899108 -0.000614 -15.132443 -0.001002 
377 -4.701881 0.000000 -7.551746 98.880958 -0.000045 -15.152970 -0.000706 
378 -2.135256 0.000000 -10.071724 98.878102 -0.000010 -15.138006 -0.000604 
379 0.431370 0.000000 -7.551746 98.910482 0.000078 -15.094665 -0.001113 
380 -0.851943 0.000000 -3.771779 99.044335 0.000936 -15.075272 -0.003704 
381 -2.135256 0.000000 -3.771779 98.980911 0.000100 -15.146575 -0.002664 
382 -0.851943 0.000000 -5.031768 98.971065 0.000174 -15.089263 -0.002296 
383 0.431370 0.000000 -3.771779 99.093583 0.002272 -14.950154 -0.004305 
384 -0.210286 0.000000 -1.881795 99.536796 -0.005284 -14.953646 -0.013119 
385 -0.851943 0.000000 -1.881795 99.314883 0.000278 -15.156911 -0.009318 
386 -0.210286 0.000000 -2.511790 99.303734 0.002507 -14.961243 -0.008507 
387 0.431370 0.000000 -1.881795 99.604544 -0.004749 -14.610517 -0.013453 
388 0.110542 0.000000 -0.936804 100.749146 0.022681 -14.607198 -0.036376 
389 -0.210286 0.000000 -0.936804 100.310305 0.033142 -15.246394 -0.029461 
390 0.110542 0.000000 -1.251801 100.178488 0.012566 -14.694794 -0.025167 
391 0.431370 0.000000 -0.936804 100.686801 0.021483 -13.871397 -0.033025 
392 0.270956 0.000000 -0.464308 102.776147 0.040049 -12.725188 -0.072487 
393 0.110542 0.000000 -0.464308 103.273854 0.019577 -14.313197 -0.087036 
394 0.270956 0.000000 -0.621806 101.785696 0.060993 -13.620796 -0.054586 
395 0.431370 0.000000 -0.464308 101.523008 0.047303 -12.047600 -0.045207 
396 0.190749 0.000000 -0.228060 106.481688 0.098074 -10.265631 -0.144374 
397 0.110542 0.000000 -0.228060 107.492786 0.091787 -13.154752 -0.172776 
398 0.190749 0.000000 -0.306809 105.100066 0.054745 -11.919274 -0.118810 
399 0.270956 0.000000 -0.228060 104.839951 0.109343 -8.399812 -0.106198 
400 0.150645 0.000000 -0.109936 115.510408 0.041758 -6.183155 -0.338089 
401 0.110542 0.000000 -0.109936 115.872804 0.050413 -11.906116 -0.356826 
402 0.150645 0.000000 -0.149310 111.271339 0.090368 -8.754413 -0.245796 
403 0.190749 0.000000 -0.109936 111.227437 0.055994 -1.572597 -0.237402 
404 0.130593 0.000000 -0.050874 132.772738 -0.379374 -35.104072 -0.886104 
405 0.110542 0.000000 -0.050874 107.099943 -0.396376 -61.026217 -0.519475 
406 0.130593 0.000000 -0.070561 128.522689 -0.379092 -45.839177 -0.861946 
407 0.150645 0.000000 -0.050874 138.508053 -0.374861 0.477455 -0.918485 
408 0.130593 0.000000 -0.031187 119.447299 -0.390792 -45.405159 -0.632944 
409 -0.049872 0.000000 -0.464308 102.568771 -0.004173 -15.835752 -0.077112 
410 -0.210286 0.000000 -0.464308 101.511459 0.020991 -16.648064 -0.058173 
411 -0.049872 0.000000 -0.621806 101.775943 0.034567 -15.380606 -0.059491 
412 0.030335 0.000000 -0.228060 106.638336 0.089925 -16.280318 -0.163679 
413 -0.049872 0.000000 -0.228060 104.731036 -0.026134 -18.440017 -0.130862 
414 0.030335 0.000000 -0.306809 105.058252 0.004533 -15.669347 -0.128276 
415 0.070438 0.000000 -0.109936 115.042924 0.076361 -15.695273 -0.348122 
416 0.030335 0.000000 -0.109936 113.464112 0.090240 -19.754013 -0.326433 
417 0.070438 0.000000 -0.149310 111.653862 0.088432 -15.181527 -0.269707 
418 0.090490 0.000000 -0.050874 111.421209 -0.208301 -18.831946 -0.276937 
419 0.070438 0.000000 -0.050874 117.580002 -0.079345 -13.169339 -0.399849 
420 0.090490 0.000000 -0.070561 116.886624 -0.058337 -16.435200 -0.393260 
421 0.150645 0.000000 0.047563 100.963402 0.745939 9.915869 -0.029249 
422 0.150645 0.000000 0.086937 101.133540 0.736886 9.590487 -0.032051 
423 0.130593 0.000000 -0.011499 128.522689 -0.379092 -45.839177 -0.861946 
424 0.150645 0.000000 -0.011499 143.996869 -0.378267 -0.327317 -1.073535 
425 0.130593 0.000000 0.008188 17.115244 -7.836666 -2.089947 0.964129 
426 0.120568 0.000000 -0.041030 108.831351 -0.389445 -59.976114 -0.544155 
427 0.110542 0.000000 -0.041030 95.107677 -0.417491 -64.796879 -0.324428 
428 0.120568 0.000000 -0.050874 115.410200 -0.389552 -49.971445 -0.581681 
429 0.130593 0.000000 -0.041030 121.799922 -0.387411 -44.831916 -0.684527 
430 0.120568 0.000000 -0.031187 101.264793 -0.411979 -57.255607 -0.353293 
431 0.170697 0.000000 -0.050874 129.794842 -0.362454 34.842036 -0.806080 
432 0.170697 0.000000 -0.070561 125.706383 -0.358064 44.436296 -0.777681 
433 0.190749 0.000000 -0.050874 104.008536 -0.375287 59.363930 -0.434199 
434 0.170697 0.000000 -0.031187 112.774844 -0.374082 47.585977 -0.498273 
435 2.035511 0.000000 -0.306809 98.493080 -0.001250 -16.970896 0.001110 
436 2.035511 0.000000 -0.621806 99.089982 -0.008418 -14.026883 -0.001558 
437 2.356339 0.000000 -0.306809 98.390203 0.093580 -17.634005 0.000840 
438 2.035511 0.000000 0.008188 98.677519 0.012196 -15.056393 0.003605 
439 5.564621 0.000000 -15.111679 98.860472 0.000014 -15.129605 -0.000230 
440 5.564621 0.000000 -20.151635 98.853963 0.000004 -15.142872 -0.000141 
441 10.697873 0.000000 -15.111679 98.857378 0.000020 -15.121654 -0.000145 
442 15.831124 0.000000 -15.111679 98.855128 0.000020 -15.115888 -0.000083 
443 15.831124 0.000000 -20.151635 98.851481 0.000009 -15.135995 -0.000071 
444 20.964375 0.000000 -15.111679 98.854158 0.000019 -15.110462 -0.000047 
445 -14.968384 0.000000 -15.111679 98.850309 -0.000016 -15.157801 -0.000114 
446 -20.101635 0.000000 -15.111679 98.848122 -0.000013 -15.158248 -0.000072 
447 -14.968384 0.000000 -20.151635 98.849284 -0.000011 -15.156776 -0.000091 
448 2.997996 0.000000 -7.551746 98.905451 -0.000620 -15.054302 -0.000892 
449 2.997996 0.000000 -10.071724 98.881050 0.000044 -15.102493 -0.000555 
450 5.564621 0.000000 -7.551746 98.893165 -0.000146 -15.025471 -0.000562 
451 8.131247 0.000000 -7.551746 98.884120 0.000127 -15.005296 -0.000323 
452 8.131247 0.000000 -10.071724 98.871140 0.000061 -15.076574 -0.000281 
453 10.697873 0.000000 -7.551746 98.879916 0.000123 -14.987112 -0.000185 
454 -7.268507 0.000000 -7.551746 98.866920 -0.000051 -15.160308 -0.000450 
455 -9.835133 0.000000 -7.551746 98.858346 -0.000044 -15.161965 -0.000286 
456 -7.268507 0.000000 -10.071724 98.862978 -0.000034 -15.156149 -0.000360 
457 1.714683 0.000000 -3.771779 99.070234 0.002811 -14.818331 -0.003449 
458 1.714683 0.000000 -5.031768 98.979105 0.001141 -14.964640 -0.002080 
459 2.997996 0.000000 -3.771779 99.012028 0.000760 -14.736026 -0.002053 
460 4.281308 0.000000 -3.771779 98.976435 0.000397 -14.686120 -0.001202 
461 4.281308 0.000000 -5.031768 98.940456 0.001168 -14.879397 -0.001061 
462 5.564621 0.000000 -3.771779 98.957192 0.001182 -14.644510 -0.000699 
463 -3.418569 0.000000 -3.771779 98.929410 -0.000015 -15.172257 -0.001723 
464 -4.701881 0.000000 -3.771779 98.897222 -0.000050 -15.177649 -0.001102 
465 -3.418569 0.000000 -5.031768 98.915282 -0.000004 -15.155281 -0.001392 
466 1.073026 0.000000 -1.881795 99.495839 -0.003241 -14.317224 -0.010440 
467 1.073026 0.000000 -2.511790 99.303952 0.003075 -14.602088 -0.007450 
468 1.714683 0.000000 -1.881795 99.305410 0.002638 -14.187944 -0.006286 
469 2.356339 0.000000 -1.881795 99.208696 0.003063 -14.102286 -0.004124 
470 2.356339 0.000000 -2.511790 99.165845 0.008820 -14.392573 -0.004101 
471 2.997996 0.000000 -1.881795 99.138318 0.007325 -14.064206 -0.002621 
472 -1.493599 0.000000 -1.881795 99.163525 0.001501 -15.248152 -0.006591 
473 -2.135256 0.000000 -1.881795 99.048703 0.006598 -15.262757 -0.004360 
474 -1.493599 0.000000 -2.511790 99.119396 0.009105 -15.177188 -0.005500 
475 0.752198 0.000000 -0.936804 100.179256 0.056474 -13.525813 -0.021883 
476 0.752198 0.000000 -1.251801 100.004663 0.020784 -13.962240 -0.019588 
477 1.073026 0.000000 -0.936804 99.754083 0.007317 -13.486248 -0.013276 
478 1.393855 0.000000 -0.936804 99.557991 0.014485 -13.480870 -0.009353 
479 1.393855 0.000000 -1.251801 99.558647 0.006034 -13.744506 -0.010084 
480 1.714683 0.000000 -0.936804 99.364047 0.003782 -13.586440 -0.005781 
481 -0.531115 0.000000 -0.936804 99.746518 0.018506 -15.457315 -0.018830 
482 -0.851943 0.000000 -0.936804 99.544812 0.008523 -15.610605 -0.015286 
483 -0.531115 0.000000 -1.251801 99.758188 0.011576 -15.304255 -0.018592 
484 0.591784 0.000000 -0.464308 100.498431 0.007071 -12.112858 -0.024666 
485 0.591784 0.000000 -0.621806 100.620433 0.041593 -12.825479 -0.028897 
486 0.752198 0.000000 -0.464308 99.951753 0.027326 -12.480185 -0.014611 
487 0.912612 0.000000 -0.464308 99.621335 0.033942 -12.914070 -0.009118 
488 0.912612 0.000000 -0.621806 100.061827 0.015410 -12.846437 -0.017740 
489 1.073026 0.000000 -0.464308 99.510959 0.004778 -13.101190 -0.007407 
490 0.351163 0.000000 -0.228060 102.477292 0.090502 -8.446575 -0.057295 
491 0.351163 0.000000 -0.306809 102.711121 0.096924 -10.123198 -0.065206 
492 0.431370 0.000000 -0.228060 100.942927 0.122304 -8.903630 -0.026876 
493 2.035511 0.000000 -0.936804 99.240922 -0.001933 -13.689995 -0.003618 
494 2.035511 0.000000 -1.251801 99.288530 -0.000665 -13.769350 -0.004781 
495 2.356339 0.000000 -0.936804 99.149219 -0.000796 -13.817517 -0.002149 
496 2.035511 0.000000 0.323185 98.742862 0.006850 -13.802136 0.005935 
497 2.356339 0.000000 0.323185 98.813670 0.004690 -13.780934 0.004594 
498 2.035511 0.000000 0.638183 98.668547 0.007455 -13.599106 0.007958 
499 0.391266 0.000000 -0.031187 98.410381 0.210914 1.298156 0.031367 
500 0.391266 0.000000 -0.070561 98.410649 0.201148 -4.037327 0.029900 
501 0.391266 0.000000 0.008188 99.628426 0.290545 -3.731727 0.006017 
502 -0.370701 0.000000 -0.464308 100.462526 0.023465 -16.571351 -0.036733 
503 -0.531115 0.000000 -0.464308 99.864015 0.011715 -16.358302 -0.024042 
504 -0.370701 0.000000 -0.621806 100.408824 0.012816 -15.992211 -0.033768 
505 -0.130079 0.000000 -0.228060 102.610151 0.035138 -18.984154 -0.088924 
506 -0.210286 0.000000 -0.228060 101.273884 -0.000075 -18.906230 -0.061385 
507 -0.130079 0.000000 -0.306809 102.849578 0.012788 -17.922718 -0.089926 
508 0.230852 0.000000 -0.109936 106.701738 0.081597 -1.238952 -0.138680 
509 0.230852 0.000000 -0.149310 106.786993 0.092426 -5.145512 -0.142995 
510 0.270956 0.000000 -0.109936 103.988156 0.098997 -2.370590 -0.081917 
511 0.391266 0.000000 0.047563 105.273201 0.287883 -18.849255 -0.143782 
512 0.391266 0.000000 0.086937 106.470958 0.198819 -18.430481 -0.167579 
513 0.210801 0.000000 -0.050874 99.910829 -0.185028 17.137814 -0.027591 
514 0.210801 0.000000 -0.070561 106.427562 -0.047184 8.731538 -0.140307 
515 0.230852 0.000000 -0.050874 97.252678 0.007490 3.189366 0.053174 
516 -0.009769 0.000000 -0.109936 109.755707 0.097128 -23.022588 -0.257636 
517 -0.049872 0.000000 -0.109936 105.564650 0.089434 -23.824467 -0.171151 
518 -0.009769 0.000000 -0.149310 108.010209 0.090700 -20.171725 -0.207311 
519 0.170697 0.000000 -0.011499 102.025620 -0.387274 57.687643 -0.373724 
520 0.170697 0.000000 0.008188 104.262742 0.712599 3.591784 -0.088413 
521 0.050386 0.000000 -0.011499 131.482287 0.687104 -3.974735 -0.730386 
522 0.050386 0.000000 -0.031187 127.500491 0.546691 1.195916 -0.625810 
523 0.090490 0.000000 0.027875 89.502154 0.835947 22.478315 0.148339 
524 0.110542 0.000000 0.027875 95.197567 0.825935 17.662802 0.062477 
525 0.090490 0.000000 0.047563 88.090133 0.898411 22.842459 0.171754 
526 -0.089976 0.000000 -0.109936 102.654213 0.093625 -23.187491 -0.107556 
527 -0.130079 0.000000 -0.109936 101.042269 -0.049523 -22.141605 -0.069979 
528 -0.089976 0.000000 -0.149310 103.377466 0.087597 -21.253180 -0.113861 
529 -0.089976 0.000000 0.047563 89.377065 0.091662 -22.836324 0.149023 
530 -0.130079 0.000000 0.047563 92.748895 -0.023528 -21.626424 0.092994 
531 -0.089976 0.000000 0.086937 89.049807 0.088999 -19.473968 0.169089 
532 -0.029821 0.000000 0.027875 73.846866 0.155836 -30.227453 0.363292 
533 -0.049872 0.000000 0.027875 82.893090 0.126543 -28.365980 0.232409 
534 -0.029821 0.000000 0.047563 75.342789 0.141016 -22.148459 0.383289 
535 0.130593 0.000000 0.027875 98.297773 0.780278 15.073537 0.010973 
536 0.150645 0.000000 0.027875 99.664623 0.759871 12.446829 -0.008854 
537 0.130593 0.000000 0.047563 98.970256 0.803353 13.752197 0.001512 
538 0.170697 0.000000 0.027875 104.258330 0.599040 3.584674 -0.088301 
539 0.190749 0.000000 0.027875 104.258298 0.598210 3.584622 -0.088300 
540 0.170697 0.000000 0.047563 101.731028 0.719027 8.442475 -0.042099 
541 0.511577 0.000000 -0.228060 99.918136 0.104173 -9.679189 -0.007733 
542 0.511577 0.000000 -0.306809 100.578226 0.067627 -10.667938 -0.022979 
543 0.591784 0.000000 -0.228060 99.005699 0.063873 -11.190949 0.007263 
544 0.671991 0.000000 -0.228060 98.689983 0.062580 -12.221483 0.011092 
545 0.671991 0.000000 -0.306809 99.448851 0.064832 -11.887128 -0.003138 
546 0.752198 0.000000 -0.228060 98.584234 0.055583 -13.041577 0.011106 
547 0.311059 0.000000 -0.109936 102.256393 0.114038 -3.475515 -0.046846 
548 0.311059 0.000000 -0.149310 103.202453 0.114180 -5.171455 -0.067750 
549 0.351163 0.000000 -0.109936 100.993973 0.200534 -4.095524 -0.021660 
550 0.391266 0.000000 -0.109936 99.704967 0.177852 -5.239425 0.003144 
551 0.391266 0.000000 -0.149310 100.545000 0.147277 -6.632882 -0.015331 
552 0.431370 0.000000 -0.109936 98.502565 0.138718 -6.548275 0.025435 
553 0.210801 0.000000 0.027875 103.062510 0.341146 0.223019 -0.062205 
554 0.230852 0.000000 0.027875 102.232497 0.195664 -1.464921 -0.045367 
555 0.210801 0.000000 0.047563 105.456026 0.509306 -1.182359 -0.112263 
556 0.050386 0.000000 -0.050874 123.258791 0.019086 -14.775491 -0.541104 
557 0.030335 0.000000 -0.050874 125.398051 0.083341 -21.587827 -0.619071 
558 0.050386 0.000000 -0.070561 119.485093 0.047352 -17.622776 -0.458725 
559 0.010283 0.000000 -0.050874 121.620943 0.114745 -29.757014 -0.567715 
560 -0.009769 0.000000 -0.050874 113.675392 0.120143 -34.008769 -0.407871 
561 0.010283 0.000000 -0.070561 116.648822 0.102457 -25.958486 -0.428080 
562 0.471473 0.000000 -0.109936 97.637295 0.100674 -7.666788 0.040817 
563 0.471473 0.000000 -0.149310 98.795125 0.128673 -8.197409 0.017231 
564 0.511577 0.000000 -0.109936 97.005510 0.134363 -8.907728 0.051057 
565 0.551681 0.000000 -0.109936 96.707849 0.111875 -10.053655 0.054650 
566 0.551681 0.000000 -0.149310 97.886259 0.106610 -10.082615 0.031661 
567 0.591784 0.000000 -0.109936 96.651323 0.095058 -11.446438 0.052749 
568 0.631888 0.000000 -0.109936 96.785428 0.067702 -12.824668 0.046810 
569 0.631888 0.000000 -0.149310 97.598534 0.060487 -12.257005 0.032429 
570 0.671991 0.000000 -0.109936 97.066738 0.056709 -13.584706 0.039350 
571 -0.029821 0.000000 -0.050874 106.677863 0.115070 -33.413734 -0.249666 
572 -0.049872 0.000000 -0.050874 102.491667 0.109043 -30.941519 -0.146193 
573 -0.029821 0.000000 -0.070561 107.756328 0.105963 -29.037316 -0.245460 
1 19 21 3 22 
2 20 19 22 9 
3 28 20 9 30 
4 29 28 30 4 
5 35 37 19 38 
6 36 35 38 20 
7 44 36 20 46 
8 45 44 46 28 
9 51 53 35 54 
10 52 51 54 36 
11 60 52 36 62 
12 61 60 62 44 
13 67 69 51 70 
14 68 67 70 52 
15 76 68 52 78 
16 77 76 78 60 
17 83 85 67 86 
18 84 83 86 68 
19 92 84 68 94 
20 93 92 94 76 
21 99 101 83 102 
22 100 99 102 84 
23 108 100 84 110 
24 109 108 110 92 
25 115 117 99 118 
26 116 115 118 100 
27 10 125 124 26 
28 125 13 126 124 
29 124 126 8 127 
30 26 124 127 14 
31 23 129 128 42 
32 129 26 130 128 
33 128 130 14 131 
34 42 128 131 27 
35 39 133 132 58 
36 133 42 134 132 
37 132 134 27 135 
38 58 132 135 43 
39 137 58 138 136 
40 136 138 43 139 
41 71 141 140 90 
42 141 74 142 140 
43 140 142 59 143 
44 90 140 143 75 
45 87 145 144 106 
46 145 90 146 144 
47 144 146 75 147 
48 106 144 147 91 
49 149 106 150 148 
50 148 150 91 151 
51 152 116 100 154 
52 153 152 154 108 
53 155 157 115 158 
54 156 155 158 116 
55 119 161 159 160 
56 161 122 162 159 
57 14 127 164 37 
58 127 8 165 164 
59 164 165 21 166 
60 37 164 166 19 
61 27 131 167 53 
62 131 14 168 167 
63 167 168 37 169 
64 53 167 169 35 
65 43 135 170 69 
66 135 27 171 170 
67 170 171 53 172 
68 69 170 172 51 
69 139 43 174 173 
70 173 174 69 175 
71 85 173 175 67 
72 75 143 176 101 
73 143 59 177 176 
74 176 177 85 178 
75 101 176 178 83 
76 91 147 179 117 
77 147 75 180 179 
78 179 180 101 181 
79 117 179 181 99 
80 151 91 183 182 
81 182 183 117 184 
82 157 182 184 115 
83 122 186 185 162 
84 186 148 187 185 
85 185 187 151 188 
86 162 185 188 107 
87 189 191 157 192 
88 190 189 192 155 
89 159 195 193 194 
90 195 162 196 193 
91 193 196 107 197 
92 120 204 202 203 
93 204 119 160 202 
94 202 160 123 205 
95 203 202 205 5 
96 160 208 206 207 
97 208 159 194 206 
98 206 194 163 209 
99 207 206 209 123 
100 107 188 210 191 
101 188 151 211 210 
102 210 211 182 212 
103 191 210 212 157 
104 163 197 213 214 
105 197 107 215 213 
106 213 215 191 216 
107 214 213 216 189 
108 194 219 217 218 
109 219 193 220 217 
110 217 220 197 221 
111 218 217 221 163 
112 16 224 222 223 
113 224 15 32 222 
114 222 32 18 225 
115 223 222 225 6 
116 32 228 226 227 
117 228 31 48 226 
118 226 48 34 229 
119 227 226 229 18 
120 48 232 230 231 
121 232 47 64 230 
122 230 64 50 233 
123 231 230 233 34 
124 64 236 234 235 
125 236 63 80 234 
126 234 80 66 237 
127 235 234 237 50 
128 80 240 238 239 
129 239 238 241 66 
130 250 156 116 252 
131 251 250 252 152 
132 199 255 253 254 
133 255 198 256 253 
134 253 256 201 257 
135 254 253 257 114 
136 6 225 258 259 
137 225 18 45 258 
138 258 45 28 260 
139 259 258 260 29 
140 18 229 261 262 
141 229 34 61 261 
142 261 61 44 263 
143 262 261 263 45 
144 34 233 264 265 
145 233 50 77 264 
146 264 77 60 266 
147 265 264 266 61 
148 50 237 267 268 
149 237 66 93 267 
150 267 93 76 269 
151 268 267 269 77 
152 66 241 270 271 
153 270 109 92 272 
154 271 270 272 93 
155 273 153 108 275 
156 274 273 275 109 
157 276 251 152 278 
158 277 276 278 153 
159 281 199 254 279 
160 279 254 114 282 
161 282 114 293 291 
162 291 293 251 294 
163 292 291 294 276 
164 280 297 295 296 
165 297 279 298 295 
166 295 298 282 299 
167 296 295 299 249 
168 300 277 153 302 
169 301 300 302 273 
170 307 309 277 310 
171 308 307 310 300 
172 303 313 311 312 
173 313 288 314 311 
174 311 314 98 315 
175 312 311 315 306 
176 238 318 316 317 
177 318 96 243 316 
178 316 243 82 319 
179 317 316 319 241 
180 243 322 320 321 
181 321 320 323 82 
182 241 319 328 329 
183 319 82 274 328 
184 328 274 109 330 
185 329 328 330 270 
186 82 323 331 332 
187 331 301 273 333 
188 332 331 333 274 
189 334 308 300 336 
190 335 334 336 301 
191 324 339 337 338 
192 339 304 340 337 
193 337 340 286 341 
194 320 344 342 343 
195 344 284 325 342 
196 342 325 245 345 
197 343 342 345 323 
198 325 348 346 347 
199 348 324 338 346 
200 346 338 327 349 
201 347 346 349 245 
202 327 341 350 351 
203 341 286 352 350 
204 350 352 308 353 
205 351 350 353 334 
206 338 356 354 355 
207 356 337 357 354 
208 354 357 341 358 
209 355 354 358 327 
210 286 360 359 352 
211 360 306 361 359 
212 359 361 307 362 
213 352 359 362 308 
214 114 257 363 293 
215 257 201 364 363 
216 363 364 250 365 
217 293 363 365 251 
218 5 205 366 367 
219 205 123 190 366 
220 366 190 155 368 
221 367 366 368 156 
222 123 209 369 370 
223 209 163 214 369 
224 369 214 189 371 
225 370 369 371 190 
226 17 374 372 373 
227 374 7 375 372 
228 372 375 11 33 
229 373 372 33 15 
230 33 378 376 377 
231 378 11 379 376 
232 376 379 24 49 
233 377 376 49 31 
234 49 382 380 381 
235 382 24 383 380 
236 380 383 40 65 
237 381 380 65 47 
238 65 386 384 385 
239 386 40 387 384 
240 384 387 56 81 
241 385 384 81 63 
242 81 390 388 389 
243 390 56 391 388 
244 388 391 72 97 
245 389 388 97 79 
246 97 394 392 393 
247 394 72 395 392 
248 392 395 88 113 
249 393 392 113 95 
250 95 398 396 397 
251 398 113 399 396 
252 396 399 111 248 
253 397 396 248 112 
254 112 402 400 401 
255 402 248 403 400 
256 400 403 246 289 
257 401 400 289 247 
258 247 406 404 405 
259 406 289 407 404 
260 404 407 287 408 
261 79 411 409 410 
262 411 97 393 409 
263 409 393 95 244 
264 410 409 244 96 
265 244 414 412 413 
266 414 95 397 412 
267 412 397 112 285 
268 413 412 285 242 
269 285 417 415 416 
270 417 112 401 415 
271 415 401 247 305 
272 416 415 305 283 
273 305 420 418 419 
274 420 247 405 418 
275 418 405 288 313 
276 419 418 313 303 
277 421 292 276 422 
278 309 421 422 277 
279 288 408 423 314 
280 408 287 424 423 
281 423 424 290 425 
282 314 423 425 98 
283 405 428 426 427 
284 428 404 429 426 
285 426 429 408 430 
286 427 426 430 288 
287 289 432 431 407 
288 432 246 433 431 
289 431 433 280 434 
290 407 431 434 287 
291 74 436 435 142 
292 436 136 437 435 
293 435 437 139 438 
294 142 435 438 59 
295 7 440 439 375 
296 440 12 441 439 
297 439 441 10 25 
298 375 439 25 11 
299 12 443 442 441 
300 443 2 444 442 
301 442 444 13 125 
302 441 442 125 10 
303 1 447 445 446 
304 447 17 373 445 
305 445 373 15 224 
306 446 445 224 16 
307 11 449 448 379 
308 449 25 450 448 
309 448 450 23 41 
310 379 448 41 24 
311 25 452 451 450 
312 452 10 453 451 
313 451 453 26 129 
314 450 451 129 23 
315 15 456 454 455 
316 456 33 377 454 
317 454 377 31 228 
318 455 454 228 32 
319 24 458 457 383 
320 458 41 459 457 
321 457 459 39 57 
322 383 457 57 40 
323 41 461 460 459 
324 461 23 462 460 
325 460 462 42 133 
326 459 460 133 39 
327 31 465 463 464 
328 465 49 381 463 
329 463 381 47 232 
330 464 463 232 48 
331 40 467 466 387 
332 467 57 468 466 
333 466 468 55 73 
334 387 466 73 56 
335 57 470 469 468 
336 470 39 471 469 
337 469 471 58 137 
338 468 469 137 55 
339 47 474 472 473 
340 474 65 385 472 
341 472 385 63 236 
342 473 472 236 64 
343 56 476 475 391 
344 476 73 477 475 
345 475 477 71 89 
346 391 475 89 72 
347 73 479 478 477 
348 479 55 480 478 
349 478 480 74 141 
350 477 478 141 71 
351 63 483 481 482 
352 483 81 389 481 
353 481 389 79 240 
354 482 481 240 80 
355 72 485 484 395 
356 485 89 486 484 
357 484 486 87 105 
358 395 484 105 88 
359 89 488 487 486 
360 488 71 489 487 
361 487 489 90 145 
362 486 487 145 87 
363 113 491 490 399 
364 491 88 492 490 
365 490 492 104 200 
366 399 490 200 111 
367 55 494 493 480 
368 494 137 495 493 
369 493 495 136 436 
370 480 493 436 74 
371 59 438 496 177 
372 438 139 497 496 
373 496 497 173 498 
374 177 496 498 85 
375 198 500 499 256 
376 500 120 203 499 
377 499 203 5 501 
378 256 499 501 201 
379 240 504 502 503 
380 504 79 410 502 
381 502 410 96 318 
382 503 502 318 238 
383 96 507 505 506 
384 507 244 413 505 
385 505 413 242 322 
386 506 505 322 243 
387 248 509 508 403 
388 509 111 510 508 
389 508 510 199 281 
390 403 508 281 246 
391 201 501 511 364 
392 501 5 367 511 
393 511 367 156 512 
394 364 511 512 250 
395 246 514 513 433 
396 514 281 515 513 
397 513 515 279 297 
398 433 513 297 280 
399 242 518 516 517 
400 518 285 416 516 
401 516 416 283 326 
402 517 516 326 284 
403 287 434 519 424 
404 434 280 296 519 
405 519 296 249 520 
406 424 519 520 290 
407 304 522 521 340 
408 522 303 312 521 
409 521 312 306 360 
410 340 521 360 286 
411 306 315 523 361 
412 315 98 524 523 
413 523 524 309 525 
414 361 523 525 307 
415 322 528 526 527 
416 528 242 517 526 
417 526 517 284 344 
418 527 526 344 320 
419 323 345 529 530 
420 345 245 335 529 
421 529 335 301 531 
422 530 529 531 331 
423 245 349 532 533 
424 349 327 351 532 
425 532 351 334 534 
426 533 532 534 335 
427 98 425 535 524 
428 425 290 536 535 
429 535 536 421 537 
430 524 535 537 309 
431 290 520 538 536 
432 520 249 539 538 
433 538 539 292 540 
434 536 538 540 421 
435 88 542 541 492 
436 542 105 543 541 
437 541 543 103 121 
438 492 541 121 104 
439 105 545 544 543 
440 545 87 546 544 
441 544 546 106 149 
442 543 544 149 103 
443 111 548 547 510 
444 548 200 549 547 
445 547 549 198 255 
446 510 547 255 199 
447 200 551 550 549 
448 551 104 552 550 
449 550 552 120 500 
450 549 550 500 198 
451 249 299 553 539 
452 299 282 554 553 
453 553 554 291 555 
454 539 553 555 292 
455 283 558 556 557 
456 558 305 419 556 
457 556 419 303 522 
458 557 556 522 304 
459 326 561 559 560 
460 561 283 557 559 
461 559 557 304 339 
462 560 559 339 324 
463 104 563 562 552 
464 563 121 564 562 
465 562 564 119 204 
466 552 562 204 120 
467 121 566 565 564 
468 566 103 567 565 
469 565 567 122 161 
470 564 565 161 119 
471 103 569 568 567 
472 569 149 570 568 
473 568 570 148 186 
474 567 568 186 122 
475 284 573 571 572 
476 573 326 560 571 
477 571 560 324 348 
478 572 571 348 325 
