2 0.000000 100.000000 5791.461216
573 478 
1 -20.101635 0.000000 -20.151635 93.963748 -0.000006 34.204260 0.000088 
2 20.964375 0.000000 -20.151635 93.968291 0.000000 34.177247 0.000188 
3 20.964375 0.000000 20.168012 94.014410 -0.000038 34.090225 -0.000085 
4 -20.101635 0.000000 20.168012 93.979005 -0.000004 34.202631 -0.000187 
5 0.431370 0.000000 0.008188 84.195808 0.400044 -5.459957 0.288109 
6 -20.101635 0.000000 0.008188 93.972683 -0.000011 34.212610 -0.000137 
7 0.431370 0.000000 -20.151635 93.953446 -0.000003 34.186828 0.000401 
8 20.964375 0.000000 0.008188 94.084155 -0.000025 33.865558 0.000130 
9 0.431370 0.000000 20.168012 94.001025 -0.000001 34.172190 -0.000393 
10 10.697873 0.000000 -10.071724 93.965484 0.000009 34.102970 0.000748 
11 0.431370 0.000000 -10.071724 93.906197 0.000006 34.140624 0.001604 
12 10.697873 0.000000 -20.151635 93.960899 0.000000 34.176114 0.000334 
13 20.964375 0.000000 -10.071724 93.980501 -0.000002 34.136414 0.000237 
14 10.697873 0.000000 0.008188 94.388557 0.000143 32.965627 0.000407 
15 -9.835133 0.000000 -10.071724 93.946909 -0.000016 34.210780 0.000360 
16 -20.101635 0.000000 -10.071724 93.964652 -0.000009 34.208998 0.000039 
17 -9.835133 0.000000 -20.151635 93.957459 -0.000006 34.200321 0.000233 
18 -9.835133 0.000000 0.008188 93.982146 -0.000023 34.244570 -0.000533 
19 10.697873 0.000000 10.088100 94.138487 -0.000150 33.784494 -0.000345 
20 0.431370 0.000000 10.088100 94.093476 0.000030 34.086032 -0.001544 
21 20.964375 0.000000 10.088100 94.623409 -0.000747 32.409380 -0.000396 
22 10.697873 0.000000 20.168012 94.004801 -0.000012 34.137195 -0.000225 
23 5.564621 0.000000 -5.031768 93.953798 0.000033 33.814129 0.002929 
24 0.431370 0.000000 -5.031768 93.722918 0.000152 33.958474 0.006284 
25 5.564621 0.000000 -10.071724 93.936106 0.000016 34.098358 0.001331 
26 10.697873 0.000000 -5.031768 94.013488 0.000022 33.942058 0.000940 
27 5.564621 0.000000 0.008188 95.227632 0.000674 30.401546 0.000744 
28 -9.835133 0.000000 10.088100 94.007998 -0.000005 34.204633 -0.000746 
29 -20.101635 0.000000 10.088100 93.979770 -0.000007 34.207717 -0.000237 
30 -9.835133 0.000000 20.168012 93.989270 -0.000003 34.195625 -0.000332 
31 -4.701881 0.000000 -5.031768 93.878665 -0.001857 34.234201 0.001482 
32 -9.835133 0.000000 -5.031768 93.950175 -0.000024 34.229776 0.000169 
33 -4.701881 0.000000 -10.071724 93.921730 -0.000013 34.194631 0.000944 
34 -4.701881 0.000000 0.008188 94.013600 0.000102 34.371857 -0.001998 
35 5.564621 0.000000 5.048144 94.534788 0.000627 32.825388 -0.001433 
36 0.431370 0.000000 5.048144 94.436653 0.012174 33.773638 -0.005894 
37 10.697873 0.000000 5.048144 95.467818 0.000240 30.100671 -0.002015 
38 5.564621 0.000000 10.088100 94.106023 -0.000029 33.953876 -0.000881 
39 2.997996 0.000000 -2.511790 93.868953 0.001076 32.769512 0.011478 
40 0.431370 0.000000 -2.511790 92.977801 0.006255 33.288071 0.024703 
41 2.997996 0.000000 -5.031768 93.840647 0.004592 33.796680 0.005172 
42 5.564621 0.000000 -2.511790 94.127334 -0.013526 33.215724 0.003676 
43 2.997996 0.000000 0.008188 96.914454 -0.002085 24.512498 0.000673 
44 -4.701881 0.000000 5.048144 94.120925 0.004115 34.212767 -0.002926 
45 -9.835133 0.000000 5.048144 94.010825 -0.000011 34.225086 -0.000939 
46 -4.701881 0.000000 10.088100 94.048406 0.000011 34.177053 -0.001317 
47 -2.135256 0.000000 -2.511790 93.602303 0.000209 34.314056 0.006115 
48 -4.701881 0.000000 -2.511790 93.888606 0.000044 34.310529 0.000772 
49 -2.135256 0.000000 -5.031768 93.779420 0.000069 34.168699 0.003792 
50 -2.135256 0.000000 0.008188 94.096279 0.004704 34.935115 -0.007457 
51 2.997996 0.000000 2.528166 95.476545 0.000358 30.662651 -0.005597 
52 0.431370 0.000000 2.528166 95.606285 -0.003157 32.836402 -0.021879 
53 5.564621 0.000000 2.528166 96.519612 0.004574 27.239835 -0.005804 
54 2.997996 0.000000 5.048144 94.463594 0.012980 33.325601 -0.003397 
55 1.714683 0.000000 -1.251801 93.522814 -0.000917 29.998798 0.035356 
56 0.431370 0.000000 -1.251801 91.055345 0.012237 31.335910 0.072698 
57 1.714683 0.000000 -2.511790 93.479094 0.002335 32.755415 0.018874 
58 2.997996 0.000000 -1.251801 94.380759 0.002029 31.022791 0.012986 
59 1.714683 0.000000 0.008188 98.171272 0.067334 13.241770 0.018705 
60 -2.135256 0.000000 2.528166 94.542298 0.007550 34.252487 -0.011148 
61 -4.701881 0.000000 2.528166 94.129629 0.000158 34.295534 -0.003657 
62 -2.135256 0.000000 5.048144 94.273794 0.000319 34.109179 -0.005098 
63 -0.851943 0.000000 -1.251801 92.456799 0.003401 34.597278 0.025477 
64 -2.135256 0.000000 -1.251801 93.618369 0.000175 34.614654 0.003743 
65 -0.851943 0.000000 -2.511790 93.235134 -0.003945 34.039050 0.014855 
66 -0.851943 0.000000 0.008188 94.099843 0.002258 37.323919 -0.024786 
67 1.714683 0.000000 1.268177 96.942798 0.011485 27.200778 -0.013779 
68 0.431370 0.000000 1.268177 98.577898 0.006500 30.534993 -0.064999 
69 2.997996 0.000000 1.268177 97.487309 0.005045 24.463431 -0.010223 
70 1.714683 0.000000 2.528166 95.459227 -0.000164 31.675028 -0.011577 
71 1.073026 0.000000 -0.621806 92.228600 0.023082 24.390875 0.089897 
72 0.431370 0.000000 -0.621806 86.671714 0.026883 26.344882 0.179396 
73 1.073026 0.000000 -1.251801 92.381754 0.013576 30.000979 0.056555 
74 1.714683 0.000000 -0.621806 94.429193 0.003807 26.228617 0.039519 
75 1.073026 0.000000 0.008188 97.341048 0.051769 4.793820 0.050174 
76 -0.851943 0.000000 1.268177 96.015632 0.001768 34.526816 -0.041110 
77 -2.135256 0.000000 1.268177 94.563589 0.008346 34.585267 -0.013841 
78 -0.851943 0.000000 2.528166 95.071159 0.000604 33.895462 -0.018743 
79 -0.210286 0.000000 -0.621806 87.902711 0.031946 34.940802 0.105225 
80 -0.851943 0.000000 -0.621806 92.183150 0.011258 35.977271 0.020790 
81 -0.210286 0.000000 -1.251801 91.446022 0.005263 33.511142 0.051463 
82 -0.210286 0.000000 0.008188 92.163554 0.017224 47.341151 -0.073531 
83 1.073026 0.000000 0.638183 99.048591 0.006489 21.530499 -0.027419 
84 0.431370 0.000000 0.638183 104.398867 0.013936 24.871496 -0.151771 
85 1.714683 0.000000 0.638183 98.141585 0.004424 20.796520 -0.006427 
86 1.073026 0.000000 1.268177 97.500755 0.000632 28.382609 -0.031197 
87 0.752198 0.000000 -0.306809 89.384128 0.041786 15.571533 0.176800 
88 0.431370 0.000000 -0.306809 82.105279 0.077478 17.894847 0.293849 
89 0.752198 0.000000 -0.621806 89.725209 0.019041 24.276876 0.136002 
90 1.073026 0.000000 -0.306809 93.529481 0.013017 18.305730 0.091714 
91 0.752198 0.000000 0.008188 94.780384 0.057147 -0.962264 0.101575 
92 -0.210286 0.000000 0.638183 100.757910 0.012256 35.191904 -0.139063 
93 -0.851943 0.000000 0.638183 96.228720 -0.003531 36.085992 -0.056217 
94 -0.210286 0.000000 1.268177 97.629411 -0.005834 33.335457 -0.064275 
95 0.110542 0.000000 -0.306809 77.219309 0.043445 28.920239 0.320080 
96 -0.210286 0.000000 -0.306809 85.555916 0.001241 38.668722 0.118492 
97 0.110542 0.000000 -0.621806 86.244103 0.028817 30.997034 0.160114 
98 0.110542 0.000000 0.008188 19.963063 -7.034872 -5.327391 0.952361 
99 0.752198 0.000000 0.323185 101.404833 0.012931 12.470782 -0.043846 
100 0.431370 0.000000 0.323185 109.690317 0.058529 14.174031 -0.223287 
101 1.073026 0.000000 0.323185 98.889825 0.012529 14.668971 0.000562 
102 0.752198 0.000000 0.638183 100.957138 0.021936 22.193391 -0.068489 
103 0.591784 0.000000 -0.149310 86.013649 0.088668 7.038050 0.255211 
104 0.431370 0.000000 -0.149310 78.925024 0.087883 8.997066 0.368989 
105 0.591784 0.000000 -0.306809 86.196737 0.056916 16.024572 0.231333 
106 0.752198 0.000000 -0.149310 91.035497 0.074541 8.135812 0.164634 
107 0.591784 0.000000 0.008188 70.062746 1.197195 -12.674070 0.492915 
108 0.110542 0.000000 0.323185 115.227692 0.046383 30.940139 -0.423472 
109 -0.210286 0.000000 0.323185 102.691517 0.021879 40.611673 -0.219486 
110 0.110542 0.000000 0.638183 104.620721 0.011050 31.037578 -0.190883 
111 0.270956 0.000000 -0.149310 72.540546 0.072456 14.699876 0.452178 
112 0.110542 0.000000 -0.149310 67.538485 0.080913 24.242161 0.485086 
113 0.270956 0.000000 -0.306809 78.412641 0.052788 22.244922 0.335662 
114 0.270956 0.000000 0.008188 74.541730 0.110247 0.462726 0.444330 
115 0.591784 0.000000 0.165687 102.457016 0.052414 1.623354 -0.050008 
116 0.431370 0.000000 0.165687 112.782909 0.108606 -0.209084 -0.272004 
117 0.752198 0.000000 0.165687 99.009118 0.025745 5.868509 0.016275 
118 0.591784 0.000000 0.323185 104.420856 0.055478 12.440745 -0.105849 
119 0.511577 0.000000 -0.070561 81.029593 0.184665 0.320302 0.343407 
120 0.431370 0.000000 -0.070561 76.993120 0.171281 2.724993 0.406460 
121 0.511577 0.000000 -0.149310 82.281052 0.113940 7.155680 0.317861 
122 0.591784 0.000000 -0.070561 86.181790 0.135599 0.081315 0.257267 
123 0.511577 0.000000 0.008188 88.781270 1.099905 -13.932320 0.192257 
124 15.831124 0.000000 -5.031768 94.011828 -0.000002 34.025711 0.000403 
125 15.831124 0.000000 -10.071724 93.977243 0.000002 34.120630 0.000406 
126 20.964375 0.000000 -5.031768 94.003913 -0.000008 34.075341 0.000214 
127 15.831124 0.000000 0.008188 94.168857 -0.000002 33.616483 0.000216 
128 8.131247 0.000000 -2.511790 94.130293 -0.000007 33.523793 0.001564 
129 8.131247 0.000000 -5.031768 94.000600 -0.002857 33.879798 0.001605 
130 10.697873 0.000000 -2.511790 94.103250 0.000036 33.707917 0.000835 
131 8.131247 0.000000 0.008188 94.651762 0.002679 32.176752 0.000570 
132 4.281308 0.000000 -1.251801 94.481460 0.001528 31.873828 0.005731 
133 4.281308 0.000000 -2.511790 94.071357 -0.004963 33.006793 0.006113 
134 5.564621 0.000000 -1.251801 94.428674 0.000548 32.442050 0.003074 
135 4.281308 0.000000 0.008188 95.805088 -0.000133 28.536957 0.000703 
136 2.356339 0.000000 -0.621806 95.021208 0.000339 27.839391 0.019594 
137 2.356339 0.000000 -1.251801 94.114439 0.002361 30.469019 0.021411 
138 2.997996 0.000000 -0.621806 95.119476 0.001539 29.081086 0.010658 
139 2.356339 0.000000 0.008188 97.599675 0.011523 20.126691 0.006922 
140 1.393855 0.000000 -0.306809 94.966880 0.016207 20.542949 0.055928 
141 1.393855 0.000000 -0.621806 93.588112 0.008914 25.167867 0.060784 
142 1.714683 0.000000 -0.306809 95.637103 0.005060 22.663257 0.033992 
143 1.393855 0.000000 0.008188 98.215634 0.047858 7.839864 0.029222 
144 0.912612 0.000000 -0.149310 93.626842 0.059680 10.476602 0.112425 
145 0.912612 0.000000 -0.306809 92.013270 0.035687 16.912449 0.124753 
146 1.073026 0.000000 -0.149310 95.098526 0.032632 13.131018 0.078385 
147 0.912612 0.000000 0.008188 96.352529 0.060955 2.020352 0.071210 
148 0.671991 0.000000 -0.070561 90.369076 0.090962 1.465760 0.183127 
149 0.671991 0.000000 -0.149310 88.982007 0.075736 7.445971 0.202675 
150 0.752198 0.000000 -0.070561 92.632647 0.123244 2.866987 0.141096 
151 0.671991 0.000000 0.008188 93.248310 0.060350 -2.534730 0.129832 
152 0.270956 0.000000 0.165687 126.534938 0.094269 8.121241 -0.607705 
153 0.110542 0.000000 0.165687 131.605553 0.115092 32.229230 -0.835876 
154 0.270956 0.000000 0.323185 114.961007 0.081471 20.701127 -0.364458 
155 0.511577 0.000000 0.086937 104.731504 0.018037 -10.832382 -0.108603 
156 0.431370 0.000000 0.086937 117.519320 0.178461 -25.361587 -0.445403 
157 0.591784 0.000000 0.086937 98.673180 0.033602 -5.398278 0.023446 
158 0.511577 0.000000 0.165687 106.685364 0.074931 0.144881 -0.138179 
159 0.551681 0.000000 -0.031187 82.653813 0.198663 -5.104419 0.314225 
160 0.511577 0.000000 -0.031187 79.589542 0.211576 -4.555249 0.364471 
161 0.551681 0.000000 -0.070561 83.482114 0.162840 -0.199070 0.303067 
162 0.591784 0.000000 -0.031187 86.421987 0.135688 -4.658393 0.250952 
163 0.551681 0.000000 0.008188 83.042553 1.966064 -18.388567 0.276193 
164 15.831124 0.000000 5.048144 101.556564 0.379703 13.353244 -0.049219 
165 20.964375 0.000000 5.048144 94.861451 0.000278 31.744147 -0.000639 
166 15.831124 0.000000 10.088100 94.254570 -0.000355 33.433893 -0.000175 
167 8.131247 0.000000 2.528166 100.667342 -0.026723 15.775976 -0.038280 
168 10.697873 0.000000 2.528166 96.328168 -0.002121 27.692355 -0.004598 
169 8.131247 0.000000 5.048144 94.805746 0.000193 31.960333 -0.000959 
170 4.281308 0.000000 1.268177 99.672274 -0.021506 18.389330 -0.027273 
171 5.564621 0.000000 1.268177 100.499639 0.056122 16.131360 -0.036040 
172 4.281308 0.000000 2.528166 95.794930 0.001574 29.367801 -0.003914 
173 2.356339 0.000000 0.638183 98.923779 -0.010972 18.650120 -0.013374 
174 2.997996 0.000000 0.638183 100.703385 -0.024675 14.839329 -0.036138 
175 2.356339 0.000000 1.268177 96.997134 0.007119 26.058992 -0.008752 
176 1.393855 0.000000 0.323185 98.742864 -0.005487 14.698846 0.003379 
177 1.714683 0.000000 0.323185 99.061130 -0.015844 14.196455 -0.001465 
178 1.393855 0.000000 0.638183 98.320037 0.013592 21.230406 -0.011756 
179 0.912612 0.000000 0.165687 98.456792 0.019005 7.825755 0.024502 
180 1.073026 0.000000 0.165687 98.396128 -0.003292 9.474290 0.022844 
181 0.912612 0.000000 0.323185 99.677563 0.018205 13.745045 -0.012454 
182 0.671991 0.000000 0.086937 97.139713 0.033202 -0.583343 0.056353 
183 0.752198 0.000000 0.086937 97.042995 -0.002709 1.743198 0.057962 
184 0.671991 0.000000 0.165687 100.053711 0.039686 4.098028 -0.002754 
185 0.631888 0.000000 -0.031187 89.704564 0.099839 -2.774402 0.194538 
186 0.631888 0.000000 -0.070561 88.584748 0.097279 0.755773 0.215216 
187 0.671991 0.000000 -0.031187 91.582291 0.078181 -1.424494 0.161065 
188 0.631888 0.000000 0.008188 91.846121 0.067347 -4.643196 0.154273 
189 0.551681 0.000000 0.047563 97.947753 -0.032956 -14.552534 0.019446 
190 0.511577 0.000000 0.047563 105.497144 0.735569 -29.380270 -0.199339 
191 0.591784 0.000000 0.047563 94.965108 0.004651 -9.171476 0.089751 
192 0.551681 0.000000 0.086937 101.056505 0.030044 -8.153915 -0.027890 
193 0.571732 0.000000 -0.011499 73.687838 1.536278 -13.255937 0.439202 
194 0.551681 0.000000 -0.011499 77.729522 1.844240 -11.967392 0.381150 
195 0.571732 0.000000 -0.031187 84.373877 0.171407 -4.982033 0.285620 
196 0.591784 0.000000 -0.011499 86.785590 0.108773 -6.791160 0.242213 
197 0.571732 0.000000 0.008188 72.301732 1.398721 -13.450170 0.458960 
198 0.351163 0.000000 -0.070561 73.134854 0.152152 5.058973 0.462568 
199 0.270956 0.000000 -0.070561 68.431053 0.057405 9.169548 0.523311 
200 0.351163 0.000000 -0.149310 75.622305 0.124085 11.144437 0.415705 
201 0.351163 0.000000 0.008188 82.857635 0.175725 -3.186393 0.312443 
202 0.471473 0.000000 -0.031187 76.884853 0.681709 -1.110049 0.408702 
203 0.431370 0.000000 -0.031187 75.207677 0.399811 -0.103220 0.434363 
204 0.471473 0.000000 -0.070561 78.884314 0.165684 1.284499 0.377559 
205 0.471473 0.000000 0.008188 86.452347 0.592878 -8.942206 0.244568 
206 0.531629 0.000000 -0.011499 81.082170 1.716058 -7.827886 0.336146 
207 0.511577 0.000000 -0.011499 81.329114 1.109654 -5.314474 0.335610 
208 0.531629 0.000000 -0.031187 81.042974 0.210574 -4.990049 0.340709 
209 0.531629 0.000000 0.008188 88.169870 1.556670 -17.351437 0.192258 
210 0.631888 0.000000 0.047563 94.857951 0.010868 -4.651040 0.098034 
211 0.671991 0.000000 0.047563 95.223395 0.013610 -2.749710 0.092494 
212 0.631888 0.000000 0.086937 97.561334 0.036093 -2.578336 0.047514 
213 0.571732 0.000000 0.027875 92.624086 0.005480 -15.161041 0.119092 
214 0.551681 0.000000 0.027875 86.904543 1.733646 -26.962650 0.171761 
215 0.591784 0.000000 0.027875 92.133226 0.032228 -10.670866 0.139760 
216 0.571732 0.000000 0.047563 95.925062 -0.008767 -12.131015 0.065122 
217 0.561706 0.000000 -0.001656 74.824679 1.568558 -12.865003 0.423330 
218 0.551681 0.000000 -0.001656 78.595009 2.046944 -11.010855 0.369740 
219 0.561706 0.000000 -0.011499 74.517173 1.668835 -11.164870 0.431975 
220 0.571732 0.000000 -0.001656 72.004164 1.376718 -12.911939 0.464679 
221 0.561706 0.000000 0.008188 76.551279 1.663787 -14.593315 0.392417 
222 -14.968384 0.000000 -5.031768 93.964197 -0.000016 34.217755 -0.000013 
223 -20.101635 0.000000 -5.031768 93.967769 -0.000011 34.211659 -0.000038 
224 -14.968384 0.000000 -10.071724 93.959401 -0.000013 34.211054 0.000123 
225 -14.968384 0.000000 0.008188 93.975228 -0.000016 34.220881 -0.000241 
226 -7.268507 0.000000 -2.511790 93.947547 0.000163 34.263377 -0.000012 
227 -9.835133 0.000000 -2.511790 93.962487 -0.000026 34.240576 -0.000137 
228 -7.268507 0.000000 -5.031768 93.928686 -0.000026 34.237628 0.000519 
229 -7.268507 0.000000 0.008188 93.991260 0.001096 34.276675 -0.000925 
230 -3.418569 0.000000 -1.251801 93.868605 0.000137 34.447518 0.000205 
231 -4.701881 0.000000 -1.251801 93.935971 0.000067 34.354480 -0.000420 
232 -3.418569 0.000000 -2.511790 93.800477 0.000089 34.338573 0.002233 
233 -3.418569 0.000000 0.008188 94.039844 0.000216 34.503844 -0.003401 
234 -1.493599 0.000000 -0.621806 93.498028 0.000737 35.082728 0.002732 
235 -2.135256 0.000000 -0.621806 93.788288 0.004170 34.809115 -0.000792 
236 -1.493599 0.000000 -1.251801 93.257340 -0.003516 34.697937 0.009912 
237 -1.493599 0.000000 0.008188 94.132039 0.001446 35.333082 -0.010927 
238 -0.531115 0.000000 -0.306809 91.137393 0.011284 38.025575 0.024803 
239 -0.851943 0.000000 -0.306809 92.806965 0.009043 36.837350 0.002988 
240 -0.531115 0.000000 -0.621806 90.705934 0.011485 36.011874 0.047558 
241 -0.531115 0.000000 0.008188 93.919584 0.008628 39.195671 -0.035719 
242 -0.049872 0.000000 -0.149310 74.336371 0.083197 41.303091 0.276815 
243 -0.210286 0.000000 -0.149310 86.150847 0.025793 42.909520 0.073680 
244 -0.049872 0.000000 -0.306809 80.296418 0.037193 35.834295 0.226839 
245 -0.049872 0.000000 0.008188 83.565143 0.108899 73.111247 -0.232840 
246 0.190749 0.000000 -0.070561 67.207356 -0.074132 17.762843 0.516765 
247 0.110542 0.000000 -0.070561 58.919111 -0.081540 8.572729 0.645504 
248 0.190749 0.000000 -0.149310 70.109973 0.080580 18.935445 0.472603 
249 0.190749 0.000000 0.008188 75.638024 -0.377913 3.215499 0.426841 
250 0.351163 0.000000 0.086937 127.881708 0.114759 -18.854531 -0.670924 
251 0.270956 0.000000 0.086937 136.008619 0.190444 -11.576285 -0.863239 
252 0.351163 0.000000 0.165687 119.717930 0.136246 2.164346 -0.433709 
253 0.311059 0.000000 -0.031187 69.862894 0.143029 1.823190 0.511583 
254 0.270956 0.000000 -0.031187 66.147095 0.090783 2.070691 0.562027 
255 0.311059 0.000000 -0.070561 70.930170 0.078595 7.019831 0.491963 
256 0.351163 0.000000 -0.031187 71.425396 0.185124 1.356642 0.489654 
257 0.311059 0.000000 0.008188 81.936248 0.133095 -1.706636 0.328352 
258 -14.968384 0.000000 5.048144 93.985481 -0.000012 34.216119 -0.000401 
259 -20.101635 0.000000 5.048144 93.977331 -0.000009 34.210919 -0.000213 
260 -14.968384 0.000000 10.088100 93.988485 -0.000008 34.208464 -0.000405 
261 -7.268507 0.000000 2.528166 94.032622 0.002439 34.257591 -0.001572 
262 -9.835133 0.000000 2.528166 94.000891 -0.000017 34.237905 -0.000840 
263 -7.268507 0.000000 5.048144 94.045113 0.000002 34.228347 -0.001606 
264 -3.418569 0.000000 1.268177 94.206141 0.000294 34.432202 -0.006037 
265 -4.701881 0.000000 1.268177 94.088877 0.000138 34.346327 -0.003239 
266 -3.418569 0.000000 2.528166 94.259436 0.000310 34.310694 -0.006207 
267 -1.493599 0.000000 0.638183 94.781734 0.003779 35.077118 -0.021398 
268 -2.135256 0.000000 0.638183 94.402579 0.004863 34.786363 -0.012194 
269 -1.493599 0.000000 1.268177 95.038297 0.002708 34.672486 -0.023446 
270 -0.531115 0.000000 0.323185 96.927327 0.006249 38.114148 -0.084760 
271 -0.851943 0.000000 0.323185 95.470135 -0.004295 36.956103 -0.048030 
272 -0.531115 0.000000 0.638183 97.860672 -0.005975 36.235141 -0.088970 
273 -0.049872 0.000000 0.165687 111.718327 0.069844 49.027122 -0.488465 
274 -0.210286 0.000000 0.165687 99.985706 0.000920 44.930504 -0.201589 
275 -0.049872 0.000000 0.323185 108.796779 -0.004044 38.649975 -0.333056 
276 0.190749 0.000000 0.086937 145.862168 0.450676 3.196623 -1.128619 
277 0.110542 0.000000 0.086937 153.300758 0.646008 23.843299 -1.407004 
278 0.190749 0.000000 0.165687 131.837898 0.118234 18.385443 -0.771927 
279 0.230852 0.000000 -0.031187 65.180581 0.076610 2.135570 0.574693 
280 0.190749 0.000000 -0.031187 47.306600 -0.304952 42.634964 0.594425 
281 0.230852 0.000000 -0.070561 65.961256 -0.002720 12.920750 0.548217 
282 0.230852 0.000000 0.008188 67.414634 -0.101127 1.384244 0.545334 
283 0.030335 0.000000 -0.070561 51.214473 0.072534 31.630874 0.637656 
284 -0.049872 0.000000 -0.070561 69.650821 0.089974 50.987119 0.254907 
285 0.030335 0.000000 -0.149310 67.873870 0.081240 33.506962 0.427041 
286 0.030335 0.000000 0.008188 75.608041 0.981018 55.985836 0.114805 
287 0.150645 0.000000 -0.031187 73.103334 -0.305695 3.238477 0.464532 
288 0.110542 0.000000 -0.031187 37.246427 -0.395263 -29.149124 0.776288 
289 0.150645 0.000000 -0.070561 77.113531 -0.301400 2.351117 0.404788 
290 0.150645 0.000000 0.008188 16.323615 -6.735509 -0.009910 0.968817 
291 0.230852 0.000000 0.047563 136.253155 0.330387 -2.468319 -0.857112 
292 0.190749 0.000000 0.047563 145.959566 0.455127 3.365907 -1.131573 
293 0.270956 0.000000 0.047563 122.820396 0.177747 -9.289081 -0.517117 
294 0.230852 0.000000 0.086937 142.210015 0.329500 -3.100786 -1.023341 
295 0.210801 0.000000 -0.011499 36.909336 -0.402362 12.928029 0.847041 
296 0.190749 0.000000 -0.011499 23.673832 -0.367688 29.785884 0.855222 
297 0.210801 0.000000 -0.031187 65.193430 0.077876 2.135981 0.574525 
298 0.230852 0.000000 -0.011499 61.102648 -0.136046 2.239272 0.626143 
299 0.210801 0.000000 0.008188 56.402521 -0.459421 2.479622 0.681240 
300 0.030335 0.000000 0.086937 136.518059 0.136636 58.201244 -1.202458 
301 -0.049872 0.000000 0.086937 108.749793 0.092527 61.448819 -0.560248 
302 0.030335 0.000000 0.165687 123.380988 0.096448 44.618653 -0.721370 
303 0.070438 0.000000 -0.031187 42.710400 0.010340 2.104737 0.817139 
304 0.030335 0.000000 -0.031187 30.033795 0.724306 -0.923795 0.909659 
305 0.070438 0.000000 -0.070561 52.464514 0.007011 18.906757 0.689001 
306 0.070438 0.000000 0.008188 42.481964 -0.140930 2.338424 0.818979 
307 0.070438 0.000000 0.047563 156.550944 0.768784 51.037509 -1.711362 
308 0.030335 0.000000 0.047563 153.621795 0.875780 77.373432 -1.958707 
309 0.110542 0.000000 0.047563 154.956905 0.707651 33.479046 -1.513299 
310 0.070438 0.000000 0.086937 156.636166 0.790768 43.599576 -1.643644 
311 0.090490 0.000000 -0.011499 42.670888 -0.503910 2.972059 0.817011 
312 0.070438 0.000000 -0.011499 41.587268 0.035198 1.801311 0.826725 
313 0.090490 0.000000 -0.031187 42.191550 -0.333240 2.635513 0.821282 
314 0.110542 0.000000 -0.011499 20.047247 -0.416360 -22.903121 0.907338 
315 0.090490 0.000000 0.008188 42.171237 -0.346691 2.656293 0.821441 
316 -0.370701 0.000000 -0.149310 90.468678 0.004804 40.744585 0.015530 
317 -0.531115 0.000000 -0.149310 92.305780 0.012800 38.775833 -0.002392 
318 -0.370701 0.000000 -0.306809 89.430371 0.016446 38.350352 0.053146 
319 -0.370701 0.000000 0.008188 93.421297 0.020247 42.306838 -0.051741 
320 -0.130079 0.000000 -0.070561 83.170273 -0.002901 48.980450 0.068362 
321 -0.210286 0.000000 -0.070561 88.288255 0.022926 45.533729 0.013186 
322 -0.130079 0.000000 -0.149310 81.688520 0.010831 43.338930 0.144872 
323 -0.130079 0.000000 0.008188 90.152007 0.079629 54.056606 -0.104951 
324 -0.009769 0.000000 -0.031187 42.668369 0.125666 58.786189 0.472358 
325 -0.049872 0.000000 -0.031187 70.527908 0.100460 61.851567 0.120019 
326 -0.009769 0.000000 -0.070561 58.047124 0.093764 45.214746 0.458615 
327 -0.009769 0.000000 0.008188 28.928183 1.441781 93.865043 0.035044 
328 -0.370701 0.000000 0.165687 96.870202 0.014326 41.662988 -0.111964 
329 -0.531115 0.000000 0.165687 95.654182 0.011003 39.037694 -0.067366 
330 -0.370701 0.000000 0.323185 98.887004 0.018606 39.503750 -0.133919 
331 -0.130079 0.000000 0.086937 99.174947 0.019764 52.485962 -0.259045 
332 -0.210286 0.000000 0.086937 96.665163 0.002097 47.017928 -0.155484 
333 -0.130079 0.000000 0.165687 103.868267 0.022621 47.447331 -0.303987 
334 -0.009769 0.000000 0.047563 118.938344 0.142064 82.755528 -1.099483 
335 -0.049872 0.000000 0.047563 100.737349 0.105379 70.068985 -0.505769 
336 -0.009769 0.000000 0.086937 120.857839 0.115277 64.045900 -0.870851 
337 0.010283 0.000000 -0.011499 7.636999 1.312474 39.612392 0.837081 
338 -0.009769 0.000000 -0.011499 -4.705868 1.486742 62.414503 0.608007 
339 0.010283 0.000000 -0.031187 3.495631 1.157738 9.742461 0.989152 
340 0.030335 0.000000 -0.011499 24.369397 0.821117 1.445559 0.940337 
341 0.010283 0.000000 0.008188 62.530738 1.302745 101.532760 -0.422069 
342 -0.089976 0.000000 -0.031187 81.164895 0.084209 56.215554 0.025206 
343 -0.130079 0.000000 -0.031187 85.880354 0.079449 52.088202 -0.008862 
344 -0.089976 0.000000 -0.070561 78.122402 0.081618 50.697007 0.132670 
345 -0.089976 0.000000 0.008188 88.022431 0.084341 60.261759 -0.137944 
346 -0.029821 0.000000 -0.011499 63.667706 0.124493 76.769842 0.005280 
347 -0.049872 0.000000 -0.011499 75.126223 0.105791 68.570025 -0.034581 
348 -0.029821 0.000000 -0.031187 59.666751 0.109435 63.579731 0.239748 
349 -0.029821 0.000000 0.008188 79.242185 0.134127 86.940755 -0.383804 
350 0.010283 0.000000 0.027875 127.381085 1.120917 117.293466 -1.998495 
351 -0.009769 0.000000 0.027875 86.470341 1.345413 142.042724 -1.765507 
352 0.030335 0.000000 0.027875 149.911080 0.930085 88.234393 -2.025951 
353 0.010283 0.000000 0.047563 136.975502 0.197750 81.206483 -1.535682 
354 0.000257 0.000000 -0.001656 6.375505 1.527071 85.857144 0.258557 
355 -0.009769 0.000000 -0.001656 24.280324 1.447377 89.340195 0.142670 
356 0.000257 0.000000 -0.011499 5.778300 1.381010 51.971088 0.726371 
357 0.010283 0.000000 -0.001656 19.543359 1.338134 56.083665 0.647089 
358 0.000257 0.000000 0.008188 56.187186 1.410774 125.134995 -0.881776 
359 0.050386 0.000000 0.027875 155.405574 0.834662 64.626135 -1.832813 
360 0.050386 0.000000 0.008188 39.945428 0.424610 0.690567 0.840371 
361 0.070438 0.000000 0.027875 156.443055 0.807112 54.348206 -1.742881 
362 0.050386 0.000000 0.047563 155.673138 0.828917 63.046872 -1.820972 
363 0.311059 0.000000 0.047563 117.144496 0.125937 -11.705163 -0.385986 
364 0.351163 0.000000 0.047563 120.930384 0.134021 -16.690945 -0.490276 
365 0.311059 0.000000 0.086937 131.771114 0.125323 -15.903293 -0.761656 
366 0.471473 0.000000 0.047563 113.045624 0.291701 -27.202506 -0.351937 
367 0.431370 0.000000 0.047563 113.671679 0.214467 -23.379230 -0.346789 
368 0.471473 0.000000 0.086937 108.882716 0.016702 -11.877341 -0.199652 
369 0.531629 0.000000 0.027875 99.606376 1.320630 -29.278169 -0.078039 
370 0.511577 0.000000 0.027875 102.534066 0.804048 -25.992494 -0.118949 
371 0.531629 0.000000 0.047563 100.591807 -0.061673 -16.756250 -0.039949 
372 -4.701881 0.000000 -15.111679 93.944125 -0.000008 34.192762 0.000536 
373 -9.835133 0.000000 -15.111679 93.952517 -0.000010 34.202805 0.000309 
374 -4.701881 0.000000 -20.151635 93.954227 -0.000005 34.194669 0.000333 
375 0.431370 0.000000 -15.111679 93.941159 -0.000002 34.174887 0.000714 
376 -2.135256 0.000000 -7.551746 93.869159 -0.003061 34.162726 0.002149 
377 -4.701881 0.000000 -7.551746 93.901598 -0.000015 34.204171 0.001256 
378 -2.135256 0.000000 -10.071724 93.909011 -0.000005 34.171869 0.001338 
379 0.431370 0.000000 -7.551746 93.858429 -0.004351 34.091871 0.002834 
380 -0.851943 0.000000 -3.771779 93.574184 -0.001055 34.042374 0.008499 
381 -2.135256 0.000000 -3.771779 93.698278 0.000124 34.203760 0.005074 
382 -0.851943 0.000000 -5.031768 93.731497 0.000114 34.078867 0.005304 
383 0.431370 0.000000 -3.771779 93.541690 -0.008895 33.771629 0.010943 
384 -0.210286 0.000000 -1.881795 92.530615 -0.004233 33.577142 0.031066 
385 -0.851943 0.000000 -1.881795 92.892278 0.000911 34.175036 0.020309 
386 -0.210286 0.000000 -2.511790 93.073819 0.002744 33.716899 0.020043 
387 0.431370 0.000000 -1.881795 92.477432 -0.004139 32.714958 0.037766 
388 0.110542 0.000000 -0.936804 89.112611 0.019805 31.943783 0.103854 
389 -0.210286 0.000000 -0.936804 89.941509 0.029926 33.867697 0.076350 
390 0.110542 0.000000 -1.251801 90.941881 0.011083 32.495328 0.067363 
391 0.431370 0.000000 -0.936804 89.481544 0.017431 29.753459 0.110778 
392 0.270956 0.000000 -0.464308 82.931325 0.032828 26.391273 0.242589 
393 0.110542 0.000000 -0.464308 82.530230 0.019797 30.334014 0.226861 
394 0.270956 0.000000 -0.621806 85.725688 0.051774 28.452764 0.184154 
395 0.431370 0.000000 -0.464308 84.628425 0.037172 23.282914 0.229593 
396 0.190749 0.000000 -0.228060 74.182481 0.082394 22.954950 0.397002 
397 0.110542 0.000000 -0.228060 73.457924 0.078346 27.697818 0.383676 
398 0.190749 0.000000 -0.306809 76.962875 0.058329 25.065579 0.344843 
399 0.270956 0.000000 -0.228060 75.623052 0.094159 18.812772 0.392722 
400 0.150645 0.000000 -0.109936 67.091115 0.036283 17.482482 0.519314 
401 0.110542 0.000000 -0.109936 63.799138 0.045301 19.744478 0.553982 
402 0.150645 0.000000 -0.149310 68.879277 0.076851 21.168839 0.480752 
403 0.190749 0.000000 -0.109936 68.391463 0.046176 16.653633 0.504526 
404 0.130593 0.000000 -0.050874 66.808970 -0.327090 -14.777451 0.531808 
405 0.110542 0.000000 -0.050874 50.629265 -0.371477 -26.418987 0.673858 
406 0.130593 0.000000 -0.070561 63.224362 -0.337027 -19.981226 0.560332 
407 0.150645 0.000000 -0.050874 74.176422 -0.304738 3.320530 0.448674 
408 0.130593 0.000000 -0.031187 58.868717 -0.348178 -19.242079 0.616410 
409 -0.049872 0.000000 -0.464308 84.267531 0.002942 34.007664 0.174246 
410 -0.210286 0.000000 -0.464308 87.196796 0.025972 35.929254 0.110581 
411 -0.049872 0.000000 -0.621806 86.978868 0.033492 33.207766 0.133192 
412 0.030335 0.000000 -0.228060 74.730975 0.077297 33.152704 0.331617 
413 -0.049872 0.000000 -0.228060 78.292998 0.015654 37.531507 0.246159 
414 0.030335 0.000000 -0.306809 78.434345 0.027718 32.679611 0.278010 
415 0.070438 0.000000 -0.109936 61.260688 0.067960 25.543391 0.559466 
416 0.030335 0.000000 -0.109936 61.720353 0.079741 33.245419 0.508533 
417 0.070438 0.000000 -0.149310 66.901998 0.077054 28.492893 0.471227 
418 0.090490 0.000000 -0.050874 48.022313 -0.170669 6.095243 0.765668 
419 0.070438 0.000000 -0.050874 46.406896 -0.064845 13.575279 0.766211 
420 0.090490 0.000000 -0.070561 54.768294 -0.044073 13.368047 0.682173 
421 0.150645 0.000000 0.047563 150.473642 0.602162 15.466325 -1.288189 
422 0.150645 0.000000 0.086937 150.296757 0.594131 14.941472 -1.281272 
423 0.130593 0.000000 -0.011499 63.224362 -0.337027 -19.981226 0.560332 
424 0.150645 0.000000 -0.011499 77.113531 -0.301400 2.351117 0.404788 
425 0.130593 0.000000 0.008188 17.213588 -6.738331 -3.685979 0.964470 
426 0.120568 0.000000 -0.041030 51.549751 -0.372221 -25.858546 0.667382 
427 0.110542 0.000000 -0.041030 44.365889 -0.383044 -27.836388 0.725666 
428 0.120568 0.000000 -0.050874 56.206580 -0.357688 -21.233941 0.638981 
429 0.130593 0.000000 -0.041030 60.085244 -0.345442 -19.068788 0.602603 
430 0.120568 0.000000 -0.031187 48.404927 -0.373181 -24.321440 0.706529 
431 0.170697 0.000000 -0.050874 73.357212 -0.289896 22.209439 0.412538 
432 0.170697 0.000000 -0.070561 72.205016 -0.286456 27.646552 0.402202 
433 0.190749 0.000000 -0.050874 61.368448 -0.284300 37.067422 0.485984 
434 0.170697 0.000000 -0.031187 64.990546 -0.287139 30.168896 0.486598 
435 2.035511 0.000000 0.323185 99.605470 -0.018914 13.028936 -0.009100 
436 2.035511 0.000000 0.008188 97.893623 0.029962 17.051703 0.012608 
437 2.356339 0.000000 0.323185 100.148816 -0.003884 12.462294 -0.018509 
438 2.035511 0.000000 0.638183 98.388113 0.000067 19.899387 -0.007621 
439 5.564621 0.000000 -15.111679 93.948745 0.000002 34.159470 0.000676 
440 5.564621 0.000000 -20.151635 93.956217 -0.000001 34.179773 0.000397 
441 10.697873 0.000000 -15.111679 93.959788 0.000003 34.155003 0.000499 
442 15.831124 0.000000 -15.111679 93.967558 0.000002 34.157954 0.000333 
443 15.831124 0.000000 -20.151635 93.965230 0.000001 34.175753 0.000255 
444 20.964375 0.000000 -15.111679 93.971667 -0.000000 34.163176 0.000220 
445 -14.968384 0.000000 -15.111679 93.959413 -0.000009 34.205974 0.000158 
446 -20.101635 0.000000 -15.111679 93.963588 -0.000007 34.206270 0.000078 
447 -14.968384 0.000000 -20.151635 93.960994 -0.000006 34.203200 0.000147 
448 2.997996 0.000000 -7.551746 93.888836 -0.004605 34.031777 0.002672 
449 2.997996 0.000000 -10.071724 93.917430 0.000014 34.112735 0.001584 
450 5.564621 0.000000 -7.551746 93.931895 0.003700 34.014699 0.001980 
451 8.131247 0.000000 -7.551746 93.962539 0.000025 34.026605 0.001323 
452 8.131247 0.000000 -10.071724 93.953320 0.000013 34.097004 0.001017 
453 10.697873 0.000000 -7.551746 93.978863 0.000015 34.047176 0.000876 
454 -7.268507 0.000000 -7.551746 93.929229 -0.000021 34.217349 0.000647 
455 -9.835133 0.000000 -7.551746 93.946114 -0.000020 34.218808 0.000320 
456 -7.268507 0.000000 -10.071724 93.935837 -0.000016 34.206372 0.000598 
457 1.714683 0.000000 -3.771779 93.658218 -0.018473 33.550204 0.010252 
458 1.714683 0.000000 -5.031768 93.768440 0.004135 33.851361 0.006157 
459 2.997996 0.000000 -3.771779 93.820210 -0.019532 33.483840 0.007660 
460 4.281308 0.000000 -3.771779 93.938276 -0.013878 33.523616 0.005177 
461 4.281308 0.000000 -5.031768 93.906348 0.000076 33.791989 0.003970 
462 5.564621 0.000000 -3.771779 94.003347 -0.000233 33.600155 0.003440 
463 -3.418569 0.000000 -3.771779 93.806346 0.000058 34.258887 0.002670 
464 -4.701881 0.000000 -3.771779 93.874086 0.000030 34.266718 0.001345 
465 -3.418569 0.000000 -5.031768 93.834401 0.000038 34.216394 0.002434 
466 1.073026 0.000000 -1.881795 92.877477 -0.003122 32.042198 0.034707 
467 1.073026 0.000000 -2.511790 93.226828 0.002950 32.944086 0.022345 
468 1.714683 0.000000 -1.881795 93.387392 0.001961 31.806511 0.026714 
469 2.356339 0.000000 -1.881795 93.800317 0.002518 31.911495 0.018316 
470 2.356339 0.000000 -2.511790 93.710587 0.007191 32.721973 0.014760 
471 2.997996 0.000000 -1.881795 94.033836 0.005878 32.115726 0.012622 
472 -1.493599 0.000000 -1.881795 93.315382 -0.001958 34.384179 0.010997 
473 -2.135256 0.000000 -1.881795 93.557891 0.003277 34.460969 0.005936 
474 -1.493599 0.000000 -2.511790 93.407891 0.003043 34.253614 0.010166 
475 0.752198 0.000000 -0.936804 90.591958 0.047440 28.246011 0.099526 
476 0.752198 0.000000 -1.251801 91.687450 0.017257 30.468021 0.066511 
477 1.073026 0.000000 -0.936804 92.016327 0.005559 27.857927 0.075693 
478 1.393855 0.000000 -0.936804 93.165255 0.012210 28.107118 0.053023 
479 1.393855 0.000000 -1.251801 92.984768 0.004588 29.855516 0.046248 
480 1.714683 0.000000 -0.936804 93.801992 0.003905 28.457025 0.039138 
481 -0.531115 0.000000 -0.936804 91.088411 0.017733 34.928533 0.048290 
482 -0.851943 0.000000 -0.936804 92.352558 0.008921 34.991203 0.024662 
483 -0.531115 0.000000 -1.251801 91.944390 0.011070 34.217918 0.037536 
484 0.591784 0.000000 -0.464308 86.682688 0.002354 21.115002 0.204027 
485 0.591784 0.000000 -0.621806 88.122279 0.033302 24.918049 0.161355 
486 0.752198 0.000000 -0.464308 89.365969 0.021653 20.821253 0.158020 
487 0.912612 0.000000 -0.464308 91.345810 0.029076 21.234374 0.120504 
488 0.912612 0.000000 -0.621806 91.216651 0.011780 24.256697 0.109114 
489 1.073026 0.000000 -0.464308 92.673388 0.005074 21.847192 0.093434 
490 0.351163 0.000000 -0.228060 77.811885 0.071333 15.887612 0.369289 
491 0.351163 0.000000 -0.306809 79.924247 0.072759 19.677634 0.322490 
492 0.431370 0.000000 -0.228060 80.631358 0.091300 14.015439 0.330214 
493 2.035511 0.000000 -0.306809 95.837397 -0.000519 24.065150 0.023606 
494 2.035511 0.000000 -0.621806 94.826821 0.000392 27.090483 0.027398 
495 2.356339 0.000000 -0.306809 95.908946 -0.000865 25.407456 0.015594 
496 0.391266 0.000000 -0.031187 72.757309 0.221485 0.958311 0.470541 
497 0.391266 0.000000 -0.070561 75.202723 0.147883 4.000603 0.432852 
498 0.391266 0.000000 0.008188 84.449132 0.272148 -4.514008 0.284789 
499 -0.370701 0.000000 -0.464308 89.343036 0.026616 36.711651 0.067008 
500 -0.531115 0.000000 -0.464308 90.695372 0.014796 36.962628 0.040811 
501 -0.370701 0.000000 -0.621806 89.467563 0.015014 35.766375 0.071632 
502 -0.130079 0.000000 -0.228060 82.318310 0.043358 39.750644 0.164358 
503 -0.210286 0.000000 -0.228060 85.046492 0.018663 40.913320 0.109319 
504 -0.130079 0.000000 -0.306809 82.812667 0.027018 37.870911 0.170786 
505 0.230852 0.000000 -0.109936 69.185710 0.064611 14.539278 0.500194 
506 0.230852 0.000000 -0.149310 71.172270 0.074892 16.680238 0.465627 
507 0.270956 0.000000 -0.109936 70.659402 0.075337 12.066172 0.486165 
508 0.391266 0.000000 0.047563 118.144732 0.145948 -21.552589 -0.442271 
509 0.391266 0.000000 0.086937 124.448536 0.107886 -21.468738 -0.594836 
510 0.210801 0.000000 -0.050874 61.554519 -0.158189 17.433678 0.590708 
511 0.210801 0.000000 -0.070561 65.712155 -0.042649 15.561255 0.543976 
512 0.230852 0.000000 -0.050874 64.845789 0.043627 2.124874 0.579051 
513 -0.009769 0.000000 -0.109936 65.807062 0.085191 40.537352 0.402615 
514 -0.049872 0.000000 -0.109936 71.956647 0.078292 44.917736 0.280463 
515 -0.009769 0.000000 -0.149310 70.601795 0.079024 38.127066 0.356171 
516 0.170697 0.000000 -0.011499 59.999579 -0.291347 36.179532 0.509101 
517 0.170697 0.000000 0.008188 147.044211 0.559730 5.195519 -1.164931 
518 0.050386 0.000000 -0.011499 35.541113 0.554378 0.016619 0.873652 
519 0.050386 0.000000 -0.031187 39.912992 0.425956 0.680616 0.840631 
520 0.090490 0.000000 0.027875 156.160255 0.701029 40.228743 -1.600487 
521 0.110542 0.000000 0.027875 154.263158 0.684104 29.535153 -1.466992 
522 0.090490 0.000000 0.047563 156.004724 0.754713 41.905083 -1.609408 
523 -0.089976 0.000000 -0.109936 77.589225 0.081612 46.258387 0.184007 
524 -0.130079 0.000000 -0.109936 81.932229 0.000100 45.958746 0.117490 
525 -0.089976 0.000000 -0.149310 78.255284 0.076111 42.976318 0.202914 
526 -0.089976 0.000000 0.047563 96.263092 0.080498 60.018047 -0.286876 
527 -0.130079 0.000000 0.047563 94.991284 0.010683 54.050387 -0.194479 
528 -0.089976 0.000000 0.086937 102.293957 0.078199 56.568171 -0.366402 
529 -0.029821 0.000000 0.027875 96.706392 0.127583 84.647496 -0.651734 
530 -0.049872 0.000000 0.027875 93.133241 0.108449 73.233681 -0.403698 
531 -0.029821 0.000000 0.047563 106.841352 0.118807 76.917329 -0.733136 
532 0.130593 0.000000 0.027875 153.303219 0.641209 23.846350 -1.407094 
533 0.150645 0.000000 0.027875 151.873527 0.618548 19.582511 -1.344943 
534 0.130593 0.000000 0.047563 152.569156 0.657035 21.681455 -1.374786 
535 0.170697 0.000000 0.027875 147.015872 0.469903 5.235648 -1.164130 
536 0.190749 0.000000 0.027875 147.015665 0.469247 5.235941 -1.164124 
537 0.170697 0.000000 0.047563 149.670913 0.577120 13.082221 -1.257286 
538 0.511577 0.000000 -0.228060 83.322630 0.083287 12.606044 0.289842 
539 0.511577 0.000000 -0.306809 84.206887 0.051673 16.695373 0.263046 
540 0.591784 0.000000 -0.228060 86.005554 0.055581 12.102287 0.245658 
541 0.671991 0.000000 -0.228060 88.296795 0.058509 12.155695 0.205591 
542 0.671991 0.000000 -0.306809 87.862475 0.054193 15.527896 0.203907 
543 0.752198 0.000000 -0.228060 89.959352 0.055739 12.133163 0.176010 
544 2.035511 0.000000 -0.936804 94.223942 0.000191 28.932644 0.028475 
545 2.035511 0.000000 -1.251801 93.882153 -0.000460 30.222351 0.027275 
546 2.356339 0.000000 -0.936804 94.460278 0.002589 29.366173 0.021488 
547 0.311059 0.000000 -0.109936 72.564523 0.086207 10.157383 0.463121 
548 0.311059 0.000000 -0.149310 73.861711 0.089838 12.398807 0.439071 
549 0.351163 0.000000 -0.109936 74.355339 0.145135 8.239748 0.440337 
550 0.391266 0.000000 -0.109936 76.259889 0.132621 7.123775 0.413366 
551 0.391266 0.000000 -0.149310 77.155362 0.111552 9.793017 0.395113 
552 0.431370 0.000000 -0.109936 77.952520 0.109806 5.976677 0.388767 
553 0.210801 0.000000 0.027875 118.131013 0.267913 -0.134573 -0.395503 
554 0.230852 0.000000 0.027875 100.868824 0.155136 -2.919767 -0.018307 
555 0.210801 0.000000 0.047563 143.329963 0.385951 -1.206878 -1.054508 
556 0.050386 0.000000 -0.050874 44.441297 0.015550 20.323582 0.761192 
557 0.030335 0.000000 -0.050874 42.874277 0.068232 28.865175 0.732859 
558 0.050386 0.000000 -0.070561 51.187367 0.043446 24.847481 0.676245 
559 0.010283 0.000000 -0.050874 44.689886 0.095501 39.911595 0.640987 
560 -0.009769 0.000000 -0.050874 51.879597 0.102080 49.776189 0.483083 
561 0.010283 0.000000 -0.070561 53.423447 0.089293 38.908346 0.563207 
562 0.471473 0.000000 -0.109936 79.867653 0.118808 5.017321 0.359597 
563 0.471473 0.000000 -0.149310 80.677217 0.101416 8.214614 0.342370 
564 0.511577 0.000000 -0.109936 81.863825 0.144842 4.243428 0.328029 
565 0.551681 0.000000 -0.109936 83.915564 0.123949 3.729893 0.294425 
566 0.551681 0.000000 -0.149310 84.209740 0.101698 7.041951 0.285912 
567 0.591784 0.000000 -0.109936 86.080446 0.103473 3.919124 0.257479 
568 0.631888 0.000000 -0.109936 87.966604 0.077113 4.083417 0.224520 
569 0.631888 0.000000 -0.149310 87.594809 0.072193 7.100362 0.227673 
570 0.671991 0.000000 -0.109936 89.557397 0.081914 4.550012 0.195876 
571 -0.029821 0.000000 -0.050874 61.267085 0.099390 54.718298 0.325224 
572 -0.049872 0.000000 -0.050874 69.241877 0.094948 55.718300 0.210102 
573 -0.029821 0.000000 -0.070561 63.956161 0.092556 49.220803 0.348691 
1 19 21 3 22 
2 20 19 22 9 
3 28 20 9 30 
4 29 28 30 4 
5 35 37 19 38 
6 36 35 38 20 
7 44 36 20 46 
8 45 44 46 28 
9 51 53 35 54 
10 52 51 54 36 
11 60 52 36 62 
12 61 60 62 44 
13 67 69 51 70 
14 68 67 70 52 
15 76 68 52 78 
16 77 76 78 60 
17 83 85 67 86 
18 84 83 86 68 
19 92 84 68 94 
20 93 92 94 76 
21 99 101 83 102 
22 100 99 102 84 
23 108 100 84 110 
24 109 108 110 92 
25 115 117 99 118 
26 116 115 118 100 
27 10 125 124 26 
28 125 13 126 124 
29 124 126 8 127 
30 26 124 127 14 
31 23 129 128 42 
32 129 26 130 128 
33 128 130 14 131 
34 42 128 131 27 
35 39 133 132 58 
36 133 42 134 132 
37 132 134 27 135 
38 58 132 135 43 
39 137 58 138 136 
40 136 138 43 139 
41 71 141 140 90 
42 141 74 142 140 
43 140 142 59 143 
44 90 140 143 75 
45 87 145 144 106 
46 145 90 146 144 
47 144 146 75 147 
48 106 144 147 91 
49 149 106 150 148 
50 148 150 91 151 
51 152 116 100 154 
52 153 152 154 108 
53 155 157 115 158 
54 156 155 158 116 
55 119 161 159 160 
56 161 122 162 159 
57 14 127 164 37 
58 127 8 165 164 
59 164 165 21 166 
60 37 164 166 19 
61 27 131 167 53 
62 131 14 168 167 
63 167 168 37 169 
64 53 167 169 35 
65 43 135 170 69 
66 135 27 171 170 
67 170 171 53 172 
68 69 170 172 51 
69 139 43 174 173 
70 173 174 69 175 
71 85 173 175 67 
72 75 143 176 101 
73 143 59 177 176 
74 176 177 85 178 
75 101 176 178 83 
76 91 147 179 117 
77 147 75 180 179 
78 179 180 101 181 
79 117 179 181 99 
80 151 91 183 182 
81 182 183 117 184 
82 157 182 184 115 
83 122 186 185 162 
84 186 148 187 185 
85 185 187 151 188 
86 162 185 188 107 
87 189 191 157 192 
88 190 189 192 155 
89 159 195 193 194 
90 195 162 196 193 
91 193 196 107 197 
92 120 204 202 203 
93 204 119 160 202 
94 202 160 123 205 
95 203 202 205 5 
96 160 208 206 207 
97 208 159 194 206 
98 206 194 163 209 
99 207 206 209 123 
100 107 188 210 191 
101 188 151 211 210 
102 210 211 182 212 
103 191 210 212 157 
104 163 197 213 214 
105 197 107 215 213 
106 213 215 191 216 
107 214 213 216 189 
108 194 219 217 218 
109 219 193 220 217 
110 217 220 197 221 
111 218 217 221 163 
112 16 224 222 223 
113 224 15 32 222 
114 222 32 18 225 
115 223 222 225 6 
116 32 228 226 227 
117 228 31 48 226 
118 226 48 34 229 
119 227 226 229 18 
120 48 232 230 231 
121 232 47 64 230 
122 230 64 50 233 
123 231 230 233 34 
124 64 236 234 235 
125 236 63 80 234 
126 234 80 66 237 
127 235 234 237 50 
128 80 240 238 239 
129 239 238 241 66 
130 250 156 116 252 
131 251 250 252 152 
132 199 255 253 254 
133 255 198 256 253 
134 253 256 201 257 
135 254 253 257 114 
136 6 225 258 259 
137 225 18 45 258 
138 258 45 28 260 
139 259 258 260 29 
140 18 229 261 262 
141 229 34 61 261 
142 261 61 44 263 
143 262 261 263 45 
144 34 233 264 265 
145 233 50 77 264 
146 264 77 60 266 
147 265 264 266 61 
148 50 237 267 268 
149 237 66 93 267 
150 267 93 76 269 
151 268 267 269 77 
152 66 241 270 271 
153 270 109 92 272 
154 271 270 272 93 
155 273 153 108 275 
156 274 273 275 109 
157 276 251 152 278 
158 277 276 278 153 
159 281 199 254 279 
160 279 254 114 282 
161 282 114 293 291 
162 291 293 251 294 
163 292 291 294 276 
164 280 297 295 296 
165 297 279 298 295 
166 295 298 282 299 
167 296 295 299 249 
168 300 277 153 302 
169 301 300 302 273 
170 307 309 277 310 
171 308 307 310 300 
172 303 313 311 312 
173 313 288 314 311 
174 311 314 98 315 
175 312 311 315 306 
176 238 318 316 317 
177 318 96 243 316 
178 316 243 82 319 
179 317 316 319 241 
180 243 322 320 321 
181 321 320 323 82 
182 241 319 328 329 
183 319 82 274 328 
184 328 274 109 330 
185 329 328 330 270 
186 82 323 331 332 
187 331 301 273 333 
188 332 331 333 274 
189 334 308 300 336 
190 335 334 336 301 
191 324 339 337 338 
192 339 304 340 337 
193 337 340 286 341 
194 320 344 342 343 
195 344 284 325 342 
196 342 325 245 345 
197 343 342 345 323 
198 325 348 346 347 
199 348 324 338 346 
200 346 338 327 349 
201 347 346 349 245 
202 327 341 350 351 
203 341 286 352 350 
204 350 352 308 353 
205 351 350 353 334 
206 338 356 354 355 
207 356 337 357 354 
208 354 357 341 358 
209 355 354 358 327 
210 286 360 359 352 
211 360 306 361 359 
212 359 361 307 362 
213 352 359 362 308 
214 114 257 363 293 
215 257 201 364 363 
216 363 364 250 365 
217 293 363 365 251 
218 5 205 366 367 
219 205 123 190 366 
220 366 190 155 368 
221 367 366 368 156 
222 123 209 369 370 
223 209 163 214 369 
224 369 214 189 371 
225 370 369 371 190 
226 17 374 372 373 
227 374 7 375 372 
228 372 375 11 33 
229 373 372 33 15 
230 33 378 376 377 
231 378 11 379 376 
232 376 379 24 49 
233 377 376 49 31 
234 49 382 380 381 
235 382 24 383 380 
236 380 383 40 65 
237 381 380 65 47 
238 65 386 384 385 
239 386 40 387 384 
240 384 387 56 81 
241 385 384 81 63 
242 81 390 388 389 
243 390 56 391 388 
244 388 391 72 97 
245 389 388 97 79 
246 97 394 392 393 
247 394 72 395 392 
248 392 395 88 113 
249 393 392 113 95 
250 95 398 396 397 
251 398 113 399 396 
252 396 399 111 248 
253 397 396 248 112 
254 112 402 400 401 
255 402 248 403 400 
256 400 403 246 289 
257 401 400 289 247 
258 247 406 404 405 
259 406 289 407 404 
260 404 407 287 408 
261 79 411 409 410 
262 411 97 393 409 
263 409 393 95 244 
264 410 409 244 96 
265 244 414 412 413 
266 414 95 397 412 
267 412 397 112 285 
268 413 412 285 242 
269 285 417 415 416 
270 417 112 401 415 
271 415 401 247 305 
272 416 415 305 283 
273 305 420 418 419 
274 420 247 405 418 
275 418 405 288 313 
276 419 418 313 303 
277 421 292 276 422 
278 309 421 422 277 
279 288 408 423 314 
280 408 287 424 423 
281 423 424 290 425 
282 314 423 425 98 
283 405 428 426 427 
284 428 404 429 426 
285 426 429 408 430 
286 427 426 430 288 
287 289 432 431 407 
288 432 246 433 431 
289 431 433 280 434 
290 407 431 434 287 
291 59 436 435 177 
292 436 139 437 435 
293 435 437 173 438 
294 177 435 438 85 
295 7 440 439 375 
296 440 12 441 439 
297 439 441 10 25 
298 375 439 25 11 
299 12 443 442 441 
300 443 2 444 442 
301 442 444 13 125 
302 441 442 125 10 
303 1 447 445 446 
304 447 17 373 445 
305 445 373 15 224 
306 446 445 224 16 
307 11 449 448 379 
308 449 25 450 448 
309 448 450 23 41 
310 379 448 41 24 
311 25 452 451 450 
312 452 10 453 451 
313 451 453 26 129 
314 450 451 129 23 
315 15 456 454 455 
316 456 33 377 454 
317 454 377 31 228 
318 455 454 228 32 
319 24 458 457 383 
320 458 41 459 457 
321 457 459 39 57 
322 383 457 57 40 
323 41 461 460 459 
324 461 23 462 460 
325 460 462 42 133 
326 459 460 133 39 
327 31 465 463 464 
328 465 49 381 463 
329 463 381 47 232 
330 464 463 232 48 
331 40 467 466 387 
332 467 57 468 466 
333 466 468 55 73 
334 387 466 73 56 
335 57 470 469 468 
336 470 39 471 469 
337 469 471 58 137 
338 468 469 137 55 
339 47 474 472 473 
340 474 65 385 472 
341 472 385 63 236 
342 473 472 236 64 
343 56 476 475 391 
344 476 73 477 475 
345 475 477 71 89 
346 391 475 89 72 
347 73 479 478 477 
348 479 55 480 478 
349 478 480 74 141 
350 477 478 141 71 
351 63 483 481 482 
352 483 81 389 481 
353 481 389 79 240 
354 482 481 240 80 
355 72 485 484 395 
356 485 89 486 484 
357 484 486 87 105 
358 395 484 105 88 
359 89 488 487 486 
360 488 71 489 487 
361 487 489 90 145 
362 486 487 145 87 
363 113 491 490 399 
364 491 88 492 490 
365 490 492 104 200 
366 399 490 200 111 
367 74 494 493 142 
368 494 136 495 493 
369 493 495 139 436 
370 142 493 436 59 
371 198 497 496 256 
372 497 120 203 496 
373 496 203 5 498 
374 256 496 498 201 
375 240 501 499 500 
376 501 79 410 499 
377 499 410 96 318 
378 500 499 318 238 
379 96 504 502 503 
380 504 244 413 502 
381 502 413 242 322 
382 503 502 322 243 
383 248 506 505 403 
384 506 111 507 505 
385 505 507 199 281 
386 403 505 281 246 
387 201 498 508 364 
388 498 5 367 508 
389 508 367 156 509 
390 364 508 509 250 
391 246 511 510 433 
392 511 281 512 510 
393 510 512 279 297 
394 433 510 297 280 
395 242 515 513 514 
396 515 285 416 513 
397 513 416 283 326 
398 514 513 326 284 
399 287 434 516 424 
400 434 280 296 516 
401 516 296 249 517 
402 424 516 517 290 
403 304 519 518 340 
404 519 303 312 518 
405 518 312 306 360 
406 340 518 360 286 
407 306 315 520 361 
408 315 98 521 520 
409 520 521 309 522 
410 361 520 522 307 
411 322 525 523 524 
412 525 242 514 523 
413 523 514 284 344 
414 524 523 344 320 
415 323 345 526 527 
416 345 245 335 526 
417 526 335 301 528 
418 527 526 528 331 
419 245 349 529 530 
420 349 327 351 529 
421 529 351 334 531 
422 530 529 531 335 
423 98 425 532 521 
424 425 290 533 532 
425 532 533 421 534 
426 521 532 534 309 
427 290 517 535 533 
428 517 249 536 535 
429 535 536 292 537 
430 533 535 537 421 
431 88 539 538 492 
432 539 105 540 538 
433 538 540 103 121 
434 492 538 121 104 
435 105 542 541 540 
436 542 87 543 541 
437 541 543 106 149 
438 540 541 149 103 
439 55 545 544 480 
440 545 137 546 544 
441 544 546 136 494 
442 480 544 494 74 
443 111 548 547 507 
444 548 200 549 547 
445 547 549 198 255 
446 507 547 255 199 
447 200 551 550 549 
448 551 104 552 550 
449 550 552 120 497 
450 549 550 497 198 
451 249 299 553 536 
452 299 282 554 553 
453 553 554 291 555 
454 536 553 555 292 
455 283 558 556 557 
456 558 305 419 556 
457 556 419 303 519 
458 557 556 519 304 
459 326 561 559 560 
460 561 283 557 559 
461 559 557 304 339 
462 560 559 339 324 
463 104 563 562 552 
464 563 121 564 562 
465 562 564 119 204 
466 552 562 204 120 
467 121 566 565 564 
468 566 103 567 565 
469 565 567 122 161 
470 564 565 161 119 
471 103 569 568 567 
472 569 149 570 568 
473 568 570 148 186 
474 567 568 186 122 
475 284 573 571 572 
476 573 326 560 571 
477 571 560 324 348 
478 572 571 348 325 
