2 0.000000 100.000000 5791.461216
573 478 
1 -20.101635 0.000000 -20.151635 99.964216 -0.000008 -2.684871 -0.000005 
2 20.964375 0.000000 -20.151635 99.964264 0.000008 -2.683174 -0.000005 
3 20.964375 0.000000 20.168012 99.963698 0.000010 -2.683326 0.000006 
4 -20.101635 0.000000 20.168012 99.963689 -0.000004 -2.684849 0.000005 
5 0.431370 0.000000 0.008188 96.765632 0.423090 -5.176888 0.060943 
6 -20.101635 0.000000 0.008188 99.963911 -0.000018 -2.685176 0.000001 
7 0.431370 0.000000 -20.151635 99.964775 -0.000001 -2.684076 -0.000016 
8 20.964375 0.000000 0.008188 99.918002 0.001018 -4.393111 -0.000291 
9 0.431370 0.000000 20.168012 99.963210 0.000011 -2.684099 0.000015 
10 10.697873 0.000000 -10.071724 99.965157 0.000043 -2.679086 -0.000021 
11 0.431370 0.000000 -10.071724 99.967127 0.000017 -2.682397 -0.000062 
12 10.697873 0.000000 -20.151635 99.964557 0.000008 -2.683402 -0.000011 
13 20.964375 0.000000 -10.071724 99.964353 0.000025 -2.678902 -0.000005 
14 10.697873 0.000000 0.008188 99.876927 0.003579 -5.907374 -0.001030 
15 -9.835133 0.000000 -10.071724 99.964923 -0.000028 -2.685159 -0.000020 
16 -20.101635 0.000000 -10.071724 99.964190 -0.000015 -2.685052 -0.000005 
17 -9.835133 0.000000 -20.151635 99.964510 -0.000009 -2.684703 -0.000011 
18 -9.835133 0.000000 0.008188 99.963584 -0.000056 -2.686216 0.000007 
19 10.697873 0.000000 10.088100 99.962886 0.000042 -2.679528 0.000024 
20 0.431370 0.000000 10.088100 99.961244 0.000062 -2.682429 0.000055 
21 20.964375 0.000000 10.088100 99.963766 0.000010 -2.679632 0.000007 
22 10.697873 0.000000 20.168012 99.963413 0.000015 -2.683507 0.000011 
23 5.564621 0.000000 -5.031768 99.968267 0.000252 -2.671900 -0.000079 
24 0.431370 0.000000 -5.031768 99.974314 -0.000081 -2.680586 -0.000205 
25 5.564621 0.000000 -10.071724 99.966313 0.000048 -2.679897 -0.000045 
26 10.697873 0.000000 -5.031768 99.965149 0.000120 -2.672862 -0.000018 
27 5.564621 0.000000 0.008188 99.836043 0.004565 -7.325957 -0.002091 
28 -9.835133 0.000000 10.088100 99.962937 -0.000010 -2.684959 0.000020 
29 -20.101635 0.000000 10.088100 99.963678 -0.000010 -2.685013 0.000005 
30 -9.835133 0.000000 20.168012 99.963426 -0.000000 -2.684669 0.000011 
31 -4.701881 0.000000 -5.031768 99.967189 -0.001018 -2.687230 -0.000066 
32 -9.835133 0.000000 -5.031768 99.964708 -0.000049 -2.685868 -0.000016 
33 -4.701881 0.000000 -10.071724 99.966045 -0.000023 -2.684637 -0.000042 
34 -4.701881 0.000000 0.008188 99.960920 -0.000229 -2.689866 0.000058 
35 5.564621 0.000000 5.048144 99.959300 0.000272 -2.672095 0.000100 
36 0.431370 0.000000 5.048144 99.956557 0.000665 -2.680481 0.000150 
37 10.697873 0.000000 5.048144 99.962880 0.000017 -2.671676 0.000028 
38 5.564621 0.000000 10.088100 99.961836 0.000069 -2.680313 0.000045 
39 2.997996 0.000000 -2.511790 99.968265 0.001178 -2.725244 -0.000108 
40 0.431370 0.000000 -2.511790 99.973434 0.006523 -2.709470 -0.000203 
41 2.997996 0.000000 -5.031768 99.971569 -0.002006 -2.674800 -0.000147 
42 5.564621 0.000000 -2.511790 99.964692 0.000168 -2.736144 -0.000043 
43 2.997996 0.000000 0.008188 99.791363 0.006610 -8.229205 -0.002604 
44 -4.701881 0.000000 5.048144 99.960234 0.001086 -2.685587 0.000074 
45 -9.835133 0.000000 5.048144 99.962837 -0.000030 -2.685541 0.000022 
46 -4.701881 0.000000 10.088100 99.962014 0.000013 -2.684310 0.000039 
47 -2.135256 0.000000 -2.511790 99.977000 0.001696 -2.706427 -0.000273 
48 -4.701881 0.000000 -2.511790 99.965425 -0.000214 -2.689660 -0.000032 
49 -2.135256 0.000000 -5.031768 99.971052 -0.000094 -2.686190 -0.000143 
50 -2.135256 0.000000 0.008188 99.939513 0.000634 -2.692000 0.000485 
51 2.997996 0.000000 2.528166 99.951612 0.000712 -2.719938 0.000228 
52 0.431370 0.000000 2.528166 99.974699 -0.002449 -2.710055 -0.000228 
53 5.564621 0.000000 2.528166 99.957505 0.000321 -2.708276 0.000116 
54 2.997996 0.000000 5.048144 99.957062 -0.000221 -2.676013 0.000142 
55 1.714683 0.000000 -1.251801 99.960005 -0.001816 -3.071376 -0.000144 
56 0.431370 0.000000 -1.251801 100.017972 0.014004 -2.879395 -0.001189 
57 1.714683 0.000000 -2.511790 99.998203 0.002348 -2.700506 -0.000693 
58 2.997996 0.000000 -1.251801 99.956500 0.000302 -3.166858 -0.000133 
59 1.714683 0.000000 0.008188 99.545383 0.032688 -9.200101 0.000607 
60 -2.135256 0.000000 2.528166 99.947268 -0.001378 -2.693430 0.000329 
61 -4.701881 0.000000 2.528166 99.959457 -0.000114 -2.687002 0.000089 
62 -2.135256 0.000000 5.048144 99.957824 0.000102 -2.683527 0.000123 
63 -0.851943 0.000000 -1.251801 99.984293 0.003030 -2.797869 -0.000469 
64 -2.135256 0.000000 -1.251801 99.966498 0.000248 -2.724680 -0.000072 
65 -0.851943 0.000000 -2.511790 99.996996 0.001042 -2.714611 -0.000677 
66 -0.851943 0.000000 0.008188 99.745679 -0.000296 -2.574240 0.004417 
67 1.714683 0.000000 1.268177 99.909476 0.011216 -3.068188 0.000868 
68 0.431370 0.000000 1.268177 100.245996 0.008668 -2.941665 -0.005791 
69 2.997996 0.000000 1.268177 99.924517 0.000829 -3.041452 0.000584 
70 1.714683 0.000000 2.528166 99.931154 0.000834 -2.710404 0.000642 
71 1.073026 0.000000 -0.621806 99.764800 0.026022 -3.951222 0.003137 
72 0.431370 0.000000 -0.621806 99.690702 0.033186 -3.159965 0.005178 
73 1.073026 0.000000 -1.251801 99.995195 0.015359 -2.963858 -0.000782 
74 1.714683 0.000000 -0.621806 99.847181 0.000466 -4.324886 0.001184 
75 1.073026 0.000000 0.008188 99.042453 0.080081 -10.707589 0.007593 
76 -0.851943 0.000000 1.268177 99.924834 0.001859 -2.698111 0.000775 
77 -2.135256 0.000000 1.268177 99.937901 0.001111 -2.703175 0.000511 
78 -0.851943 0.000000 2.528166 99.939745 0.004689 -2.695516 0.000478 
79 -0.210286 0.000000 -0.621806 99.846388 0.033123 -3.056377 0.002136 
80 -0.851943 0.000000 -0.621806 99.772350 0.010972 -2.686427 0.003826 
81 -0.210286 0.000000 -1.251801 100.125328 0.005246 -2.871892 -0.003333 
82 -0.210286 0.000000 0.008188 97.574839 -0.001239 -3.451061 0.046724 
83 1.073026 0.000000 0.638183 99.946847 0.009694 -4.191923 -0.000694 
84 0.431370 0.000000 0.638183 101.272325 0.020089 -3.814662 -0.027064 
85 1.714683 0.000000 0.638183 99.851703 0.009571 -4.013822 0.001353 
86 1.073026 0.000000 1.268177 99.929353 0.001147 -3.046632 0.000484 
87 0.752198 0.000000 -0.306809 98.463232 0.046977 -5.802643 0.027132 
88 0.431370 0.000000 -0.306809 98.771776 0.099030 -3.067040 0.023472 
89 0.752198 0.000000 -0.621806 99.480169 0.023354 -3.760581 0.008955 
90 1.073026 0.000000 -0.306809 99.301310 0.007223 -6.391704 0.009840 
91 0.752198 0.000000 0.008188 97.729303 0.102824 -12.370885 0.029593 
92 -0.210286 0.000000 0.638183 99.961484 0.013413 -2.432443 0.000178 
93 -0.851943 0.000000 0.638183 99.976804 -0.005325 -2.474250 -0.000148 
94 -0.210286 0.000000 1.268177 100.051028 -0.006184 -2.713886 -0.001757 
95 0.110542 0.000000 -0.306809 100.496263 0.034184 -3.030209 -0.010868 
96 -0.210286 0.000000 -0.306809 99.717122 -0.011096 -3.708230 0.004274 
97 0.110542 0.000000 -0.621806 100.148671 0.031932 -3.095911 -0.003934 
98 0.110542 0.000000 0.008188 21.402132 -8.228234 -3.086404 0.946472 
99 0.752198 0.000000 0.323185 100.381737 0.029625 -7.007361 -0.012560 
100 0.431370 0.000000 0.323185 102.469812 0.085420 -5.844097 -0.053422 
101 1.073026 0.000000 0.323185 99.765224 0.030065 -5.983548 0.001110 
102 0.752198 0.000000 0.638183 100.393005 0.028645 -4.321004 -0.009743 
103 0.591784 0.000000 -0.149310 96.448030 0.088666 -6.822343 0.065123 
104 0.431370 0.000000 -0.149310 96.256901 0.111893 -3.211795 0.072428 
105 0.591784 0.000000 -0.306809 98.236317 0.070253 -4.652130 0.032798 
106 0.752198 0.000000 -0.149310 97.815080 0.050609 -8.694132 0.035662 
107 0.591784 0.000000 0.008188 74.706948 1.448353 -13.272730 0.424061 
108 0.110542 0.000000 0.323185 101.936599 0.064113 -0.847948 -0.039179 
109 -0.210286 0.000000 0.323185 99.433658 0.020183 -1.628415 0.011030 
110 0.110542 0.000000 0.638183 100.948775 0.015739 -2.612371 -0.019748 
111 0.270956 0.000000 -0.149310 98.531515 0.091896 -0.119458 0.029152 
112 0.110542 0.000000 -0.149310 102.912485 0.095009 -2.895183 -0.059937 
113 0.270956 0.000000 -0.306809 99.506784 0.059550 -2.435494 0.009246 
114 0.270956 0.000000 0.008188 94.943540 0.112453 1.316901 0.098398 
115 0.591784 0.000000 0.165687 100.507901 0.111792 -10.996051 -0.022276 
116 0.431370 0.000000 0.165687 104.924491 0.183368 -10.669797 -0.112303 
117 0.752198 0.000000 0.165687 99.329936 0.074916 -9.010494 0.005237 
118 0.591784 0.000000 0.323185 101.175791 0.081005 -6.940947 -0.028472 
119 0.511577 0.000000 -0.070561 93.490001 0.126572 -6.483070 0.121757 
120 0.431370 0.000000 -0.070561 93.893583 0.148903 -3.548227 0.117138 
121 0.511577 0.000000 -0.149310 95.879060 0.129713 -5.460095 0.077738 
122 0.591784 0.000000 -0.070561 94.632458 0.093673 -9.106577 0.096176 
123 0.511577 0.000000 0.008188 95.657755 1.235863 -13.927055 0.065410 
124 15.831124 0.000000 -5.031768 99.964537 0.000083 -2.673581 -0.000006 
125 15.831124 0.000000 -10.071724 99.964591 0.000032 -2.678948 -0.000010 
126 20.964375 0.000000 -5.031768 99.964358 0.000069 -2.674124 -0.000002 
127 15.831124 0.000000 0.008188 99.901706 0.002091 -4.996743 -0.000532 
128 8.131247 0.000000 -2.511790 99.963174 0.000231 -2.745852 -0.000018 
129 8.131247 0.000000 -5.031768 99.966085 -0.000524 -2.672759 -0.000036 
130 10.697873 0.000000 -2.511790 99.962349 0.000054 -2.756540 -0.000007 
131 8.131247 0.000000 0.008188 99.859326 0.004317 -6.539443 -0.001465 
132 4.281308 0.000000 -1.251801 99.951799 -0.000449 -3.226076 -0.000077 
133 4.281308 0.000000 -2.511790 99.966936 0.000636 -2.731758 -0.000085 
134 5.564621 0.000000 -1.251801 99.947689 -0.001820 -3.279235 -0.000029 
135 4.281308 0.000000 0.008188 99.820050 0.005039 -7.763547 -0.002432 
136 2.356339 0.000000 -0.621806 99.880446 -0.007216 -4.520910 0.000346 
137 2.356339 0.000000 -1.251801 99.941714 0.001126 -3.158507 0.000168 
138 2.997996 0.000000 -0.621806 99.901583 -0.008460 -4.651743 -0.000197 
139 2.356339 0.000000 0.008188 99.692593 0.012016 -8.562398 -0.001193 
140 1.393855 0.000000 -0.306809 99.542582 0.007511 -6.708953 0.004626 
141 1.393855 0.000000 -0.621806 99.749377 0.007831 -4.270431 0.003183 
142 1.714683 0.000000 -0.306809 99.665305 -0.006291 -6.965510 0.001831 
143 1.393855 0.000000 0.008188 99.383374 0.053361 -9.855014 0.002582 
144 0.912612 0.000000 -0.149310 98.591808 0.025362 -9.366073 0.019193 
145 0.912612 0.000000 -0.306809 98.986870 0.036002 -6.224956 0.016285 
146 1.073026 0.000000 -0.149310 99.042420 -0.006854 -9.489818 0.010054 
147 0.912612 0.000000 0.008188 98.616111 0.114367 -11.638242 0.013940 
148 0.671991 0.000000 -0.070561 96.485051 0.058356 -10.795184 0.057410 
149 0.671991 0.000000 -0.149310 97.168565 0.058732 -8.068171 0.049317 
150 0.752198 0.000000 -0.070561 97.548633 0.021095 -11.179023 0.035929 
151 0.671991 0.000000 0.008188 96.744270 0.097406 -12.811440 0.047640 
152 0.270956 0.000000 0.165687 109.270934 0.136729 -4.869198 -0.196386 
153 0.110542 0.000000 0.165687 105.323060 0.140736 4.687542 -0.111494 
154 0.270956 0.000000 0.323185 103.506284 0.112727 -3.337498 -0.072470 
155 0.511577 0.000000 0.086937 102.115570 0.195560 -16.501099 -0.069991 
156 0.431370 0.000000 0.086937 109.986459 0.449231 -23.790164 -0.266319 
157 0.591784 0.000000 0.086937 98.712703 0.144296 -13.986931 0.006015 
158 0.511577 0.000000 0.165687 102.193712 0.141138 -10.933773 -0.056312 
159 0.551681 0.000000 -0.031187 91.932178 0.117626 -9.078534 0.146604 
160 0.511577 0.000000 -0.031187 91.503490 0.108968 -7.776631 0.156662 
161 0.551681 0.000000 -0.070561 93.828726 0.106654 -7.795109 0.113540 
162 0.591784 0.000000 -0.031187 93.166604 0.112684 -11.195311 0.119464 
163 0.551681 0.000000 0.008188 87.089373 2.380116 -18.732666 0.205886 
164 15.831124 0.000000 5.048144 99.963767 -0.000029 -2.672137 0.000011 
165 20.964375 0.000000 5.048144 99.964039 -0.000044 -2.672532 0.000005 
166 15.831124 0.000000 10.088100 99.963487 0.000021 -2.679495 0.000012 
167 8.131247 0.000000 2.528166 99.960937 -0.000095 -2.703279 0.000050 
168 10.697873 0.000000 2.528166 99.962387 -0.000271 -2.700218 0.000023 
169 8.131247 0.000000 5.048144 99.961680 0.000789 -2.671974 0.000052 
170 4.281308 0.000000 1.268177 99.940702 -0.000392 -3.028526 0.000268 
171 5.564621 0.000000 1.268177 99.949726 -0.000388 -3.017633 0.000095 
172 4.281308 0.000000 2.528166 99.953691 0.000173 -2.713200 0.000190 
173 2.356339 0.000000 0.638183 99.881015 0.007502 -3.954540 0.000814 
174 2.997996 0.000000 0.638183 99.902370 0.002430 -3.910575 0.000422 
175 2.356339 0.000000 1.268177 99.929064 0.003620 -3.082089 0.000468 
176 1.393855 0.000000 0.323185 99.751719 0.014945 -5.632071 0.001787 
177 1.714683 0.000000 0.323185 99.772023 0.011802 -5.371342 0.001669 
178 1.393855 0.000000 0.638183 99.905264 0.018089 -4.157469 0.000165 
179 0.912612 0.000000 0.165687 99.416747 0.063663 -8.483473 0.004434 
180 1.073026 0.000000 0.165687 99.475569 0.037547 -7.672676 0.004574 
181 0.912612 0.000000 0.323185 99.978088 0.035793 -6.526828 -0.003822 
182 0.671991 0.000000 0.086937 98.307181 0.102335 -11.710708 0.019855 
183 0.752198 0.000000 0.086937 98.554044 0.094309 -10.546855 0.017586 
184 0.671991 0.000000 0.165687 99.602699 0.094585 -9.919615 -0.001911 
185 0.631888 0.000000 -0.031187 95.245770 0.091086 -11.957964 0.078524 
186 0.631888 0.000000 -0.070561 95.642834 0.066392 -10.226328 0.074787 
187 0.671991 0.000000 -0.031187 96.444512 0.080044 -11.836804 0.055834 
188 0.631888 0.000000 0.008188 95.663667 0.110063 -13.153145 0.067545 
189 0.551681 0.000000 0.047563 98.489670 0.231674 -18.571023 -0.004515 
190 0.511577 0.000000 0.047563 103.172812 1.051474 -28.756660 -0.147268 
191 0.591784 0.000000 0.047563 96.636908 0.171048 -15.646911 0.041645 
192 0.551681 0.000000 0.086937 99.947606 0.175522 -15.099215 -0.021754 
193 0.571732 0.000000 -0.011499 78.581078 1.843231 -13.775375 0.363186 
194 0.551681 0.000000 -0.011499 83.700338 2.163503 -12.364303 0.283670 
195 0.571732 0.000000 -0.031187 92.182099 0.119669 -10.171162 0.139899 
196 0.591784 0.000000 -0.011499 92.337376 0.140259 -12.617882 0.131458 
197 0.571732 0.000000 0.008188 77.000670 1.686471 -14.011594 0.387173 
198 0.351163 0.000000 -0.070561 94.884643 0.206275 -0.579514 0.099653 
199 0.270956 0.000000 -0.070561 95.413651 0.076852 2.886546 0.088790 
200 0.351163 0.000000 -0.149310 97.176596 0.162553 -1.428212 0.055464 
201 0.351163 0.000000 0.008188 97.897215 0.185932 -2.442656 0.041013 
202 0.471473 0.000000 -0.031187 92.616185 0.609600 -1.335311 0.142009 
203 0.431370 0.000000 -0.031187 93.424121 0.380975 -0.126371 0.127177 
204 0.471473 0.000000 -0.070561 93.551560 0.102702 -5.038402 0.122271 
205 0.471473 0.000000 0.008188 96.500334 0.628688 -8.793983 0.060996 
206 0.531629 0.000000 -0.011499 90.493566 1.880850 -8.129643 0.174129 
207 0.511577 0.000000 -0.011499 92.825516 1.117033 -5.522547 0.135168 
208 0.531629 0.000000 -0.031187 91.714030 0.121743 -8.678383 0.151321 
209 0.531629 0.000000 0.008188 92.828449 1.842430 -17.449519 0.107500 
210 0.631888 0.000000 0.047563 96.999237 0.130131 -13.483654 0.040932 
211 0.671991 0.000000 0.047563 97.474851 0.113609 -12.592848 0.034006 
212 0.631888 0.000000 0.086937 98.331700 0.115779 -12.724641 0.016895 
213 0.571732 0.000000 0.027875 95.009839 0.232185 -19.138990 0.060678 
214 0.551681 0.000000 0.027875 87.946733 2.205552 -27.308549 0.151475 
215 0.591784 0.000000 0.027875 94.878567 0.168822 -16.165851 0.073669 
216 0.571732 0.000000 0.047563 97.146720 0.201489 -17.407916 0.025944 
217 0.561706 0.000000 -0.001656 79.905586 1.872177 -13.336116 0.343374 
218 0.551681 0.000000 -0.001656 85.178624 2.383882 -11.387596 0.260924 
219 0.561706 0.000000 -0.011499 80.546746 1.956730 -11.648256 0.337271 
220 0.571732 0.000000 -0.001656 76.786275 1.657216 -13.464861 0.391982 
221 0.561706 0.000000 0.008188 81.351442 1.995112 -15.060709 0.315114 
222 -14.968384 0.000000 -5.031768 99.964226 -0.000028 -2.685372 -0.000006 
223 -20.101635 0.000000 -5.031768 99.964080 -0.000018 -2.685147 -0.000003 
224 -14.968384 0.000000 -10.071724 99.964409 -0.000021 -2.685135 -0.000009 
225 -14.968384 0.000000 0.008188 99.963849 -0.000029 -2.685457 0.000002 
226 -7.268507 0.000000 -2.511790 99.964536 -0.000514 -2.687536 -0.000013 
227 -9.835133 0.000000 -2.511790 99.964225 -0.000057 -2.686183 -0.000006 
228 -7.268507 0.000000 -5.031768 99.965397 -0.000063 -2.686315 -0.000030 
229 -7.268507 0.000000 0.008188 99.963068 -0.000138 -2.687580 0.000016 
230 -3.418569 0.000000 -1.251801 99.961821 -0.000300 -2.694455 0.000037 
231 -4.701881 0.000000 -1.251801 99.963198 -0.000240 -2.690413 0.000012 
232 -3.418569 0.000000 -2.511790 99.966637 -0.000243 -2.692352 -0.000058 
233 -3.418569 0.000000 0.008188 99.956804 -0.000277 -2.692605 0.000139 
234 -1.493599 0.000000 -0.621806 99.960905 -0.000177 -2.827800 -0.000018 
235 -2.135256 0.000000 -0.621806 99.952648 0.002077 -2.727827 0.000203 
236 -1.493599 0.000000 -1.251801 99.970810 -0.002945 -2.752989 -0.000174 
237 -1.493599 0.000000 0.008188 99.906173 0.000415 -2.823386 0.001079 
238 -0.531115 0.000000 -0.306809 99.658223 0.007380 -2.970096 0.005942 
239 -0.851943 0.000000 -0.306809 99.732647 0.007670 -2.644148 0.004641 
240 -0.531115 0.000000 -0.621806 99.812535 0.010031 -2.910948 0.002898 
241 -0.531115 0.000000 0.008188 99.452630 0.003012 -2.828808 0.010117 
242 -0.049872 0.000000 -0.149310 99.758669 0.096446 -5.582699 0.001703 
243 -0.210286 0.000000 -0.149310 98.930938 0.008005 -4.123483 0.019567 
244 -0.049872 0.000000 -0.306809 99.936902 0.031686 -3.706746 -0.000113 
245 -0.049872 0.000000 0.008188 87.850315 0.128643 -6.262265 0.224309 
246 0.190749 0.000000 -0.070561 103.087910 -0.080593 13.465972 -0.080846 
247 0.110542 0.000000 -0.070561 106.193623 -0.096740 -11.616526 -0.141204 
248 0.190749 0.000000 -0.149310 101.415261 0.097784 0.115984 -0.028508 
249 0.190749 0.000000 0.008188 92.257163 -0.465179 4.067465 0.147186 
250 0.351163 0.000000 0.086937 114.226815 0.226546 -16.945376 -0.333496 
251 0.270956 0.000000 0.086937 116.486354 0.303154 -10.045610 -0.367008 
252 0.351163 0.000000 0.165687 107.459935 0.219472 -8.428790 -0.161873 
253 0.311059 0.000000 -0.031187 93.693625 0.138098 2.446810 0.121550 
254 0.270956 0.000000 -0.031187 92.021958 0.080400 2.888204 0.152361 
255 0.311059 0.000000 -0.070561 95.123758 0.102644 0.677029 0.095100 
256 0.351163 0.000000 -0.031187 93.783572 0.172297 1.794656 0.120139 
257 0.311059 0.000000 0.008188 97.852560 0.145421 -0.813462 0.042419 
258 -14.968384 0.000000 5.048144 99.963532 -0.000022 -2.685288 0.000008 
259 -20.101635 0.000000 5.048144 99.963759 -0.000015 -2.685118 0.000004 
260 -14.968384 0.000000 10.088100 99.963441 -0.000012 -2.685048 0.000010 
261 -7.268507 0.000000 2.528166 99.962108 0.000211 -2.686851 0.000036 
262 -9.835133 0.000000 2.528166 99.963070 -0.000045 -2.685939 0.000017 
263 -7.268507 0.000000 5.048144 99.961972 -0.000027 -2.685587 0.000039 
264 -3.418569 0.000000 1.268177 99.955758 -0.000158 -2.688811 0.000162 
265 -4.701881 0.000000 1.268177 99.959663 -0.000177 -2.688422 0.000084 
266 -3.418569 0.000000 2.528166 99.956903 -0.000053 -2.686504 0.000140 
267 -1.493599 0.000000 0.638183 99.886232 0.001369 -2.780044 0.001501 
268 -2.135256 0.000000 0.638183 99.935797 -0.001091 -2.711460 0.000548 
269 -1.493599 0.000000 1.268177 99.945589 0.002465 -2.679552 0.000370 
270 -0.531115 0.000000 0.323185 99.619633 0.002929 -2.547612 0.006944 
271 -0.851943 0.000000 0.323185 99.851980 -0.007155 -2.470380 0.002348 
272 -0.531115 0.000000 0.638183 99.920831 -0.008380 -2.505250 0.000955 
273 -0.049872 0.000000 0.165687 97.422276 0.081815 1.856455 0.050545 
274 -0.210286 0.000000 0.165687 98.082797 -0.012936 -2.042318 0.037559 
275 -0.049872 0.000000 0.323185 99.726353 -0.006624 -0.903282 0.005384 
276 0.190749 0.000000 0.086937 117.343462 0.592456 2.408636 -0.377564 
277 0.110542 0.000000 0.086937 114.474917 0.796998 17.640823 -0.341634 
278 0.190749 0.000000 0.165687 109.074701 0.154031 0.257342 -0.189738 
279 0.230852 0.000000 -0.031187 91.612755 0.067401 3.004538 0.159807 
280 0.190749 0.000000 -0.031187 71.878919 -0.379612 62.302737 0.095165 
281 0.230852 0.000000 -0.070561 96.134592 0.003944 7.326022 0.070447 
282 0.230852 0.000000 0.008188 88.704415 -0.153855 2.340241 0.212603 
283 0.030335 0.000000 -0.070561 104.285599 0.082083 -8.325705 -0.094481 
284 -0.049872 0.000000 -0.070561 97.676492 0.103813 -8.269267 0.039091 
285 0.030335 0.000000 -0.149310 101.686892 0.093954 -5.110142 -0.036635 
286 0.030335 0.000000 0.008188 84.394891 1.142409 10.133503 0.277351 
287 0.150645 0.000000 -0.031187 123.120353 -0.345927 0.812846 -0.515940 
288 0.110542 0.000000 -0.031187 71.605157 -0.426516 -59.757841 0.130152 
289 0.150645 0.000000 -0.070561 129.728052 -0.348765 0.352113 -0.682961 
290 0.150645 0.000000 0.008188 16.476001 -7.921583 0.790764 0.966516 
291 0.230852 0.000000 0.047563 115.198779 0.450963 -2.135818 -0.327552 
292 0.190749 0.000000 0.047563 117.344461 0.597519 2.548368 -0.377657 
293 0.270956 0.000000 0.047563 111.906640 0.272514 -7.853739 -0.258485 
294 0.230852 0.000000 0.086937 117.259676 0.456524 -2.778343 -0.375776 
295 0.210801 0.000000 -0.011499 52.848096 -0.567272 17.591492 0.689730 
296 0.190749 0.000000 -0.011499 34.730210 -0.531170 41.625330 0.706086 
297 0.210801 0.000000 -0.031187 91.638835 0.069306 3.005416 0.159329 
298 0.230852 0.000000 -0.011499 86.170164 -0.205248 3.167804 0.256463 
299 0.210801 0.000000 0.008188 80.827921 -0.603070 3.573533 0.345371 
300 0.030335 0.000000 0.086937 95.229360 0.165570 13.836446 0.073989 
301 -0.049872 0.000000 0.086937 92.558361 0.107940 2.518666 0.142659 
302 0.030335 0.000000 0.165687 100.023591 0.113984 4.991609 -0.002965 
303 0.070438 0.000000 -0.031187 97.806070 0.075575 4.680093 0.041206 
304 0.030335 0.000000 -0.031187 112.113161 0.865712 -8.195917 -0.263728 
305 0.070438 0.000000 -0.070561 103.531265 0.004547 -7.032215 -0.076817 
306 0.070438 0.000000 0.008188 94.016558 -0.092788 5.017688 0.113570 
307 0.070438 0.000000 0.047563 102.992300 0.917181 32.871618 -0.168880 
308 0.030335 0.000000 0.047563 86.319138 1.018826 42.033877 0.078112 
309 0.110542 0.000000 0.047563 110.953734 0.861680 23.464872 -0.286207 
310 0.070438 0.000000 0.086937 107.183713 0.950571 29.604648 -0.236569 
311 0.090490 0.000000 -0.011499 85.827769 -0.500680 5.942827 0.259803 
312 0.070438 0.000000 -0.011499 98.196328 0.102421 3.721557 0.034362 
313 0.090490 0.000000 -0.031187 89.198909 -0.306829 5.446876 0.201379 
314 0.110542 0.000000 -0.011499 39.314562 -0.441226 -45.608119 0.637407 
315 0.090490 0.000000 0.008188 88.861929 -0.321801 5.476897 0.207346 
316 -0.370701 0.000000 -0.149310 99.246261 -0.010955 -3.348604 0.013897 
317 -0.531115 0.000000 -0.149310 99.540078 0.007996 -2.964170 0.008299 
318 -0.370701 0.000000 -0.306809 99.667558 0.010140 -3.341640 0.005521 
319 -0.370701 0.000000 0.008188 98.904797 0.012601 -2.933399 0.020924 
320 -0.130079 0.000000 -0.070561 97.404832 -0.044276 -5.098770 0.048630 
321 -0.210286 0.000000 -0.070561 98.200328 0.000423 -4.039966 0.034037 
322 -0.130079 0.000000 -0.149310 98.996412 -0.021766 -4.835346 0.017633 
323 -0.130079 0.000000 0.008188 95.521702 0.092444 -3.558439 0.086293 
324 -0.009769 0.000000 -0.031187 98.251981 0.155513 -18.537141 0.000290 
325 -0.049872 0.000000 -0.031187 93.670904 0.117090 -9.723059 0.113121 
326 -0.009769 0.000000 -0.070561 100.619453 0.107849 -10.106288 -0.022642 
327 -0.009769 0.000000 0.008188 49.312275 1.663480 -16.577546 0.729072 
328 -0.370701 0.000000 0.165687 99.048445 0.003190 -2.406886 0.018361 
329 -0.531115 0.000000 0.165687 99.483065 0.006941 -2.644805 0.009612 
330 -0.370701 0.000000 0.323185 99.583055 0.016012 -2.121698 0.007871 
331 -0.130079 0.000000 0.086937 95.866063 0.003264 -1.435264 0.080764 
332 -0.210286 0.000000 0.086937 97.618191 -0.017810 -2.460099 0.046464 
333 -0.130079 0.000000 0.165687 97.511240 0.019274 -0.680276 0.049109 
334 -0.009769 0.000000 0.047563 81.657916 0.178433 8.836010 0.325388 
335 -0.049872 0.000000 0.047563 88.648073 0.123743 0.134039 0.214149 
336 -0.009769 0.000000 0.086937 91.637606 0.136161 7.705315 0.154316 
337 0.010283 0.000000 -0.011499 83.492141 1.526112 -30.847070 0.207519 
338 -0.009769 0.000000 -0.011499 64.295606 1.723435 -39.615792 0.429369 
339 0.010283 0.000000 -0.031187 103.156258 1.355033 -32.361772 -0.169033 
340 0.030335 0.000000 -0.011499 110.203879 0.974660 -13.325783 -0.232342 
341 0.010283 0.000000 0.008188 51.093019 1.499799 4.612574 0.736598 
342 -0.089976 0.000000 -0.031187 95.080773 0.097387 -6.119242 0.092219 
343 -0.130079 0.000000 -0.031187 96.317146 0.092208 -4.511318 0.070265 
344 -0.089976 0.000000 -0.070561 97.124792 0.094252 -6.323770 0.052678 
345 -0.089976 0.000000 0.008188 93.219753 0.097712 -4.417822 0.129055 
346 -0.029821 0.000000 -0.011499 87.597563 0.151983 -14.105220 0.212769 
347 -0.049872 0.000000 -0.011499 90.467956 0.124359 -8.948336 0.173546 
348 -0.029821 0.000000 -0.031187 93.979553 0.129757 -13.548092 0.098428 
349 -0.029821 0.000000 0.008188 81.153359 0.166259 -8.750630 0.333753 
350 0.010283 0.000000 0.027875 53.989258 1.282565 39.201457 0.554676 
351 -0.009769 0.000000 0.027875 27.776132 1.539342 22.539945 0.871807 
352 0.030335 0.000000 0.027875 78.392523 1.074403 43.505486 0.196073 
353 0.010283 0.000000 0.047563 81.842406 0.264795 17.827714 0.298392 
354 0.000257 0.000000 -0.001656 49.744884 1.764903 -32.224278 0.648393 
355 -0.009769 0.000000 -0.001656 51.512920 1.671080 -19.770612 0.695275 
356 0.000257 0.000000 -0.011499 73.941567 1.602807 -32.837888 0.345175 
357 0.010283 0.000000 -0.001656 74.080981 1.551699 -24.714111 0.389881 
358 0.000257 0.000000 0.008188 32.968237 1.621319 3.219474 0.890010 
359 0.050386 0.000000 0.027875 94.606738 0.982198 38.001196 -0.039549 
360 0.050386 0.000000 0.008188 107.504973 0.534257 1.117521 -0.155885 
361 0.070438 0.000000 0.027875 101.032916 0.959406 34.341253 -0.138789 
362 0.050386 0.000000 0.047563 95.663236 0.976877 37.549054 -0.056234 
363 0.311059 0.000000 0.047563 110.370293 0.201896 -10.107860 -0.228381 
364 0.351163 0.000000 0.047563 111.729521 0.236779 -14.949359 -0.270703 
365 0.311059 0.000000 0.086937 115.544261 0.232416 -13.997155 -0.354645 
366 0.471473 0.000000 0.047563 107.604481 0.550158 -25.958198 -0.225286 
367 0.431370 0.000000 0.047563 108.374137 0.439122 -21.982356 -0.222837 
368 0.471473 0.000000 0.086937 104.338501 0.224201 -16.295491 -0.115212 
369 0.531629 0.000000 0.027875 98.680928 1.735188 -29.035305 -0.058399 
370 0.511577 0.000000 0.027875 101.839527 1.082344 -25.448171 -0.102007 
371 0.531629 0.000000 0.047563 100.332856 0.259874 -19.903776 -0.046291 
372 -4.701881 0.000000 -15.111679 99.965140 -0.000011 -2.684403 -0.000024 
373 -9.835133 0.000000 -15.111679 99.964719 -0.000015 -2.684816 -0.000015 
374 -4.701881 0.000000 -20.151635 99.964685 -0.000006 -2.684453 -0.000014 
375 0.431370 0.000000 -15.111679 99.965404 0.000002 -2.683578 -0.000028 
376 -2.135256 0.000000 -7.551746 99.968458 -0.001481 -2.684285 -0.000090 
377 -4.701881 0.000000 -7.551746 99.966700 -0.000037 -2.685245 -0.000055 
378 -2.135256 0.000000 -10.071724 99.966741 -0.000007 -2.683764 -0.000055 
379 0.431370 0.000000 -7.551746 99.969565 -0.001502 -2.681551 -0.000110 
380 -0.851943 0.000000 -3.771779 99.976188 -0.001720 -2.690650 -0.000248 
381 -2.135256 0.000000 -3.771779 99.972023 -0.000124 -2.689838 -0.000164 
382 -0.851943 0.000000 -5.031768 99.973533 -0.000012 -2.684051 -0.000191 
383 0.431370 0.000000 -3.771779 99.989968 -0.001104 -2.684473 -0.000520 
384 -0.210286 0.000000 -1.881795 100.019159 -0.005152 -2.748474 -0.001139 
385 -0.851943 0.000000 -1.881795 99.970268 0.000359 -2.724537 -0.000148 
386 -0.210286 0.000000 -2.511790 100.006761 0.002652 -2.709310 -0.000869 
387 0.431370 0.000000 -1.881795 100.023383 -0.004859 -2.749757 -0.001224 
388 0.110542 0.000000 -0.936804 99.963672 0.022678 -2.937065 -0.000136 
389 -0.210286 0.000000 -0.936804 99.883793 0.032955 -2.898497 0.001483 
390 0.110542 0.000000 -1.251801 100.033446 0.012316 -2.859487 -0.001487 
391 0.431370 0.000000 -0.936804 99.964440 0.020806 -2.986656 -0.000181 
392 0.270956 0.000000 -0.464308 99.814093 0.039526 -2.944181 0.002848 
393 0.110542 0.000000 -0.464308 100.132654 0.020286 -3.113716 -0.003624 
394 0.270956 0.000000 -0.621806 99.808081 0.060422 -3.102701 0.002872 
395 0.431370 0.000000 -0.464308 99.247306 0.046424 -3.262764 0.013932 
396 0.190749 0.000000 -0.228060 100.374632 0.098614 -1.919906 -0.007876 
397 0.110542 0.000000 -0.228060 100.982358 0.092456 -2.891531 -0.020581 
398 0.190749 0.000000 -0.306809 100.049262 0.058825 -2.644319 -0.001685 
399 0.270956 0.000000 -0.228060 99.467775 0.111504 -1.571475 0.010368 
400 0.150645 0.000000 -0.109936 105.431632 0.044581 -0.205651 -0.111587 
401 0.110542 0.000000 -0.109936 104.867721 0.052596 -3.982537 -0.101310 
402 0.150645 0.000000 -0.149310 102.664091 0.091578 -1.217731 -0.054141 
403 0.190749 0.000000 -0.109936 102.492151 0.058002 3.093405 -0.051421 
404 0.130593 0.000000 -0.050874 118.519106 -0.356861 -30.595155 -0.498297 
405 0.110542 0.000000 -0.050874 94.768570 -0.382416 -53.378981 -0.183054 
406 0.130593 0.000000 -0.070561 114.355494 -0.359382 -40.126763 -0.468747 
407 0.150645 0.000000 -0.050874 124.782467 -0.346517 1.214225 -0.557226 
408 0.130593 0.000000 -0.031187 106.308788 -0.371646 -39.608791 -0.287055 
409 -0.049872 0.000000 -0.464308 100.078825 -0.002544 -3.310235 -0.002673 
410 -0.210286 0.000000 -0.464308 100.058144 0.023034 -3.422974 -0.002335 
411 -0.049872 0.000000 -0.621806 100.188187 0.035789 -3.178377 -0.004778 
412 0.030335 0.000000 -0.228060 100.681192 0.090543 -3.859669 -0.015161 
413 -0.049872 0.000000 -0.228060 100.168294 -0.016068 -4.371980 -0.005280 
414 0.030335 0.000000 -0.306809 100.440777 0.011179 -3.523285 -0.010076 
415 0.070438 0.000000 -0.109936 103.589616 0.077480 -5.368517 -0.075964 
416 0.030335 0.000000 -0.109936 102.517966 0.090943 -6.468807 -0.055179 
417 0.070438 0.000000 -0.149310 102.467057 0.089437 -4.220076 -0.051731 
418 0.090490 0.000000 -0.050874 97.386998 -0.202540 -12.794940 0.035202 
419 0.070438 0.000000 -0.050874 101.657129 -0.078822 -6.520893 -0.037670 
420 0.090490 0.000000 -0.070561 103.304793 -0.054624 -9.079493 -0.075432 
421 0.150645 0.000000 0.047563 115.758059 0.756444 11.547254 -0.353384 
422 0.150645 0.000000 0.086937 115.840790 0.747488 11.163784 -0.354428 
423 0.130593 0.000000 -0.011499 114.355494 -0.359382 -40.126763 -0.468747 
424 0.150645 0.000000 -0.011499 129.728052 -0.348765 0.352113 -0.682961 
425 0.130593 0.000000 0.008188 17.609347 -7.907465 -2.544648 0.962091 
426 0.120568 0.000000 -0.041030 96.325325 -0.377045 -52.432316 -0.202786 
427 0.110542 0.000000 -0.041030 84.007629 -0.402389 -56.626084 -0.026396 
428 0.120568 0.000000 -0.050874 102.542913 -0.373198 -43.606539 -0.241672 
429 0.130593 0.000000 -0.041030 108.416936 -0.368218 -39.125855 -0.328520 
430 0.120568 0.000000 -0.031187 89.743800 -0.395295 -49.965076 -0.055061 
431 0.170697 0.000000 -0.050874 117.911625 -0.330796 32.294584 -0.494620 
432 0.170697 0.000000 -0.070561 114.491922 -0.325724 41.013540 -0.479062 
433 0.190749 0.000000 -0.050874 95.138774 -0.335491 54.816352 -0.205633 
434 0.170697 0.000000 -0.031187 102.765023 -0.336678 44.057938 -0.250187 
435 2.035511 0.000000 -0.306809 99.667226 -0.013841 -7.456255 0.001085 
436 2.035511 0.000000 -0.621806 99.866650 -0.005408 -4.430695 0.000702 
437 2.356339 0.000000 -0.306809 99.693179 -0.016303 -7.818800 0.000014 
438 2.035511 0.000000 0.008188 99.629879 0.018219 -8.933876 -0.000593 
439 5.564621 0.000000 -15.111679 99.965221 0.000014 -2.682701 -0.000024 
440 5.564621 0.000000 -20.151635 99.964716 0.000005 -2.683684 -0.000015 
441 10.697873 0.000000 -15.111679 99.964820 0.000018 -2.682198 -0.000016 
442 15.831124 0.000000 -15.111679 99.964501 0.000016 -2.682005 -0.000009 
443 15.831124 0.000000 -20.151635 99.964391 0.000009 -2.683247 -0.000008 
444 20.964375 0.000000 -15.111679 99.964310 0.000014 -2.681938 -0.000006 
445 -14.968384 0.000000 -15.111679 99.964409 -0.000014 -2.684938 -0.000009 
446 -20.101635 0.000000 -15.111679 99.964227 -0.000011 -2.684949 -0.000006 
447 -14.968384 0.000000 -20.151635 99.964341 -0.000009 -2.684826 -0.000008 
448 2.997996 0.000000 -7.551746 99.968923 -0.001700 -2.678485 -0.000096 
449 2.997996 0.000000 -10.071724 99.966925 0.000038 -2.680948 -0.000057 
450 5.564621 0.000000 -7.551746 99.967298 -0.000857 -2.676913 -0.000063 
451 8.131247 0.000000 -7.551746 99.966014 0.000086 -2.675958 -0.000036 
452 8.131247 0.000000 -10.071724 99.965661 0.000047 -2.679333 -0.000031 
453 10.697873 0.000000 -7.551746 99.965269 0.000070 -2.675829 -0.000022 
454 -7.268507 0.000000 -7.551746 99.965567 -0.000042 -2.685525 -0.000033 
455 -9.835133 0.000000 -7.551746 99.964916 -0.000037 -2.685477 -0.000020 
456 -7.268507 0.000000 -10.071724 99.965395 -0.000028 -2.685034 -0.000029 
457 1.714683 0.000000 -3.771779 99.988087 0.002396 -2.676759 -0.000478 
458 1.714683 0.000000 -5.031768 99.973593 -0.002049 -2.677417 -0.000189 
459 2.997996 0.000000 -3.771779 99.973567 0.000565 -2.676494 -0.000188 
460 4.281308 0.000000 -3.771779 99.969143 -0.005166 -2.679863 -0.000101 
461 4.281308 0.000000 -5.031768 99.969480 -0.000014 -2.672949 -0.000104 
462 5.564621 0.000000 -3.771779 99.967329 -0.001467 -2.678512 -0.000064 
463 -3.418569 0.000000 -3.771779 99.968637 -0.000179 -2.689217 -0.000096 
464 -4.701881 0.000000 -3.771779 99.966745 -0.000172 -2.688256 -0.000058 
465 -3.418569 0.000000 -5.031768 99.968790 -0.000130 -2.686919 -0.000098 
466 1.073026 0.000000 -1.881795 100.009254 -0.003664 -2.761084 -0.000947 
467 1.073026 0.000000 -2.511790 100.007006 0.002976 -2.699929 -0.000869 
468 1.714683 0.000000 -1.881795 99.967810 0.001839 -2.802336 -0.000142 
469 2.356339 0.000000 -1.881795 99.982811 0.002336 -2.798257 -0.000439 
470 2.356339 0.000000 -2.511790 99.997236 0.008160 -2.696702 -0.000672 
471 2.997996 0.000000 -1.881795 99.981261 0.006336 -2.804324 -0.000412 
472 -1.493599 0.000000 -1.881795 99.982612 0.000924 -2.725688 -0.000395 
473 -2.135256 0.000000 -1.881795 99.973193 0.005082 -2.712837 -0.000200 
474 -1.493599 0.000000 -2.511790 99.983830 0.006606 -2.708320 -0.000410 
475 0.752198 0.000000 -0.936804 99.814226 0.054882 -3.177699 0.002702 
476 0.752198 0.000000 -1.251801 100.025972 0.019764 -2.908662 -0.001366 
477 1.073026 0.000000 -0.936804 99.811655 0.005969 -3.334964 0.002651 
478 1.393855 0.000000 -0.936804 99.925162 0.013100 -3.365691 0.000363 
479 1.393855 0.000000 -1.251801 99.963639 0.004885 -3.030658 -0.000191 
480 1.714683 0.000000 -0.936804 99.920919 0.002882 -3.458940 0.000385 
481 -0.531115 0.000000 -0.936804 99.781816 0.018877 -2.767240 0.003593 
482 -0.851943 0.000000 -0.936804 99.978538 0.008777 -2.855810 -0.000386 
483 -0.531115 0.000000 -1.251801 100.025600 0.011629 -2.836896 -0.001317 
484 0.591784 0.000000 -0.464308 98.941209 0.005966 -3.921446 0.019526 
485 0.591784 0.000000 -0.621806 99.457896 0.040577 -3.483185 0.009599 
486 0.752198 0.000000 -0.464308 99.163267 0.026391 -4.346347 0.014776 
487 0.912612 0.000000 -0.464308 99.376599 0.033036 -4.654779 0.010262 
488 0.912612 0.000000 -0.621806 99.753797 0.014482 -3.788800 0.003482 
489 1.073026 0.000000 -0.464308 99.599415 0.004613 -4.732539 0.005756 
490 0.351163 0.000000 -0.228060 98.195701 0.090932 -2.372288 0.035197 
491 0.351163 0.000000 -0.306809 98.932609 0.095133 -2.688023 0.020510 
492 0.431370 0.000000 -0.228060 97.710258 0.119987 -3.218734 0.044233 
493 2.035511 0.000000 -0.936804 99.926473 -0.002254 -3.514941 0.000235 
494 2.035511 0.000000 -1.251801 99.958512 -0.001662 -3.104560 -0.000134 
495 2.356339 0.000000 -0.936804 99.917439 -0.000351 -3.591442 0.000361 
496 2.035511 0.000000 0.323185 99.822947 0.010959 -5.374693 0.000649 
497 2.356339 0.000000 0.323185 99.837226 0.009252 -5.230113 0.000517 
498 2.035511 0.000000 0.638183 99.866964 0.010411 -3.980574 0.001074 
499 0.391266 0.000000 -0.031187 93.852698 0.201181 1.237697 0.119010 
500 0.391266 0.000000 -0.070561 94.397868 0.186852 -2.008859 0.108497 
501 0.391266 0.000000 0.008188 97.705058 0.286809 -4.000404 0.043764 
502 -0.370701 0.000000 -0.464308 99.837234 0.024963 -3.153479 0.002258 
503 -0.531115 0.000000 -0.464308 99.749705 0.012846 -2.918385 0.004148 
504 -0.370701 0.000000 -0.621806 99.835974 0.013850 -2.960750 0.002401 
505 -0.130079 0.000000 -0.228060 99.607232 0.038226 -4.209156 0.006068 
506 -0.210286 0.000000 -0.228060 99.308583 0.004857 -3.845469 0.012302 
507 -0.130079 0.000000 -0.306809 99.922166 0.016907 -3.889867 0.000043 
508 0.230852 0.000000 -0.109936 99.236387 0.081449 2.804146 0.014427 
509 0.230852 0.000000 -0.149310 99.812486 0.092735 0.373427 0.003732 
510 0.270956 0.000000 -0.109936 97.532992 0.096916 1.306235 0.048560 
511 0.391266 0.000000 0.047563 110.516301 0.312835 -19.890367 -0.260958 
512 0.391266 0.000000 0.086937 113.069306 0.225169 -19.555167 -0.316712 
513 0.210801 0.000000 -0.050874 92.105617 -0.177941 17.541154 0.120883 
514 0.210801 0.000000 -0.070561 98.140242 -0.043966 10.663913 0.025477 
515 0.230852 0.000000 -0.050874 90.933205 0.017766 2.981659 0.172226 
516 -0.009769 0.000000 -0.109936 100.758785 0.097882 -7.076906 -0.020242 
517 -0.049872 0.000000 -0.109936 99.161250 0.090230 -6.557939 0.012403 
518 -0.009769 0.000000 -0.149310 100.666791 0.091499 -5.531485 -0.016441 
519 0.170697 0.000000 -0.011499 93.272583 -0.346540 53.306102 -0.154144 
520 0.170697 0.000000 0.008188 117.361391 0.721996 4.076112 -0.379083 
521 0.050386 0.000000 -0.011499 109.443357 0.677916 -3.027057 -0.198747 
522 0.050386 0.000000 -0.031187 107.531808 0.535732 1.087697 -0.156456 
523 0.090490 0.000000 0.027875 108.552586 0.847528 27.523523 -0.254193 
524 0.110542 0.000000 0.027875 112.377231 0.836896 21.086689 -0.307399 
525 0.090490 0.000000 0.047563 107.437552 0.909588 28.234666 -0.234085 
526 -0.089976 0.000000 -0.109936 98.405108 0.094434 -5.726020 0.028364 
527 -0.130079 0.000000 -0.109936 98.306574 -0.038477 -5.006812 0.031075 
528 -0.089976 0.000000 -0.149310 99.129793 0.088256 -5.101634 0.014725 
529 -0.089976 0.000000 0.047563 93.095409 0.093435 -1.897767 0.132963 
530 -0.130079 0.000000 0.047563 95.345684 -0.015358 -2.514928 0.090288 
531 -0.089976 0.000000 0.086937 94.398622 0.090941 -0.220259 0.108884 
532 -0.029821 0.000000 0.027875 81.371334 0.156291 -1.189462 0.337727 
533 -0.049872 0.000000 0.027875 87.342858 0.127935 -2.709176 0.236387 
534 -0.029821 0.000000 0.047563 85.118512 0.142507 2.976513 0.274596 
535 0.130593 0.000000 0.027875 114.477713 0.791215 17.641395 -0.341699 
536 0.150645 0.000000 0.027875 115.139701 0.770534 14.538801 -0.346912 
537 0.130593 0.000000 0.047563 114.795268 0.813622 16.075460 -0.343704 
538 0.170697 0.000000 0.027875 117.351748 0.610991 4.081046 -0.378846 
539 0.190749 0.000000 0.027875 117.351678 0.610180 4.081082 -0.378844 
540 0.170697 0.000000 0.047563 116.130010 0.729701 9.808889 -0.358293 
541 0.511577 0.000000 -0.228060 97.574666 0.102688 -4.197888 0.046155 
542 0.511577 0.000000 -0.306809 98.335605 0.066261 -3.918341 0.031475 
543 0.591784 0.000000 -0.228060 97.519228 0.062955 -5.517835 0.045955 
544 0.671991 0.000000 -0.228060 97.821034 0.061599 -6.339698 0.039085 
545 0.671991 0.000000 -0.306809 98.337626 0.063862 -5.224749 0.030241 
546 0.752198 0.000000 -0.228060 98.124715 0.054651 -7.033547 0.032207 
547 0.311059 0.000000 -0.109936 96.685891 0.110850 -0.025234 0.065183 
548 0.311059 0.000000 -0.149310 97.740517 0.113472 -0.752314 0.044621 
549 0.351163 0.000000 -0.109936 96.166040 0.193773 -0.988171 0.075108 
550 0.391266 0.000000 -0.109936 95.651052 0.171898 -2.145269 0.084624 
551 0.391266 0.000000 -0.149310 96.522516 0.144866 -2.539035 0.067694 
552 0.431370 0.000000 -0.109936 95.142385 0.134024 -3.437374 0.093609 
553 0.210801 0.000000 0.027875 109.015542 0.352761 0.136628 -0.188453 
554 0.230852 0.000000 0.027875 103.947160 0.206937 -1.866669 -0.080854 
555 0.210801 0.000000 0.047563 117.296825 0.522563 -1.211676 -0.376029 
556 0.050386 0.000000 -0.050874 105.496316 0.017273 -5.977856 -0.116521 
557 0.030335 0.000000 -0.050874 106.747742 0.080989 -8.958787 -0.147535 
558 0.050386 0.000000 -0.070561 104.372683 0.047371 -7.000138 -0.094266 
559 0.010283 0.000000 -0.050874 104.355955 0.113105 -12.343448 -0.104254 
560 -0.009769 0.000000 -0.050874 100.162175 0.119647 -13.050684 -0.020280 
561 0.010283 0.000000 -0.070561 102.812706 0.102271 -9.721942 -0.066498 
562 0.471473 0.000000 -0.109936 94.939959 0.096217 -4.527353 0.096590 
563 0.471473 0.000000 -0.149310 96.040421 0.125291 -4.149160 0.075901 
564 0.511577 0.000000 -0.109936 94.933424 0.128186 -5.678607 0.095538 
565 0.551681 0.000000 -0.109936 95.195875 0.107652 -6.705419 0.089277 
566 0.551681 0.000000 -0.149310 96.190360 0.104302 -5.916369 0.071240 
567 0.591784 0.000000 -0.109936 95.670855 0.092426 -7.746813 0.078707 
568 0.631888 0.000000 -0.109936 96.217664 0.065223 -8.795533 0.066480 
569 0.631888 0.000000 -0.149310 96.774101 0.058231 -7.614518 0.057679 
570 0.671991 0.000000 -0.109936 96.801468 0.053783 -9.302277 0.054294 
571 -0.029821 0.000000 -0.050874 97.252456 0.115425 -11.329334 0.041359 
572 -0.049872 0.000000 -0.050874 96.120586 0.109875 -9.189874 0.067637 
573 -0.029821 0.000000 -0.070561 98.764729 0.106583 -9.414829 0.015688 
1 19 21 3 22 
2 20 19 22 9 
3 28 20 9 30 
4 29 28 30 4 
5 35 37 19 38 
6 36 35 38 20 
7 44 36 20 46 
8 45 44 46 28 
9 51 53 35 54 
10 52 51 54 36 
11 60 52 36 62 
12 61 60 62 44 
13 67 69 51 70 
14 68 67 70 52 
15 76 68 52 78 
16 77 76 78 60 
17 83 85 67 86 
18 84 83 86 68 
19 92 84 68 94 
20 93 92 94 76 
21 99 101 83 102 
22 100 99 102 84 
23 108 100 84 110 
24 109 108 110 92 
25 115 117 99 118 
26 116 115 118 100 
27 10 125 124 26 
28 125 13 126 124 
29 124 126 8 127 
30 26 124 127 14 
31 23 129 128 42 
32 129 26 130 128 
33 128 130 14 131 
34 42 128 131 27 
35 39 133 132 58 
36 133 42 134 132 
37 132 134 27 135 
38 58 132 135 43 
39 137 58 138 136 
40 136 138 43 139 
41 71 141 140 90 
42 141 74 142 140 
43 140 142 59 143 
44 90 140 143 75 
45 87 145 144 106 
46 145 90 146 144 
47 144 146 75 147 
48 106 144 147 91 
49 149 106 150 148 
50 148 150 91 151 
51 152 116 100 154 
52 153 152 154 108 
53 155 157 115 158 
54 156 155 158 116 
55 119 161 159 160 
56 161 122 162 159 
57 14 127 164 37 
58 127 8 165 164 
59 164 165 21 166 
60 37 164 166 19 
61 27 131 167 53 
62 131 14 168 167 
63 167 168 37 169 
64 53 167 169 35 
65 43 135 170 69 
66 135 27 171 170 
67 170 171 53 172 
68 69 170 172 51 
69 139 43 174 173 
70 173 174 69 175 
71 85 173 175 67 
72 75 143 176 101 
73 143 59 177 176 
74 176 177 85 178 
75 101 176 178 83 
76 91 147 179 117 
77 147 75 180 179 
78 179 180 101 181 
79 117 179 181 99 
80 151 91 183 182 
81 182 183 117 184 
82 157 182 184 115 
83 122 186 185 162 
84 186 148 187 185 
85 185 187 151 188 
86 162 185 188 107 
87 189 191 157 192 
88 190 189 192 155 
89 159 195 193 194 
90 195 162 196 193 
91 193 196 107 197 
92 120 204 202 203 
93 204 119 160 202 
94 202 160 123 205 
95 203 202 205 5 
96 160 208 206 207 
97 208 159 194 206 
98 206 194 163 209 
99 207 206 209 123 
100 107 188 210 191 
101 188 151 211 210 
102 210 211 182 212 
103 191 210 212 157 
104 163 197 213 214 
105 197 107 215 213 
106 213 215 191 216 
107 214 213 216 189 
108 194 219 217 218 
109 219 193 220 217 
110 217 220 197 221 
111 218 217 221 163 
112 16 224 222 223 
113 224 15 32 222 
114 222 32 18 225 
115 223 222 225 6 
116 32 228 226 227 
117 228 31 48 226 
118 226 48 34 229 
119 227 226 229 18 
120 48 232 230 231 
121 232 47 64 230 
122 230 64 50 233 
123 231 230 233 34 
124 64 236 234 235 
125 236 63 80 234 
126 234 80 66 237 
127 235 234 237 50 
128 80 240 238 239 
129 239 238 241 66 
130 250 156 116 252 
131 251 250 252 152 
132 199 255 253 254 
133 255 198 256 253 
134 253 256 201 257 
135 254 253 257 114 
136 6 225 258 259 
137 225 18 45 258 
138 258 45 28 260 
139 259 258 260 29 
140 18 229 261 262 
141 229 34 61 261 
142 261 61 44 263 
143 262 261 263 45 
144 34 233 264 265 
145 233 50 77 264 
146 264 77 60 266 
147 265 264 266 61 
148 50 237 267 268 
149 237 66 93 267 
150 267 93 76 269 
151 268 267 269 77 
152 66 241 270 271 
153 270 109 92 272 
154 271 270 272 93 
155 273 153 108 275 
156 274 273 275 109 
157 276 251 152 278 
158 277 276 278 153 
159 281 199 254 279 
160 279 254 114 282 
161 282 114 293 291 
162 291 293 251 294 
163 292 291 294 276 
164 280 297 295 296 
165 297 279 298 295 
166 295 298 282 299 
167 296 295 299 249 
168 300 277 153 302 
169 301 300 302 273 
170 307 309 277 310 
171 308 307 310 300 
172 303 313 311 312 
173 313 288 314 311 
174 311 314 98 315 
175 312 311 315 306 
176 238 318 316 317 
177 318 96 243 316 
178 316 243 82 319 
179 317 316 319 241 
180 243 322 320 321 
181 321 320 323 82 
182 241 319 328 329 
183 319 82 274 328 
184 328 274 109 330 
185 329 328 330 270 
186 82 323 331 332 
187 331 301 273 333 
188 332 331 333 274 
189 334 308 300 336 
190 335 334 336 301 
191 324 339 337 338 
192 339 304 340 337 
193 337 340 286 341 
194 320 344 342 343 
195 344 284 325 342 
196 342 325 245 345 
197 343 342 345 323 
198 325 348 346 347 
199 348 324 338 346 
200 346 338 327 349 
201 347 346 349 245 
202 327 341 350 351 
203 341 286 352 350 
204 350 352 308 353 
205 351 350 353 334 
206 338 356 354 355 
207 356 337 357 354 
208 354 357 341 358 
209 355 354 358 327 
210 286 360 359 352 
211 360 306 361 359 
212 359 361 307 362 
213 352 359 362 308 
214 114 257 363 293 
215 257 201 364 363 
216 363 364 250 365 
217 293 363 365 251 
218 5 205 366 367 
219 205 123 190 366 
220 366 190 155 368 
221 367 366 368 156 
222 123 209 369 370 
223 209 163 214 369 
224 369 214 189 371 
225 370 369 371 190 
226 17 374 372 373 
227 374 7 375 372 
228 372 375 11 33 
229 373 372 33 15 
230 33 378 376 377 
231 378 11 379 376 
232 376 379 24 49 
233 377 376 49 31 
234 49 382 380 381 
235 382 24 383 380 
236 380 383 40 65 
237 381 380 65 47 
238 65 386 384 385 
239 386 40 387 384 
240 384 387 56 81 
241 385 384 81 63 
242 81 390 388 389 
243 390 56 391 388 
244 388 391 72 97 
245 389 388 97 79 
246 97 394 392 393 
247 394 72 395 392 
248 392 395 88 113 
249 393 392 113 95 
250 95 398 396 397 
251 398 113 399 396 
252 396 399 111 248 
253 397 396 248 112 
254 112 402 400 401 
255 402 248 403 400 
256 400 403 246 289 
257 401 400 289 247 
258 247 406 404 405 
259 406 289 407 404 
260 404 407 287 408 
261 79 411 409 410 
262 411 97 393 409 
263 409 393 95 244 
264 410 409 244 96 
265 244 414 412 413 
266 414 95 397 412 
267 412 397 112 285 
268 413 412 285 242 
269 285 417 415 416 
270 417 112 401 415 
271 415 401 247 305 
272 416 415 305 283 
273 305 420 418 419 
274 420 247 405 418 
275 418 405 288 313 
276 419 418 313 303 
277 421 292 276 422 
278 309 421 422 277 
279 288 408 423 314 
280 408 287 424 423 
281 423 424 290 425 
282 314 423 425 98 
283 405 428 426 427 
284 428 404 429 426 
285 426 429 408 430 
286 427 426 430 288 
287 289 432 431 407 
288 432 246 433 431 
289 431 433 280 434 
290 407 431 434 287 
291 74 436 435 142 
292 436 136 437 435 
293 435 437 139 438 
294 142 435 438 59 
295 7 440 439 375 
296 440 12 441 439 
297 439 441 10 25 
298 375 439 25 11 
299 12 443 442 441 
300 443 2 444 442 
301 442 444 13 125 
302 441 442 125 10 
303 1 447 445 446 
304 447 17 373 445 
305 445 373 15 224 
306 446 445 224 16 
307 11 449 448 379 
308 449 25 450 448 
309 448 450 23 41 
310 379 448 41 24 
311 25 452 451 450 
312 452 10 453 451 
313 451 453 26 129 
314 450 451 129 23 
315 15 456 454 455 
316 456 33 377 454 
317 454 377 31 228 
318 455 454 228 32 
319 24 458 457 383 
320 458 41 459 457 
321 457 459 39 57 
322 383 457 57 40 
323 41 461 460 459 
324 461 23 462 460 
325 460 462 42 133 
326 459 460 133 39 
327 31 465 463 464 
328 465 49 381 463 
329 463 381 47 232 
330 464 463 232 48 
331 40 467 466 387 
332 467 57 468 466 
333 466 468 55 73 
334 387 466 73 56 
335 57 470 469 468 
336 470 39 471 469 
337 469 471 58 137 
338 468 469 137 55 
339 47 474 472 473 
340 474 65 385 472 
341 472 385 63 236 
342 473 472 236 64 
343 56 476 475 391 
344 476 73 477 475 
345 475 477 71 89 
346 391 475 89 72 
347 73 479 478 477 
348 479 55 480 478 
349 478 480 74 141 
350 477 478 141 71 
351 63 483 481 482 
352 483 81 389 481 
353 481 389 79 240 
354 482 481 240 80 
355 72 485 484 395 
356 485 89 486 484 
357 484 486 87 105 
358 395 484 105 88 
359 89 488 487 486 
360 488 71 489 487 
361 487 489 90 145 
362 486 487 145 87 
363 113 491 490 399 
364 491 88 492 490 
365 490 492 104 200 
366 399 490 200 111 
367 55 494 493 480 
368 494 137 495 493 
369 493 495 136 436 
370 480 493 436 74 
371 59 438 496 177 
372 438 139 497 496 
373 496 497 173 498 
374 177 496 498 85 
375 198 500 499 256 
376 500 120 203 499 
377 499 203 5 501 
378 256 499 501 201 
379 240 504 502 503 
380 504 79 410 502 
381 502 410 96 318 
382 503 502 318 238 
383 96 507 505 506 
384 507 244 413 505 
385 505 413 242 322 
386 506 505 322 243 
387 248 509 508 403 
388 509 111 510 508 
389 508 510 199 281 
390 403 508 281 246 
391 201 501 511 364 
392 501 5 367 511 
393 511 367 156 512 
394 364 511 512 250 
395 246 514 513 433 
396 514 281 515 513 
397 513 515 279 297 
398 433 513 297 280 
399 242 518 516 517 
400 518 285 416 516 
401 516 416 283 326 
402 517 516 326 284 
403 287 434 519 424 
404 434 280 296 519 
405 519 296 249 520 
406 424 519 520 290 
407 304 522 521 340 
408 522 303 312 521 
409 521 312 306 360 
410 340 521 360 286 
411 306 315 523 361 
412 315 98 524 523 
413 523 524 309 525 
414 361 523 525 307 
415 322 528 526 527 
416 528 242 517 526 
417 526 517 284 344 
418 527 526 344 320 
419 323 345 529 530 
420 345 245 335 529 
421 529 335 301 531 
422 530 529 531 331 
423 245 349 532 533 
424 349 327 351 532 
425 532 351 334 534 
426 533 532 534 335 
427 98 425 535 524 
428 425 290 536 535 
429 535 536 421 537 
430 524 535 537 309 
431 290 520 538 536 
432 520 249 539 538 
433 538 539 292 540 
434 536 538 540 421 
435 88 542 541 492 
436 542 105 543 541 
437 541 543 103 121 
438 492 541 121 104 
439 105 545 544 543 
440 545 87 546 544 
441 544 546 106 149 
442 543 544 149 103 
443 111 548 547 510 
444 548 200 549 547 
445 547 549 198 255 
446 510 547 255 199 
447 200 551 550 549 
448 551 104 552 550 
449 550 552 120 500 
450 549 550 500 198 
451 249 299 553 539 
452 299 282 554 553 
453 553 554 291 555 
454 539 553 555 292 
455 283 558 556 557 
456 558 305 419 556 
457 556 419 303 522 
458 557 556 522 304 
459 326 561 559 560 
460 561 283 557 559 
461 559 557 304 339 
462 560 559 339 324 
463 104 563 562 552 
464 563 121 564 562 
465 562 564 119 204 
466 552 562 204 120 
467 121 566 565 564 
468 566 103 567 565 
469 565 567 122 161 
470 564 565 161 119 
471 103 569 568 567 
472 569 149 570 568 
473 568 570 148 186 
474 567 568 186 122 
475 284 573 571 572 
476 573 326 560 571 
477 571 560 324 348 
478 572 571 348 325 
