2 0.000000 100.000000 5791.461216
573 478 
1 -20.101635 0.000000 -20.151635 95.664700 -0.000006 29.110545 0.000084 
2 20.964375 0.000000 -20.151635 95.668426 0.000001 29.085907 0.000156 
3 20.964375 0.000000 20.168012 95.697952 -0.000024 29.029537 -0.000081 
4 -20.101635 0.000000 20.168012 95.677629 -0.000004 29.109365 -0.000156 
5 0.431370 0.000000 0.008188 86.600125 0.389101 -5.453362 0.247053 
6 -20.101635 0.000000 0.008188 95.672105 -0.000012 29.117760 -0.000100 
7 0.431370 0.000000 -20.151635 95.655566 -0.000003 29.095017 0.000349 
8 20.964375 0.000000 0.008188 95.784521 -0.000004 28.713347 0.000087 
9 0.431370 0.000000 20.168012 95.694973 0.000001 29.084510 -0.000344 
10 10.697873 0.000000 -10.071724 95.664859 0.000014 29.017529 0.000622 
11 0.431370 0.000000 -10.071724 95.613557 0.000008 29.053347 0.001395 
12 10.697873 0.000000 -20.151635 95.661950 0.000001 29.085295 0.000284 
13 20.964375 0.000000 -10.071724 95.678768 0.000001 29.045698 0.000192 
14 10.697873 0.000000 0.008188 96.075193 0.000279 27.703348 0.000208 
15 -9.835133 0.000000 -10.071724 95.649630 -0.000017 29.115742 0.000342 
16 -20.101635 0.000000 -10.071724 95.665345 -0.000010 29.114598 0.000048 
17 -9.835133 0.000000 -20.151635 95.659165 -0.000007 29.106989 0.000211 
18 -9.835133 0.000000 0.008188 95.678876 -0.000028 29.144954 -0.000388 
19 10.697873 0.000000 10.088100 95.777409 -0.000098 28.808319 -0.000323 
20 0.431370 0.000000 10.088100 95.769049 0.000036 29.014049 -0.001353 
21 20.964375 0.000000 10.088100 95.931425 -0.000442 28.255594 -0.000122 
22 10.697873 0.000000 20.168012 95.695670 -0.000006 29.058203 -0.000204 
23 5.564621 0.000000 -5.031768 95.650279 0.000065 28.752716 0.002431 
24 0.431370 0.000000 -5.031768 95.450952 0.000089 28.889800 0.005450 
25 5.564621 0.000000 -10.071724 95.639147 0.000021 29.015021 0.001128 
26 10.697873 0.000000 -5.031768 95.705339 0.000036 28.859765 0.000760 
27 5.564621 0.000000 0.008188 96.822377 0.000497 25.023520 -0.000075 
28 -9.835133 0.000000 10.088100 95.701445 -0.000006 29.111313 -0.000624 
29 -20.101635 0.000000 10.088100 95.678188 -0.000007 29.113673 -0.000192 
30 -9.835133 0.000000 20.168012 95.686001 -0.000002 29.103592 -0.000283 
31 -4.701881 0.000000 -5.031768 95.588728 -0.001919 29.134262 0.001399 
32 -9.835133 0.000000 -5.031768 95.651930 -0.000027 29.131998 0.000203 
33 -4.701881 0.000000 -10.071724 95.627490 -0.000014 29.101203 0.000850 
34 -4.701881 0.000000 0.008188 95.701034 -0.000003 29.253410 -0.001445 
35 5.564621 0.000000 5.048144 96.044536 0.000555 28.079527 -0.001301 
36 0.431370 0.000000 5.048144 96.046845 0.010571 28.755211 -0.005186 
37 10.697873 0.000000 5.048144 96.402232 -0.000689 26.727374 -0.000774 
38 5.564621 0.000000 10.088100 95.770477 -0.000007 28.913812 -0.000799 
39 2.997996 0.000000 -2.511790 95.559554 0.001171 27.803645 0.009533 
40 0.431370 0.000000 -2.511790 94.791519 0.006530 28.291883 0.021414 
41 2.997996 0.000000 -5.031768 95.551408 0.004236 28.743339 0.004375 
42 5.564621 0.000000 -2.511790 95.794761 -0.010289 28.172670 0.002966 
43 2.997996 0.000000 0.008188 98.306964 0.000258 19.012234 -0.002572 
44 -4.701881 0.000000 5.048144 95.794543 0.003622 29.119013 -0.002451 
45 -9.835133 0.000000 5.048144 95.703509 -0.000014 29.128653 -0.000764 
46 -4.701881 0.000000 10.088100 95.734500 0.000012 29.088512 -0.001124 
47 -2.135256 0.000000 -2.511790 95.344059 0.000476 29.196258 0.005709 
48 -4.701881 0.000000 -2.511790 95.595428 -0.000045 29.199706 0.000889 
49 -2.135256 0.000000 -5.031768 95.501646 -0.000007 29.075607 0.003404 
50 -2.135256 0.000000 0.008188 95.756074 0.003821 29.736535 -0.005349 
51 2.997996 0.000000 2.528166 96.744139 0.000158 26.288662 -0.005052 
52 0.431370 0.000000 2.528166 97.019009 -0.003253 27.959034 -0.019440 
53 5.564621 0.000000 2.528166 97.178659 0.002002 24.235786 -0.003107 
54 2.997996 0.000000 5.048144 96.040165 0.010566 28.406742 -0.003066 
55 1.714683 0.000000 -1.251801 95.218734 -0.000996 25.317410 0.029242 
56 0.431370 0.000000 -1.251801 93.110185 0.012414 26.564963 0.062480 
57 1.714683 0.000000 -2.511790 95.224331 0.002456 27.813702 0.015872 
58 2.997996 0.000000 -1.251801 95.981148 0.002189 26.144983 0.010406 
59 1.714683 0.000000 0.008188 99.117615 0.083755 7.829242 0.011439 
60 -2.135256 0.000000 2.528166 96.143892 0.006153 29.154076 -0.009361 
61 -4.701881 0.000000 2.528166 95.800822 0.000075 29.189390 -0.002982 
62 -2.135256 0.000000 5.048144 95.920401 0.000262 29.032851 -0.004363 
63 -0.851943 0.000000 -1.251801 94.340424 0.003206 29.418284 0.023445 
64 -2.135256 0.000000 -1.251801 95.352287 -0.000007 29.452690 0.004048 
65 -0.851943 0.000000 -2.511790 95.022623 -0.009376 28.956677 0.013221 
66 -0.851943 0.000000 0.008188 95.706301 0.001847 31.805399 -0.017128 
67 1.714683 0.000000 1.268177 97.940874 0.011118 23.213752 -0.013129 
68 0.431370 0.000000 1.268177 99.567624 0.006481 25.948448 -0.058703 
69 2.997996 0.000000 1.268177 98.057868 0.004443 21.360560 -0.007162 
70 1.714683 0.000000 2.528166 96.825897 -0.000136 27.019683 -0.010532 
71 1.073026 0.000000 -0.621806 94.018898 0.023525 20.340100 0.074673 
72 0.431370 0.000000 -0.621806 89.247534 0.026953 22.214577 0.154139 
73 1.073026 0.000000 -1.251801 94.239361 0.014024 25.369723 0.047532 
74 1.714683 0.000000 -0.621806 95.942215 0.003974 21.799036 0.031989 
75 1.073026 0.000000 0.008188 98.048467 0.048866 2.281846 0.038129 
76 -0.851943 0.000000 1.268177 97.383884 0.001950 29.391408 -0.034748 
77 -2.135256 0.000000 1.268177 96.158281 0.006977 29.436703 -0.011293 
78 -0.851943 0.000000 2.528166 96.583532 0.000578 28.852724 -0.016086 
79 -0.210286 0.000000 -0.621806 90.367616 0.031619 29.666928 0.095357 
80 -0.851943 0.000000 -0.621806 94.065618 0.011163 30.625252 0.021375 
81 -0.210286 0.000000 -1.251801 93.477272 0.005058 28.461166 0.045196 
82 -0.210286 0.000000 0.008188 93.691629 0.013814 40.297855 -0.040204 
83 1.073026 0.000000 0.638183 99.758928 0.006570 18.097315 -0.027936 
84 0.431370 0.000000 0.638183 104.691583 0.014302 20.936001 -0.139864 
85 1.714683 0.000000 0.638183 98.768772 0.005889 17.709594 -0.006890 
86 1.073026 0.000000 1.268177 98.524601 0.000385 24.131652 -0.028943 
87 0.752198 0.000000 -0.306809 91.330881 0.042309 12.496106 0.150252 
88 0.431370 0.000000 -0.306809 85.146926 0.077101 14.961902 0.252614 
89 0.752198 0.000000 -0.621806 91.829037 0.019370 20.311351 0.115488 
90 1.073026 0.000000 -0.306809 95.017889 0.013930 14.687711 0.075587 
91 0.752198 0.000000 0.008188 95.725528 0.053935 -2.539509 0.083017 
92 -0.210286 0.000000 0.638183 101.436986 0.012546 30.001716 -0.118957 
93 -0.851943 0.000000 0.638183 97.572066 -0.003721 30.761728 -0.046659 
94 -0.210286 0.000000 1.268177 98.766895 -0.006007 28.371358 -0.055983 
95 0.110542 0.000000 -0.306809 81.231890 0.039136 24.484423 0.280189 
96 -0.210286 0.000000 -0.306809 88.320513 -0.001014 32.785435 0.112460 
97 0.110542 0.000000 -0.621806 88.966364 0.028603 26.252368 0.139580 
98 0.110542 0.000000 0.008188 20.314409 -7.135104 -4.919373 0.951221 
99 0.752198 0.000000 0.323185 101.871239 0.013757 9.830041 -0.047438 
100 0.431370 0.000000 0.323185 109.393544 0.059935 11.416418 -0.209729 
101 1.073026 0.000000 0.323185 99.502757 0.014409 11.964874 -0.004396 
102 0.752198 0.000000 0.638183 101.541738 0.022361 18.590428 -0.065633 
103 0.591784 0.000000 -0.149310 88.109031 0.086401 5.050283 0.221129 
104 0.431370 0.000000 -0.149310 82.018630 0.080471 7.303100 0.321960 
105 0.591784 0.000000 -0.306809 88.569030 0.056833 13.091178 0.198414 
106 0.752198 0.000000 -0.149310 92.607126 0.075002 5.657207 0.139191 
107 0.591784 0.000000 0.008188 71.166526 1.206734 -12.834822 0.476914 
108 0.110542 0.000000 0.323185 114.147554 0.047543 26.562126 -0.373521 
109 -0.210286 0.000000 0.323185 103.023313 0.020904 34.776008 -0.182317 
110 0.110542 0.000000 0.638183 104.878900 0.011141 26.404652 -0.169679 
111 0.270956 0.000000 -0.149310 76.887035 0.062480 12.681390 0.392756 
112 0.110542 0.000000 -0.149310 73.251726 0.075776 20.495321 0.421412 
113 0.270956 0.000000 -0.306809 82.096595 0.049735 18.815476 0.290612 
114 0.270956 0.000000 0.008188 78.068616 0.078363 0.591546 0.390494 
115 0.591784 0.000000 0.165687 102.814535 0.054314 -0.125676 -0.057085 
116 0.431370 0.000000 0.165687 112.391322 0.112972 -1.688218 -0.263467 
117 0.752198 0.000000 0.165687 99.619426 0.028219 3.854693 0.006111 
118 0.591784 0.000000 0.323185 104.630339 0.056823 9.784568 -0.104325 
119 0.511577 0.000000 -0.070561 83.380103 0.166410 -0.605096 0.304736 
120 0.431370 0.000000 -0.070561 80.000631 0.146792 1.896125 0.359628 
121 0.511577 0.000000 -0.149310 84.832012 0.109720 5.374940 0.277463 
122 0.591784 0.000000 -0.070561 87.958269 0.123803 -1.245600 0.226178 
123 0.511577 0.000000 0.008188 90.340091 1.112569 -14.014873 0.164101 
124 15.831124 0.000000 -5.031768 95.705943 0.000006 28.933947 0.000320 
125 15.831124 0.000000 -10.071724 95.675529 0.000006 29.032132 0.000333 
126 20.964375 0.000000 -5.031768 95.700023 -0.000004 28.979835 0.000167 
127 15.831124 0.000000 0.008188 95.867171 0.000051 28.427656 0.000135 
128 8.131247 0.000000 -2.511790 95.805442 0.000096 28.442430 0.001235 
129 8.131247 0.000000 -5.031768 95.692535 -0.002496 28.806499 0.001312 
130 10.697873 0.000000 -2.511790 95.785999 0.000069 28.610088 0.000651 
131 8.131247 0.000000 0.008188 96.315477 0.002328 26.857047 0.000203 
132 4.281308 0.000000 -1.251801 96.090314 0.001702 26.868480 0.004474 
133 4.281308 0.000000 -2.511790 95.740951 0.000617 27.994656 0.004997 
134 5.564621 0.000000 -1.251801 96.059010 0.000685 27.368872 0.002361 
135 4.281308 0.000000 0.008188 97.322778 -0.000883 23.137831 -0.000708 
136 2.356339 0.000000 -0.621806 96.491252 0.000293 23.132049 0.015435 
137 2.356339 0.000000 -1.251801 95.736060 0.002525 25.683232 0.017498 
138 2.997996 0.000000 -0.621806 96.611478 0.001520 24.195906 0.008078 
139 2.356339 0.000000 0.008188 98.817537 0.027279 14.419866 0.002716 
140 1.393855 0.000000 -0.306809 96.311701 0.017674 16.515288 0.045130 
141 1.393855 0.000000 -0.621806 95.191626 0.009457 20.923069 0.050078 
142 1.714683 0.000000 -0.306809 96.939845 0.006015 18.293072 0.026803 
143 1.393855 0.000000 0.008188 98.843805 0.050196 5.104403 0.020384 
144 0.912612 0.000000 -0.149310 94.946885 0.054131 7.503537 0.092878 
145 0.912612 0.000000 -0.306809 93.664600 0.037079 13.548777 0.104337 
146 1.073026 0.000000 -0.149310 96.292539 0.035860 9.716889 0.063333 
147 0.912612 0.000000 0.008188 97.158220 0.056339 0.029025 0.056028 
148 0.671991 0.000000 -0.070561 91.812744 0.088758 -0.345794 0.157029 
149 0.671991 0.000000 -0.149310 90.754689 0.074918 5.188408 0.173666 
150 0.752198 0.000000 -0.070561 93.900936 0.117412 0.750673 0.118204 
151 0.671991 0.000000 0.008188 94.299812 0.057704 -3.970178 0.109178 
152 0.270956 0.000000 0.165687 124.911543 0.094702 6.304332 -0.564265 
153 0.110542 0.000000 0.165687 128.748120 0.114900 28.458868 -0.738600 
154 0.270956 0.000000 0.323185 114.117184 0.083996 17.387888 -0.332508 
155 0.511577 0.000000 0.086937 105.006615 0.027148 -11.676430 -0.116273 
156 0.431370 0.000000 0.086937 117.169579 0.216673 -25.293264 -0.436851 
157 0.591784 0.000000 0.086937 99.279203 0.040733 -6.616862 0.009986 
158 0.511577 0.000000 0.165687 106.723013 0.077593 -1.405067 -0.139178 
159 0.551681 0.000000 -0.031187 84.516584 0.170567 -5.624981 0.282528 
160 0.511577 0.000000 -0.031187 81.832362 0.177239 -4.924334 0.327918 
161 0.551681 0.000000 -0.070561 85.527826 0.146977 -1.267755 0.268336 
162 0.591784 0.000000 -0.031187 87.929669 0.127799 -5.600489 0.223699 
163 0.551681 0.000000 0.008188 84.139445 1.994010 -18.546591 0.257260 
164 15.831124 0.000000 5.048144 98.216634 0.002822 20.738736 -0.007660 
165 20.964375 0.000000 5.048144 97.350594 -0.001541 23.580646 -0.003319 
166 15.831124 0.000000 10.088100 95.820093 -0.000220 28.634056 -0.000140 
167 8.131247 0.000000 2.528166 98.768623 -0.001489 18.920411 -0.011322 
168 10.697873 0.000000 2.528166 99.935032 0.028013 15.074190 -0.021424 
169 8.131247 0.000000 5.048144 96.150797 0.000421 27.600093 -0.000674 
170 4.281308 0.000000 1.268177 99.134382 -0.005921 17.659222 -0.013947 
171 5.564621 0.000000 1.268177 101.198985 -0.023656 10.854448 -0.035905 
172 4.281308 0.000000 2.528166 96.852390 0.000568 25.468056 -0.002901 
173 2.356339 0.000000 0.638183 99.159238 -0.003740 16.230920 -0.009600 
174 2.997996 0.000000 0.638183 100.266917 -0.022401 13.343799 -0.023151 
175 2.356339 0.000000 1.268177 97.847976 0.005808 22.408393 -0.007636 
176 1.393855 0.000000 0.323185 99.245482 -0.001710 12.177465 0.000204 
177 1.714683 0.000000 0.323185 99.394353 -0.010569 11.919313 -0.002131 
178 1.393855 0.000000 0.638183 99.035207 0.013963 17.934736 -0.012963 
179 0.912612 0.000000 0.165687 99.088991 0.022724 5.662596 0.014931 
180 1.073026 0.000000 0.165687 98.977180 0.000615 7.255749 0.015087 
181 0.912612 0.000000 0.323185 100.271235 0.019595 11.036900 -0.017613 
182 0.671991 0.000000 0.086937 97.873002 0.034311 -2.114940 0.041640 
183 0.752198 0.000000 0.086937 97.793391 0.004913 0.090712 0.043644 
184 0.671991 0.000000 0.165687 100.587477 0.041834 2.178944 -0.012259 
185 0.631888 0.000000 -0.031187 91.050189 0.097829 -4.125117 0.169284 
186 0.631888 0.000000 -0.070561 90.163711 0.092161 -0.849269 0.186978 
187 0.671991 0.000000 -0.031187 92.824473 0.080605 -3.012824 0.137453 
188 0.631888 0.000000 0.008188 92.944250 0.065652 -5.874426 0.132685 
189 0.551681 0.000000 0.047563 98.610955 -0.010016 -15.164143 0.004593 
190 0.511577 0.000000 0.047563 105.781770 0.782591 -29.464616 -0.205856 
191 0.591784 0.000000 0.047563 95.774239 0.019858 -10.101695 0.072525 
192 0.551681 0.000000 0.086937 101.518862 0.038514 -9.156437 -0.038992 
193 0.571732 0.000000 -0.011499 74.855044 1.549898 -13.409076 0.421452 
194 0.551681 0.000000 -0.011499 79.090138 1.858050 -12.096046 0.359498 
195 0.571732 0.000000 -0.031187 86.027542 0.153830 -5.706694 0.256667 
196 0.591784 0.000000 -0.011499 88.116881 0.101653 -7.635227 0.217711 
197 0.571732 0.000000 0.008188 73.429079 1.411254 -13.610269 0.442094 
198 0.351163 0.000000 -0.070561 76.845093 0.136053 4.330664 0.407606 
199 0.270956 0.000000 -0.070561 72.879859 0.036706 8.386812 0.461819 
200 0.351163 0.000000 -0.149310 79.327166 0.116557 9.422102 0.361841 
201 0.351163 0.000000 0.008188 85.649956 0.151729 -3.098318 0.265446 
202 0.471473 0.000000 -0.031187 79.701092 0.661581 -1.150477 0.364597 
203 0.431370 0.000000 -0.031187 78.388818 0.379240 -0.107341 0.385504 
204 0.471473 0.000000 -0.070561 81.558813 0.141098 0.445063 0.334794 
205 0.471473 0.000000 0.008188 88.483247 0.588510 -8.976050 0.208980 
206 0.531629 0.000000 -0.011499 82.980986 1.718673 -7.919323 0.304849 
207 0.511577 0.000000 -0.011499 83.538257 1.101543 -5.377776 0.299123 
208 0.531629 0.000000 -0.031187 83.106169 0.177532 -5.446211 0.306367 
209 0.531629 0.000000 0.008188 89.391988 1.581030 -17.468365 0.170143 
210 0.631888 0.000000 0.047563 95.727468 0.022753 -5.894784 0.080150 
211 0.671991 0.000000 0.047563 96.093142 0.020945 -4.104656 0.074926 
212 0.631888 0.000000 0.086937 98.254285 0.038022 -3.992227 0.033016 
213 0.571732 0.000000 0.027875 93.514619 0.020532 -15.752744 0.100687 
214 0.551681 0.000000 0.027875 87.561190 1.776387 -27.169816 0.159168 
215 0.591784 0.000000 0.027875 93.075337 0.036724 -11.459434 0.120566 
216 0.571732 0.000000 0.047563 96.675369 0.010323 -12.906187 0.048730 
217 0.561706 0.000000 -0.001656 76.028401 1.582273 -13.009059 0.404794 
218 0.551681 0.000000 -0.001656 80.056637 2.060173 -11.131363 0.346278 
219 0.561706 0.000000 -0.011499 75.864542 1.679026 -11.301066 0.411404 
220 0.571732 0.000000 -0.001656 73.142678 1.388386 -13.067717 0.447746 
221 0.561706 0.000000 0.008188 77.722328 1.681009 -14.746851 0.373894 
222 -14.968384 0.000000 -5.031768 95.664606 -0.000018 29.122017 0.000019 
223 -20.101635 0.000000 -5.031768 95.667945 -0.000012 29.116901 -0.000015 
224 -14.968384 0.000000 -10.071724 95.660664 -0.000014 29.116246 0.000128 
225 -14.968384 0.000000 0.008188 95.673932 -0.000018 29.124795 -0.000175 
226 -7.268507 0.000000 -2.511790 95.648334 -0.000024 29.160422 0.000107 
227 -9.835133 0.000000 -2.511790 95.662213 -0.000030 29.141349 -0.000048 
228 -7.268507 0.000000 -5.031768 95.632817 -0.000031 29.138294 0.000532 
229 -7.268507 0.000000 0.008188 95.685366 0.000813 29.172220 -0.000671 
230 -3.418569 0.000000 -1.251801 95.573612 -0.000003 29.316206 0.000624 
231 -4.701881 0.000000 -1.251801 95.635081 -0.000034 29.237791 -0.000092 
232 -3.418569 0.000000 -2.511790 95.517394 -0.000027 29.222188 0.002249 
233 -3.418569 0.000000 0.008188 95.719088 0.000064 29.366116 -0.002451 
234 -1.493599 0.000000 -0.621806 95.238410 0.000531 29.838964 0.003928 
235 -2.135256 0.000000 -0.621806 95.494420 0.003651 29.621090 0.000341 
236 -1.493599 0.000000 -1.251801 95.036117 -0.004098 29.518492 0.009680 
237 -1.493599 0.000000 0.008188 95.773458 0.001360 30.058124 -0.007605 
238 -0.531115 0.000000 -0.306809 93.133856 0.010337 32.345284 0.027987 
239 -0.851943 0.000000 -0.306809 94.593617 0.008802 31.374274 0.006770 
240 -0.531115 0.000000 -0.621806 92.790023 0.011269 30.616690 0.045263 
241 -0.531115 0.000000 0.008188 95.495178 0.007748 33.378479 -0.023345 
242 -0.049872 0.000000 -0.149310 78.655600 0.082408 34.781497 0.260354 
243 -0.210286 0.000000 -0.149310 88.715236 0.022435 36.380208 0.080609 
244 -0.049872 0.000000 -0.306809 83.814106 0.034966 30.341685 0.205458 
245 -0.049872 0.000000 0.008188 84.860073 0.108108 62.070489 -0.105399 
246 0.190749 0.000000 -0.070561 72.975790 -0.091428 17.361929 0.437309 
247 0.110542 0.000000 -0.070561 66.322977 -0.094181 5.754763 0.556814 
248 0.190749 0.000000 -0.149310 75.231742 0.072976 16.369702 0.407221 
249 0.190749 0.000000 0.008188 78.610701 -0.414023 3.363158 0.380888 
250 0.351163 0.000000 0.086937 126.750243 0.122503 -18.702705 -0.641543 
251 0.270956 0.000000 0.086937 134.113593 0.194892 -11.433519 -0.811722 
252 0.351163 0.000000 0.165687 118.753505 0.142182 0.666881 -0.410286 
253 0.311059 0.000000 -0.031187 73.860386 0.108862 1.927779 0.454092 
254 0.270956 0.000000 -0.031187 70.418221 0.054248 2.205524 0.503641 
255 0.311059 0.000000 -0.070561 74.986525 0.057630 6.205469 0.433851 
256 0.351163 0.000000 -0.031187 75.220747 0.152976 1.430685 0.433977 
257 0.311059 0.000000 0.008188 84.852672 0.106029 -1.587049 0.279749 
258 -14.968384 0.000000 5.048144 95.682704 -0.000013 29.120843 -0.000320 
259 -20.101635 0.000000 5.048144 95.676075 -0.000010 29.116367 -0.000167 
260 -14.968384 0.000000 10.088100 95.685361 -0.000008 29.114379 -0.000334 
261 -7.268507 0.000000 2.528166 95.720790 0.002030 29.156364 -0.001256 
262 -9.835133 0.000000 2.528166 95.694902 -0.000021 29.139457 -0.000662 
263 -7.268507 0.000000 5.048144 95.731821 -0.000002 29.131695 -0.001324 
264 -3.418569 0.000000 1.268177 95.861924 0.000154 29.306381 -0.004837 
265 -4.701881 0.000000 1.268177 95.765516 0.000040 29.232314 -0.002556 
266 -3.418569 0.000000 2.528166 95.908738 0.000198 29.203218 -0.005131 
267 -1.493599 0.000000 0.638183 96.328966 0.002132 29.847886 -0.017017 
268 -2.135256 0.000000 0.638183 96.018849 0.003699 29.606840 -0.009618 
269 -1.493599 0.000000 1.268177 96.559822 0.002738 29.516825 -0.019504 
270 -0.531115 0.000000 0.323185 98.107429 0.005937 32.493481 -0.068089 
271 -0.851943 0.000000 0.323185 96.900541 -0.004731 31.508199 -0.038248 
272 -0.531115 0.000000 0.638183 98.955466 -0.006284 30.886024 -0.074613 
273 -0.049872 0.000000 0.165687 110.491607 0.069874 42.522464 -0.401656 
274 -0.210286 0.000000 0.165687 100.498393 -0.001750 38.430231 -0.157681 
275 -0.049872 0.000000 0.323185 108.308055 -0.005180 33.192330 -0.283237 
276 0.190749 0.000000 0.086937 142.750722 0.454852 3.104639 -1.038761 
277 0.110542 0.000000 0.086937 148.746164 0.651560 23.110897 -1.265996 
278 0.190749 0.000000 0.165687 129.474639 0.118450 15.886966 -0.701609 
279 0.230852 0.000000 -0.031187 69.526647 0.039830 2.278425 0.516085 
280 0.190749 0.000000 -0.031187 51.353412 -0.336315 45.953422 0.525100 
281 0.230852 0.000000 -0.070561 70.863381 -0.022514 12.281135 0.482755 
282 0.230852 0.000000 0.008188 71.008343 -0.139669 1.533686 0.495544 
283 0.030335 0.000000 -0.070561 59.415914 0.066654 26.061215 0.579056 
284 -0.049872 0.000000 -0.070561 74.317513 0.088564 42.727344 0.265127 
285 0.030335 0.000000 -0.149310 73.368807 0.078235 28.141813 0.382505 
286 0.030335 0.000000 0.008188 77.493426 0.989522 49.703088 0.152339 
287 0.150645 0.000000 -0.031187 81.013264 -0.323716 2.931660 0.342815 
288 0.110542 0.000000 -0.031187 42.523757 -0.408352 -33.793910 0.704953 
289 0.150645 0.000000 -0.070561 85.434205 -0.320122 2.093499 0.269651 
290 0.150645 0.000000 0.008188 16.473802 -6.837556 0.247786 0.968180 
291 0.230852 0.000000 0.047563 134.159106 0.331116 -2.437306 -0.800472 
292 0.190749 0.000000 0.047563 142.834864 0.459321 3.270824 -1.041271 
293 0.270956 0.000000 0.047563 122.093760 0.175122 -9.143984 -0.499053 
294 0.230852 0.000000 0.086937 139.588454 0.333313 -3.075815 -0.949451 
295 0.210801 0.000000 -0.011499 39.512089 -0.458744 13.820625 0.824757 
296 0.190749 0.000000 -0.011499 25.518028 -0.424207 31.945674 0.832812 
297 0.210801 0.000000 -0.031187 69.541590 0.041190 2.278910 0.515877 
298 0.230852 0.000000 -0.011499 65.202929 -0.178390 2.390816 0.574283 
299 0.210801 0.000000 0.008188 60.358295 -0.507340 2.656358 0.634956 
300 0.030335 0.000000 0.086937 131.529109 0.136003 52.159360 -1.002052 
301 -0.049872 0.000000 0.086937 107.229454 0.092194 53.311960 -0.434033 
302 0.030335 0.000000 0.165687 120.905652 0.096485 39.179543 -0.615322 
303 0.070438 0.000000 -0.031187 51.150952 0.006322 2.500344 0.737733 
304 0.030335 0.000000 -0.031187 42.321855 0.728646 -1.998186 0.820434 
305 0.070438 0.000000 -0.070561 60.384412 -0.002164 15.309806 0.611933 
306 0.070438 0.000000 0.008188 50.401083 -0.146510 2.751436 0.745214 
307 0.070438 0.000000 0.047563 149.887177 0.776724 48.762315 -1.484453 
308 0.030335 0.000000 0.047563 144.941287 0.884647 72.791292 -1.630733 
309 0.110542 0.000000 0.047563 149.665594 0.714342 32.262201 -1.344115 
310 0.070438 0.000000 0.086937 150.568909 0.798859 41.877168 -1.442533 
311 0.090490 0.000000 -0.011499 49.368234 -0.513703 3.433547 0.755072 
312 0.070438 0.000000 -0.011499 50.240929 0.031513 2.098328 0.747145 
313 0.090490 0.000000 -0.031187 49.447766 -0.340806 3.070653 0.754537 
314 0.110542 0.000000 -0.011499 22.990922 -0.428419 -26.301871 0.877945 
315 0.090490 0.000000 0.008188 49.381084 -0.354397 3.092981 0.755182 
316 -0.370701 0.000000 -0.149310 92.487604 0.002033 34.631520 0.024670 
317 -0.531115 0.000000 -0.149310 94.120266 0.011902 32.994239 0.005276 
318 -0.370701 0.000000 -0.306809 91.657766 0.015069 32.568252 0.053816 
319 -0.370701 0.000000 0.008188 94.978013 0.018828 36.039354 -0.031966 
320 -0.130079 0.000000 -0.070561 85.920418 -0.010527 41.464459 0.089838 
321 -0.210286 0.000000 -0.070561 90.447589 0.018901 38.653757 0.032512 
322 -0.130079 0.000000 -0.149310 84.878120 0.004616 36.644391 0.145289 
323 -0.130079 0.000000 0.008188 91.655300 0.079700 46.061192 -0.052233 
324 -0.009769 0.000000 -0.031187 51.171525 0.123324 47.941084 0.508311 
325 -0.049872 0.000000 -0.031187 74.486574 0.099211 51.869532 0.176129 
326 -0.009769 0.000000 -0.070561 64.758166 0.090683 37.490827 0.440081 
327 -0.009769 0.000000 0.008188 32.143789 1.455974 78.420439 0.281489 
328 -0.370701 0.000000 0.165687 97.966979 0.012519 35.565614 -0.086244 
329 -0.531115 0.000000 0.165687 96.991822 0.010483 33.271110 -0.051438 
330 -0.370701 0.000000 0.323185 99.780675 0.018269 33.751537 -0.109535 
331 -0.130079 0.000000 0.086937 99.472650 0.016132 45.020794 -0.192168 
332 -0.210286 0.000000 0.086937 97.572606 -0.001480 40.165723 -0.113370 
333 -0.130079 0.000000 0.165687 103.751880 0.021109 40.794911 -0.242868 
334 -0.009769 0.000000 0.047563 114.414327 0.142221 72.579443 -0.835843 
335 -0.049872 0.000000 0.047563 99.761289 0.105004 60.385777 -0.359877 
336 -0.009769 0.000000 0.086937 117.520008 0.114850 56.303500 -0.698105 
337 0.010283 0.000000 -0.011499 18.821134 1.325093 29.597568 0.876799 
338 -0.009769 0.000000 -0.011499 5.371953 1.501712 47.954677 0.766924 
339 0.010283 0.000000 -0.031187 18.141502 1.168249 3.646661 0.965622 
340 0.030335 0.000000 -0.011499 37.161155 0.826807 -0.709337 0.861786 
341 0.010283 0.000000 0.008188 61.346813 1.315080 88.128672 -0.153182 
342 -0.089976 0.000000 -0.031187 83.851838 0.083603 47.544950 0.070834 
343 -0.130079 0.000000 -0.031187 88.094364 0.079495 44.226632 0.028338 
344 -0.089976 0.000000 -0.070561 81.531595 0.080975 42.762702 0.152394 
345 -0.089976 0.000000 0.008188 89.483460 0.083803 51.277791 -0.063671 
346 -0.029821 0.000000 -0.011499 67.691329 0.123237 64.073543 0.131245 
347 -0.049872 0.000000 -0.011499 77.977043 0.104748 57.766775 0.058257 
348 -0.029821 0.000000 -0.031187 65.180414 0.107528 52.798805 0.296379 
349 -0.029821 0.000000 0.008188 80.159093 0.133535 73.615355 -0.184472 
350 0.010283 0.000000 0.027875 117.619939 1.131313 106.768236 -1.523519 
351 -0.009769 0.000000 0.027875 78.546967 1.358036 125.649910 -1.195937 
352 0.030335 0.000000 0.027875 140.590191 0.939189 82.363926 -1.655030 
353 0.010283 0.000000 0.047563 129.976179 0.200139 72.555397 -1.215813 
354 0.000257 0.000000 -0.001656 12.781361 1.542495 69.230676 0.504137 
355 -0.009769 0.000000 -0.001656 28.463299 1.461669 74.055064 0.370355 
356 0.000257 0.000000 -0.011499 15.817941 1.394541 39.951522 0.815172 
357 0.010283 0.000000 -0.001656 27.693455 1.351147 44.683579 0.723462 
358 0.000257 0.000000 0.008188 53.225423 1.424433 108.256263 -0.455439 
359 0.050386 0.000000 0.027875 147.682131 0.843281 61.219021 -1.555849 
360 0.050386 0.000000 0.008188 50.186211 0.425090 0.758860 0.748059 
361 0.070438 0.000000 0.027875 149.509425 0.815502 51.829149 -1.503999 
362 0.050386 0.000000 0.047563 148.066156 0.837508 59.792229 -1.549940 
363 0.311059 0.000000 0.047563 116.966498 0.121784 -11.551795 -0.381462 
364 0.351163 0.000000 0.047563 120.407094 0.138022 -16.548742 -0.477175 
365 0.311059 0.000000 0.086937 130.303575 0.130931 -15.733821 -0.722659 
366 0.471473 0.000000 0.047563 112.954570 0.324054 -27.190632 -0.349817 
367 0.431370 0.000000 0.047563 113.626051 0.241595 -23.323464 -0.345492 
368 0.471473 0.000000 0.086937 108.915050 0.029765 -12.561482 -0.202028 
369 0.531629 0.000000 0.027875 100.053484 1.371417 -29.415074 -0.087783 
370 0.511577 0.000000 0.027875 103.048491 0.842413 -26.068960 -0.129929 
371 0.531629 0.000000 0.047563 101.155641 -0.036536 -17.265019 -0.053055 
372 -4.701881 0.000000 -15.111679 95.647356 -0.000008 29.100084 0.000477 
373 -9.835133 0.000000 -15.111679 95.654749 -0.000011 29.109019 0.000283 
374 -4.701881 0.000000 -20.151635 95.656307 -0.000005 29.101974 0.000295 
375 0.431370 0.000000 -15.111679 95.644637 -0.000002 29.084235 0.000621 
376 -2.135256 0.000000 -7.551746 95.581014 -0.002961 29.072188 0.001908 
377 -4.701881 0.000000 -7.551746 95.609546 -0.000018 29.109005 0.001148 
378 -2.135256 0.000000 -10.071724 95.616250 -0.000004 29.081035 0.001183 
379 0.431370 0.000000 -7.551746 95.571151 -0.003668 29.009483 0.002460 
380 -0.851943 0.000000 -3.771779 95.320426 -0.000851 28.961624 0.007524 
381 -2.135256 0.000000 -3.771779 95.429634 0.000019 29.104357 0.004612 
382 -0.851943 0.000000 -5.031768 95.459353 0.000038 28.996235 0.004673 
383 0.431370 0.000000 -3.771779 95.291626 -0.008129 28.722523 0.009452 
384 -0.210286 0.000000 -1.881795 94.409109 -0.004622 28.539379 0.027242 
385 -0.851943 0.000000 -1.881795 94.720349 0.000737 29.065483 0.018325 
386 -0.210286 0.000000 -2.511790 94.883709 0.002896 28.670313 0.017509 
387 0.431370 0.000000 -1.881795 94.356795 -0.004506 27.783727 0.032486 
388 0.110542 0.000000 -0.936804 91.425988 0.019462 27.090296 0.090740 
389 -0.210286 0.000000 -0.936804 92.138338 0.030414 28.763387 0.068319 
390 0.110542 0.000000 -1.251801 93.022244 0.011143 27.578809 0.058627 
391 0.431370 0.000000 -0.936804 91.731259 0.017368 25.180575 0.095131 
392 0.270956 0.000000 -0.464308 86.044678 0.031953 22.302179 0.209893 
393 0.110542 0.000000 -0.464308 85.759818 0.018680 25.681183 0.198573 
394 0.270956 0.000000 -0.621806 88.460404 0.052509 24.050702 0.159632 
395 0.431370 0.000000 -0.464308 87.407619 0.036972 19.564218 0.197715 
396 0.190749 0.000000 -0.228060 78.588387 0.079047 19.516404 0.344297 
397 0.110542 0.000000 -0.228060 78.063602 0.075643 23.458998 0.335574 
398 0.190749 0.000000 -0.306809 80.936872 0.054468 21.218558 0.299899 
399 0.270956 0.000000 -0.228060 79.683686 0.089683 15.996074 0.339463 
400 0.150645 0.000000 -0.109936 73.231172 0.026475 15.085185 0.440963 
401 0.110542 0.000000 -0.109936 70.322758 0.037323 16.474273 0.478331 
402 0.150645 0.000000 -0.149310 74.363007 0.070371 18.097192 0.414263 
403 0.190749 0.000000 -0.109936 73.908775 0.034663 14.856382 0.431678 
404 0.130593 0.000000 -0.050874 74.892182 -0.342030 -17.187059 0.409565 
405 0.110542 0.000000 -0.050874 57.454703 -0.382586 -30.532081 0.576660 
406 0.130593 0.000000 -0.070561 71.187013 -0.350529 -23.063021 0.440038 
407 0.150645 0.000000 -0.050874 82.181100 -0.322924 3.059576 0.323680 
408 0.130593 0.000000 -0.031187 66.254766 -0.361703 -22.342231 0.511100 
409 -0.049872 0.000000 -0.464308 87.258468 0.001631 28.822514 0.155522 
410 -0.210286 0.000000 -0.464308 89.786904 0.024808 30.465712 0.101015 
411 -0.049872 0.000000 -0.621806 89.614475 0.032828 28.151045 0.117676 
412 0.030335 0.000000 -0.228060 79.123801 0.076095 28.013934 0.295464 
413 -0.049872 0.000000 -0.228060 82.121753 0.009049 31.708631 0.225058 
414 0.030335 0.000000 -0.306809 82.278440 0.023190 27.650412 0.246571 
415 0.070438 0.000000 -0.109936 67.955301 0.061992 21.257358 0.493020 
416 0.030335 0.000000 -0.109936 68.195802 0.075392 27.720920 0.458088 
417 0.070438 0.000000 -0.149310 72.643030 0.072621 23.957842 0.414901 
418 0.090490 0.000000 -0.050874 55.665704 -0.184997 3.458857 0.688933 
419 0.070438 0.000000 -0.050874 54.906059 -0.076322 10.802955 0.686862 
420 0.090490 0.000000 -0.070561 62.331724 -0.055105 10.249293 0.600971 
421 0.150645 0.000000 0.047563 146.495579 0.607408 15.006299 -1.168651 
422 0.150645 0.000000 0.086937 146.355165 0.599298 14.498269 -1.163039 
423 0.130593 0.000000 -0.011499 71.187013 -0.350529 -23.063021 0.440038 
424 0.150645 0.000000 -0.011499 85.434205 -0.320122 2.093499 0.269651 
425 0.130593 0.000000 0.008188 17.403680 -6.838123 -3.420113 0.963865 
426 0.120568 0.000000 -0.041030 58.476666 -0.382598 -29.912605 0.568557 
427 0.110542 0.000000 -0.041030 50.478333 -0.394927 -32.217489 0.641382 
428 0.120568 0.000000 -0.050874 63.406335 -0.369939 -24.640802 0.537233 
429 0.130593 0.000000 -0.041030 67.612327 -0.358934 -22.124346 0.493896 
430 0.120568 0.000000 -0.031187 54.803727 -0.385804 -28.218964 0.620009 
431 0.170697 0.000000 -0.050874 80.495798 -0.310051 23.893220 0.294944 
432 0.170697 0.000000 -0.070561 79.010170 -0.307036 29.858166 0.286579 
433 0.190749 0.000000 -0.050874 66.859093 -0.309148 40.022765 0.392794 
434 0.170697 0.000000 -0.031187 71.085205 -0.310555 32.493989 0.389094 
435 2.035511 0.000000 0.323185 99.782572 -0.017167 10.915772 -0.007572 
436 2.035511 0.000000 0.008188 98.990227 0.050326 11.408748 0.007077 
437 2.356339 0.000000 0.323185 100.264568 -0.019587 10.100750 -0.015501 
438 2.035511 0.000000 0.638183 98.859583 0.004035 17.105545 -0.006582 
439 5.564621 0.000000 -15.111679 95.651090 0.000004 29.070375 0.000578 
440 5.564621 0.000000 -20.151635 95.657912 0.000000 29.088695 0.000341 
441 10.697873 0.000000 -15.111679 95.660659 0.000005 29.065977 0.000421 
442 15.831124 0.000000 -15.111679 95.667498 0.000003 29.068131 0.000277 
443 15.831124 0.000000 -20.151635 95.665724 0.000002 29.084773 0.000215 
444 20.964375 0.000000 -15.111679 95.671203 0.000001 29.072419 0.000182 
445 -14.968384 0.000000 -15.111679 95.660817 -0.000010 29.111911 0.000150 
446 -20.101635 0.000000 -15.111679 95.664504 -0.000008 29.112257 0.000078 
447 -14.968384 0.000000 -20.151635 95.662275 -0.000007 29.109568 0.000136 
448 2.997996 0.000000 -7.551746 95.596973 -0.004281 28.955513 0.002280 
449 2.997996 0.000000 -10.071724 95.623061 0.000018 29.028379 0.001358 
450 5.564621 0.000000 -7.551746 95.634204 0.003321 28.938676 0.001665 
451 8.131247 0.000000 -7.551746 95.661127 0.000035 28.947367 0.001100 
452 8.131247 0.000000 -10.071724 95.654131 0.000019 29.013012 0.000853 
453 10.697873 0.000000 -7.551746 95.675828 0.000022 28.964198 0.000721 
454 -7.268507 0.000000 -7.551746 95.633830 -0.000024 29.120977 0.000614 
455 -9.835133 0.000000 -7.551746 95.648720 -0.000022 29.122586 0.000320 
456 -7.268507 0.000000 -10.071724 95.639891 -0.000017 29.111697 0.000552 
457 1.714683 0.000000 -3.771779 95.389808 -0.011433 28.525247 0.008709 
458 1.714683 0.000000 -5.031768 95.489355 0.003865 28.794060 0.005269 
459 2.997996 0.000000 -3.771779 95.528040 -0.014091 28.460286 0.006441 
460 4.281308 0.000000 -3.771779 95.631978 -0.012613 28.487338 0.004300 
461 4.281308 0.000000 -5.031768 95.608554 0.000091 28.736143 0.003324 
462 5.564621 0.000000 -3.771779 95.690373 -0.000182 28.549713 0.002827 
463 -3.418569 0.000000 -3.771779 95.524393 -0.000033 29.154041 0.002513 
464 -4.701881 0.000000 -3.771779 95.583971 -0.000044 29.162073 0.001328 
465 -3.418569 0.000000 -5.031768 95.549892 -0.000032 29.118062 0.002236 
466 1.073026 0.000000 -1.881795 94.694441 -0.003374 27.185260 0.029392 
467 1.073026 0.000000 -2.511790 95.009001 0.003081 27.987075 0.019001 
468 1.714683 0.000000 -1.881795 95.127072 0.002069 26.957300 0.022414 
469 2.356339 0.000000 -1.881795 95.488597 0.002677 27.031936 0.015120 
470 2.356339 0.000000 -2.511790 95.424426 0.007582 27.774951 0.012273 
471 2.997996 0.000000 -1.881795 95.695047 0.006230 27.194514 0.010292 
472 -1.493599 0.000000 -1.881795 95.091755 -0.001718 29.250018 0.010199 
473 -2.135256 0.000000 -1.881795 95.303131 0.003497 29.322039 0.005753 
474 -1.493599 0.000000 -2.511790 95.174693 0.003600 29.141412 0.009256 
475 0.752198 0.000000 -0.936804 92.654121 0.048768 23.830831 0.084730 
476 0.752198 0.000000 -1.251801 93.649638 0.017751 25.797654 0.056423 
477 1.073026 0.000000 -0.936804 93.876208 0.005833 23.448102 0.063744 
478 1.393855 0.000000 -0.936804 94.882435 0.012690 23.631894 0.043886 
479 1.393855 0.000000 -1.251801 94.753982 0.004669 25.217172 0.038578 
480 1.714683 0.000000 -0.936804 95.435560 0.004024 23.897043 0.032099 
481 -0.531115 0.000000 -0.936804 93.120511 0.017803 29.703995 0.044624 
482 -0.851943 0.000000 -0.936804 94.245643 0.008938 29.749620 0.023272 
483 -0.531115 0.000000 -1.251801 93.899175 0.011197 29.081212 0.033723 
484 0.591784 0.000000 -0.464308 89.117428 0.001534 17.580292 0.174902 
485 0.591784 0.000000 -0.621806 90.453152 0.033854 20.922691 0.138047 
486 0.752198 0.000000 -0.464308 91.450936 0.021731 17.241578 0.133945 
487 0.912612 0.000000 -0.464308 93.179921 0.030072 17.523165 0.101044 
488 0.912612 0.000000 -0.621806 93.147919 0.011784 20.269388 0.091262 
489 1.073026 0.000000 -0.464308 94.354184 0.005077 18.011871 0.077286 
490 0.351163 0.000000 -0.228060 81.369269 0.066642 13.353061 0.320073 
491 0.351163 0.000000 -0.306809 83.303962 0.071920 16.561588 0.278616 
492 0.431370 0.000000 -0.228060 83.711641 0.089021 11.607907 0.285761 
493 2.035511 0.000000 -0.306809 97.149710 -0.000039 19.456738 0.018337 
494 2.035511 0.000000 -0.621806 96.303786 0.000405 22.507072 0.021901 
495 2.356339 0.000000 -0.306809 97.251950 -0.000761 20.621492 0.011681 
496 0.391266 0.000000 -0.031187 76.379255 0.190962 1.006251 0.416516 
497 0.391266 0.000000 -0.070561 78.546573 0.131570 3.210549 0.382011 
498 0.391266 0.000000 0.008188 86.977464 0.255038 -4.468300 0.241489 
499 -0.370701 0.000000 -0.464308 91.610096 0.026063 31.183072 0.063521 
500 -0.531115 0.000000 -0.464308 92.768867 0.014265 31.436295 0.040570 
501 -0.370701 0.000000 -0.621806 91.721130 0.014360 30.395479 0.066335 
502 -0.130079 0.000000 -0.228060 85.510808 0.041437 33.644364 0.155596 
503 -0.210286 0.000000 -0.228060 87.820737 0.016135 34.699937 0.108343 
504 -0.130079 0.000000 -0.306809 85.983661 0.024947 32.070933 0.157826 
505 0.230852 0.000000 -0.109936 74.104547 0.051719 12.989624 0.433978 
506 0.230852 0.000000 -0.149310 75.903719 0.066029 14.463255 0.402944 
507 0.270956 0.000000 -0.109936 75.116526 0.061573 10.634430 0.424441 
508 0.391266 0.000000 0.047563 117.807680 0.162649 -21.450073 -0.433878 
509 0.391266 0.000000 0.086937 123.614469 0.117680 -21.332287 -0.573562 
510 0.210801 0.000000 -0.050874 66.475259 -0.181862 17.700093 0.526771 
511 0.210801 0.000000 -0.070561 70.950644 -0.061406 15.052294 0.473943 
512 0.230852 0.000000 -0.050874 69.137291 0.004378 2.265804 0.521490 
513 -0.009769 0.000000 -0.109936 71.457466 0.082685 33.906716 0.374416 
514 -0.049872 0.000000 -0.109936 76.519718 0.076846 37.751443 0.271956 
515 -0.009769 0.000000 -0.149310 75.570531 0.077161 32.056032 0.326150 
516 0.170697 0.000000 -0.011499 65.405926 -0.317039 39.040930 0.419777 
517 0.170697 0.000000 0.008188 143.772394 0.564821 5.069506 -1.069652 
518 0.050386 0.000000 -0.011499 46.675562 0.556541 -0.429743 0.782090 
519 0.050386 0.000000 -0.031187 50.162202 0.426453 0.745911 0.748302 
520 0.090490 0.000000 0.027875 150.356828 0.707981 38.669547 -1.410301 
521 0.110542 0.000000 0.027875 149.273018 0.690349 28.517390 -1.309615 
522 0.090490 0.000000 0.047563 150.060353 0.762252 40.217561 -1.413614 
523 -0.089976 0.000000 -0.109936 81.260184 0.081188 39.027788 0.187361 
524 -0.130079 0.000000 -0.109936 84.986752 -0.007111 38.875589 0.126594 
525 -0.089976 0.000000 -0.149310 81.939761 0.075808 36.292282 0.196874 
526 -0.089976 0.000000 0.047563 96.559597 0.080164 51.436645 -0.196949 
527 -0.130079 0.000000 0.047563 95.795418 0.005532 46.209408 -0.131207 
528 -0.089976 0.000000 0.086937 101.941485 0.078130 48.711809 -0.276491 
529 -0.029821 0.000000 0.027875 95.228409 0.127136 72.746546 -0.436053 
530 -0.049872 0.000000 0.027875 93.023875 0.107893 62.695980 -0.258424 
531 -0.029821 0.000000 0.047563 104.501826 0.118334 66.697937 -0.536926 
532 0.130593 0.000000 0.027875 148.748736 0.646710 23.113613 -1.266084 
533 0.150645 0.000000 0.027875 147.612549 0.623912 18.988281 -1.215041 
534 0.130593 0.000000 0.047563 148.161868 0.662758 21.020382 -1.239423 
535 0.170697 0.000000 0.027875 143.747087 0.473865 5.104766 -1.068951 
536 0.190749 0.000000 0.027875 143.746902 0.473200 5.105023 -1.068946 
537 0.170697 0.000000 0.047563 145.857766 0.582140 12.699121 -1.143609 
538 0.511577 0.000000 -0.228060 85.993701 0.081780 10.237030 0.250028 
539 0.511577 0.000000 -0.306809 86.881210 0.050810 13.791789 0.226144 
540 0.591784 0.000000 -0.228060 88.281863 0.054396 9.591690 0.211431 
541 0.671991 0.000000 -0.228060 90.287021 0.058418 9.494833 0.175810 
542 0.671991 0.000000 -0.306809 90.008677 0.054332 12.561682 0.174064 
543 0.752198 0.000000 -0.228060 91.754427 0.056368 9.348948 0.149372 
544 2.035511 0.000000 -0.936804 95.808018 0.000198 24.280048 0.023130 
545 2.035511 0.000000 -1.251801 95.532500 -0.000485 25.490441 0.022378 
546 2.356339 0.000000 -0.936804 96.020373 0.002745 24.629438 0.017348 
547 0.311059 0.000000 -0.109936 76.626532 0.072181 8.791449 0.405108 
548 0.311059 0.000000 -0.149310 77.901494 0.080295 10.605015 0.381888 
549 0.351163 0.000000 -0.109936 78.085338 0.134889 6.996580 0.385371 
550 0.391266 0.000000 -0.109936 79.641290 0.122134 5.862751 0.362288 
551 0.391266 0.000000 -0.149310 80.543361 0.104199 8.092030 0.344728 
552 0.431370 0.000000 -0.109936 81.013651 0.099273 4.682603 0.341485 
553 0.210801 0.000000 0.027875 117.655539 0.258657 -0.095634 -0.384290 
554 0.230852 0.000000 0.027875 102.050388 0.137848 -2.786546 -0.042207 
555 0.210801 0.000000 0.047563 140.559760 0.390172 -1.216099 -0.975868 
556 0.050386 0.000000 -0.050874 53.772529 0.006584 16.678386 0.683035 
557 0.030335 0.000000 -0.050874 52.600888 0.061793 23.587485 0.667677 
558 0.050386 0.000000 -0.070561 59.407472 0.035773 20.420783 0.605374 
559 0.010283 0.000000 -0.050874 53.808766 0.091057 32.598682 0.604193 
560 -0.009769 0.000000 -0.050874 59.381996 0.098962 40.986963 0.479384 
561 0.010283 0.000000 -0.070561 61.099857 0.085012 32.119195 0.523516 
562 0.471473 0.000000 -0.109936 82.618822 0.103878 3.697174 0.316045 
563 0.471473 0.000000 -0.149310 83.485354 0.096002 6.486160 0.298812 
564 0.511577 0.000000 -0.109936 84.322938 0.134211 2.854876 0.288147 
565 0.551681 0.000000 -0.109936 86.116092 0.116320 2.248195 0.257895 
566 0.551681 0.000000 -0.149310 86.527582 0.097516 5.199469 0.248593 
567 0.591784 0.000000 -0.109936 88.038878 0.099026 2.241711 0.224412 
568 0.631888 0.000000 -0.109936 89.733190 0.075212 2.210678 0.194306 
569 0.631888 0.000000 -0.149310 89.509916 0.070111 4.973401 0.196324 
570 0.671991 0.000000 -0.109936 91.179256 0.082607 2.517981 0.168000 
571 -0.029821 0.000000 -0.050874 67.037271 0.097151 45.493610 0.343633 
572 -0.049872 0.000000 -0.050874 73.737814 0.093526 46.666489 0.238496 
573 -0.029821 0.000000 -0.070561 69.573510 0.090331 41.040399 0.347520 
1 19 21 3 22 
2 20 19 22 9 
3 28 20 9 30 
4 29 28 30 4 
5 35 37 19 38 
6 36 35 38 20 
7 44 36 20 46 
8 45 44 46 28 
9 51 53 35 54 
10 52 51 54 36 
11 60 52 36 62 
12 61 60 62 44 
13 67 69 51 70 
14 68 67 70 52 
15 76 68 52 78 
16 77 76 78 60 
17 83 85 67 86 
18 84 83 86 68 
19 92 84 68 94 
20 93 92 94 76 
21 99 101 83 102 
22 100 99 102 84 
23 108 100 84 110 
24 109 108 110 92 
25 115 117 99 118 
26 116 115 118 100 
27 10 125 124 26 
28 125 13 126 124 
29 124 126 8 127 
30 26 124 127 14 
31 23 129 128 42 
32 129 26 130 128 
33 128 130 14 131 
34 42 128 131 27 
35 39 133 132 58 
36 133 42 134 132 
37 132 134 27 135 
38 58 132 135 43 
39 137 58 138 136 
40 136 138 43 139 
41 71 141 140 90 
42 141 74 142 140 
43 140 142 59 143 
44 90 140 143 75 
45 87 145 144 106 
46 145 90 146 144 
47 144 146 75 147 
48 106 144 147 91 
49 149 106 150 148 
50 148 150 91 151 
51 152 116 100 154 
52 153 152 154 108 
53 155 157 115 158 
54 156 155 158 116 
55 119 161 159 160 
56 161 122 162 159 
57 14 127 164 37 
58 127 8 165 164 
59 164 165 21 166 
60 37 164 166 19 
61 27 131 167 53 
62 131 14 168 167 
63 167 168 37 169 
64 53 167 169 35 
65 43 135 170 69 
66 135 27 171 170 
67 170 171 53 172 
68 69 170 172 51 
69 139 43 174 173 
70 173 174 69 175 
71 85 173 175 67 
72 75 143 176 101 
73 143 59 177 176 
74 176 177 85 178 
75 101 176 178 83 
76 91 147 179 117 
77 147 75 180 179 
78 179 180 101 181 
79 117 179 181 99 
80 151 91 183 182 
81 182 183 117 184 
82 157 182 184 115 
83 122 186 185 162 
84 186 148 187 185 
85 185 187 151 188 
86 162 185 188 107 
87 189 191 157 192 
88 190 189 192 155 
89 159 195 193 194 
90 195 162 196 193 
91 193 196 107 197 
92 120 204 202 203 
93 204 119 160 202 
94 202 160 123 205 
95 203 202 205 5 
96 160 208 206 207 
97 208 159 194 206 
98 206 194 163 209 
99 207 206 209 123 
100 107 188 210 191 
101 188 151 211 210 
102 210 211 182 212 
103 191 210 212 157 
104 163 197 213 214 
105 197 107 215 213 
106 213 215 191 216 
107 214 213 216 189 
108 194 219 217 218 
109 219 193 220 217 
110 217 220 197 221 
111 218 217 221 163 
112 16 224 222 223 
113 224 15 32 222 
114 222 32 18 225 
115 223 222 225 6 
116 32 228 226 227 
117 228 31 48 226 
118 226 48 34 229 
119 227 226 229 18 
120 48 232 230 231 
121 232 47 64 230 
122 230 64 50 233 
123 231 230 233 34 
124 64 236 234 235 
125 236 63 80 234 
126 234 80 66 237 
127 235 234 237 50 
128 80 240 238 239 
129 239 238 241 66 
130 250 156 116 252 
131 251 250 252 152 
132 199 255 253 254 
133 255 198 256 253 
134 253 256 201 257 
135 254 253 257 114 
136 6 225 258 259 
137 225 18 45 258 
138 258 45 28 260 
139 259 258 260 29 
140 18 229 261 262 
141 229 34 61 261 
142 261 61 44 263 
143 262 261 263 45 
144 34 233 264 265 
145 233 50 77 264 
146 264 77 60 266 
147 265 264 266 61 
148 50 237 267 268 
149 237 66 93 267 
150 267 93 76 269 
151 268 267 269 77 
152 66 241 270 271 
153 270 109 92 272 
154 271 270 272 93 
155 273 153 108 275 
156 274 273 275 109 
157 276 251 152 278 
158 277 276 278 153 
159 281 199 254 279 
160 279 254 114 282 
161 282 114 293 291 
162 291 293 251 294 
163 292 291 294 276 
164 280 297 295 296 
165 297 279 298 295 
166 295 298 282 299 
167 296 295 299 249 
168 300 277 153 302 
169 301 300 302 273 
170 307 309 277 310 
171 308 307 310 300 
172 303 313 311 312 
173 313 288 314 311 
174 311 314 98 315 
175 312 311 315 306 
176 238 318 316 317 
177 318 96 243 316 
178 316 243 82 319 
179 317 316 319 241 
180 243 322 320 321 
181 321 320 323 82 
182 241 319 328 329 
183 319 82 274 328 
184 328 274 109 330 
185 329 328 330 270 
186 82 323 331 332 
187 331 301 273 333 
188 332 331 333 274 
189 334 308 300 336 
190 335 334 336 301 
191 324 339 337 338 
192 339 304 340 337 
193 337 340 286 341 
194 320 344 342 343 
195 344 284 325 342 
196 342 325 245 345 
197 343 342 345 323 
198 325 348 346 347 
199 348 324 338 346 
200 346 338 327 349 
201 347 346 349 245 
202 327 341 350 351 
203 341 286 352 350 
204 350 352 308 353 
205 351 350 353 334 
206 338 356 354 355 
207 356 337 357 354 
208 354 357 341 358 
209 355 354 358 327 
210 286 360 359 352 
211 360 306 361 359 
212 359 361 307 362 
213 352 359 362 308 
214 114 257 363 293 
215 257 201 364 363 
216 363 364 250 365 
217 293 363 365 251 
218 5 205 366 367 
219 205 123 190 366 
220 366 190 155 368 
221 367 366 368 156 
222 123 209 369 370 
223 209 163 214 369 
224 369 214 189 371 
225 370 369 371 190 
226 17 374 372 373 
227 374 7 375 372 
228 372 375 11 33 
229 373 372 33 15 
230 33 378 376 377 
231 378 11 379 376 
232 376 379 24 49 
233 377 376 49 31 
234 49 382 380 381 
235 382 24 383 380 
236 380 383 40 65 
237 381 380 65 47 
238 65 386 384 385 
239 386 40 387 384 
240 384 387 56 81 
241 385 384 81 63 
242 81 390 388 389 
243 390 56 391 388 
244 388 391 72 97 
245 389 388 97 79 
246 97 394 392 393 
247 394 72 395 392 
248 392 395 88 113 
249 393 392 113 95 
250 95 398 396 397 
251 398 113 399 396 
252 396 399 111 248 
253 397 396 248 112 
254 112 402 400 401 
255 402 248 403 400 
256 400 403 246 289 
257 401 400 289 247 
258 247 406 404 405 
259 406 289 407 404 
260 404 407 287 408 
261 79 411 409 410 
262 411 97 393 409 
263 409 393 95 244 
264 410 409 244 96 
265 244 414 412 413 
266 414 95 397 412 
267 412 397 112 285 
268 413 412 285 242 
269 285 417 415 416 
270 417 112 401 415 
271 415 401 247 305 
272 416 415 305 283 
273 305 420 418 419 
274 420 247 405 418 
275 418 405 288 313 
276 419 418 313 303 
277 421 292 276 422 
278 309 421 422 277 
279 288 408 423 314 
280 408 287 424 423 
281 423 424 290 425 
282 314 423 425 98 
283 405 428 426 427 
284 428 404 429 426 
285 426 429 408 430 
286 427 426 430 288 
287 289 432 431 407 
288 432 246 433 431 
289 431 433 280 434 
290 407 431 434 287 
291 59 436 435 177 
292 436 139 437 435 
293 435 437 173 438 
294 177 435 438 85 
295 7 440 439 375 
296 440 12 441 439 
297 439 441 10 25 
298 375 439 25 11 
299 12 443 442 441 
300 443 2 444 442 
301 442 444 13 125 
302 441 442 125 10 
303 1 447 445 446 
304 447 17 373 445 
305 445 373 15 224 
306 446 445 224 16 
307 11 449 448 379 
308 449 25 450 448 
309 448 450 23 41 
310 379 448 41 24 
311 25 452 451 450 
312 452 10 453 451 
313 451 453 26 129 
314 450 451 129 23 
315 15 456 454 455 
316 456 33 377 454 
317 454 377 31 228 
318 455 454 228 32 
319 24 458 457 383 
320 458 41 459 457 
321 457 459 39 57 
322 383 457 57 40 
323 41 461 460 459 
324 461 23 462 460 
325 460 462 42 133 
326 459 460 133 39 
327 31 465 463 464 
328 465 49 381 463 
329 463 381 47 232 
330 464 463 232 48 
331 40 467 466 387 
332 467 57 468 466 
333 466 468 55 73 
334 387 466 73 56 
335 57 470 469 468 
336 470 39 471 469 
337 469 471 58 137 
338 468 469 137 55 
339 47 474 472 473 
340 474 65 385 472 
341 472 385 63 236 
342 473 472 236 64 
343 56 476 475 391 
344 476 73 477 475 
345 475 477 71 89 
346 391 475 89 72 
347 73 479 478 477 
348 479 55 480 478 
349 478 480 74 141 
350 477 478 141 71 
351 63 483 481 482 
352 483 81 389 481 
353 481 389 79 240 
354 482 481 240 80 
355 72 485 484 395 
356 485 89 486 484 
357 484 486 87 105 
358 395 484 105 88 
359 89 488 487 486 
360 488 71 489 487 
361 487 489 90 145 
362 486 487 145 87 
363 113 491 490 399 
364 491 88 492 490 
365 490 492 104 200 
366 399 490 200 111 
367 74 494 493 142 
368 494 136 495 493 
369 493 495 139 436 
370 142 493 436 59 
371 198 497 496 256 
372 497 120 203 496 
373 496 203 5 498 
374 256 496 498 201 
375 240 501 499 500 
376 501 79 410 499 
377 499 410 96 318 
378 500 499 318 238 
379 96 504 502 503 
380 504 244 413 502 
381 502 413 242 322 
382 503 502 322 243 
383 248 506 505 403 
384 506 111 507 505 
385 505 507 199 281 
386 403 505 281 246 
387 201 498 508 364 
388 498 5 367 508 
389 508 367 156 509 
390 364 508 509 250 
391 246 511 510 433 
392 511 281 512 510 
393 510 512 279 297 
394 433 510 297 280 
395 242 515 513 514 
396 515 285 416 513 
397 513 416 283 326 
398 514 513 326 284 
399 287 434 516 424 
400 434 280 296 516 
401 516 296 249 517 
402 424 516 517 290 
403 304 519 518 340 
404 519 303 312 518 
405 518 312 306 360 
406 340 518 360 286 
407 306 315 520 361 
408 315 98 521 520 
409 520 521 309 522 
410 361 520 522 307 
411 322 525 523 524 
412 525 242 514 523 
413 523 514 284 344 
414 524 523 344 320 
415 323 345 526 527 
416 345 245 335 526 
417 526 335 301 528 
418 527 526 528 331 
419 245 349 529 530 
420 349 327 351 529 
421 529 351 334 531 
422 530 529 531 335 
423 98 425 532 521 
424 425 290 533 532 
425 532 533 421 534 
426 521 532 534 309 
427 290 517 535 533 
428 517 249 536 535 
429 535 536 292 537 
430 533 535 537 421 
431 88 539 538 492 
432 539 105 540 538 
433 538 540 103 121 
434 492 538 121 104 
435 105 542 541 540 
436 542 87 543 541 
437 541 543 106 149 
438 540 541 149 103 
439 55 545 544 480 
440 545 137 546 544 
441 544 546 136 494 
442 480 544 494 74 
443 111 548 547 507 
444 548 200 549 547 
445 547 549 198 255 
446 507 547 255 199 
447 200 551 550 549 
448 551 104 552 550 
449 550 552 120 497 
450 549 550 497 198 
451 249 299 553 536 
452 299 282 554 553 
453 553 554 291 555 
454 536 553 555 292 
455 283 558 556 557 
456 558 305 419 556 
457 556 419 303 519 
458 557 556 519 304 
459 326 561 559 560 
460 561 283 557 559 
461 559 557 304 339 
462 560 559 339 324 
463 104 563 562 552 
464 563 121 564 562 
465 562 564 119 204 
466 552 562 204 120 
467 121 566 565 564 
468 566 103 567 565 
469 565 567 122 161 
470 564 565 161 119 
471 103 569 568 567 
472 569 149 570 568 
473 568 570 148 186 
474 567 568 186 122 
475 284 573 571 572 
476 573 326 560 571 
477 571 560 324 348 
478 572 571 348 325 
