2 0.000000 100.000000 5791.461216
573 478 
1 -20.101635 0.000000 -20.151635 99.321393 -0.000007 11.609865 0.000047 
2 20.964375 0.000000 -20.151635 99.322383 0.000004 11.596450 0.000059 
3 20.964375 0.000000 20.168012 99.328531 -0.000001 11.588791 -0.000046 
4 -20.101635 0.000000 20.168012 99.326775 -0.000004 11.609685 -0.000059 
5 0.431370 0.000000 0.008188 93.278427 0.377880 -5.352385 0.127034 
6 -20.101635 0.000000 0.008188 99.324211 -0.000015 11.613061 -0.000016 
7 0.431370 0.000000 -20.151635 99.316937 -0.000002 11.602297 0.000153 
8 20.964375 0.000000 0.008188 99.429728 0.000285 10.695464 -0.000066 
9 0.431370 0.000000 20.168012 99.332557 0.000007 11.600566 -0.000153 
10 10.697873 0.000000 -10.071724 99.318089 0.000027 11.558208 0.000233 
11 0.431370 0.000000 -10.071724 99.296416 0.000014 11.581132 0.000610 
12 10.697873 0.000000 -20.151635 99.319509 0.000004 11.597117 0.000114 
13 20.964375 0.000000 -10.071724 99.325566 0.000008 11.566625 0.000065 
14 10.697873 0.000000 0.008188 99.620998 -0.001039 9.033962 -0.000596 
15 -9.835133 0.000000 -10.071724 99.313955 -0.000023 11.611500 0.000191 
16 -20.101635 0.000000 -10.071724 99.321481 -0.000013 11.611593 0.000041 
17 -9.835133 0.000000 -20.151635 99.318789 -0.000008 11.608072 0.000103 
18 -9.835133 0.000000 0.008188 99.325088 -0.000044 11.624511 -0.000060 
19 10.697873 0.000000 10.088100 99.342252 -0.000005 11.528814 -0.000180 
20 0.431370 0.000000 10.088100 99.358491 0.000050 11.574571 -0.000608 
21 20.964375 0.000000 10.088100 99.338112 -0.000063 11.503713 -0.000040 
22 10.697873 0.000000 20.168012 99.330826 0.000006 11.592890 -0.000101 
23 5.564621 0.000000 -5.031768 99.301439 0.000213 11.410959 0.000901 
24 0.431370 0.000000 -5.031768 99.217528 0.001988 11.497301 0.002369 
25 5.564621 0.000000 -10.071724 99.306730 0.000035 11.560789 0.000452 
26 10.697873 0.000000 -5.031768 99.330421 0.000080 11.442398 0.000254 
27 5.564621 0.000000 0.008188 100.011890 -0.012922 5.576271 -0.003347 
28 -9.835133 0.000000 10.088100 99.335621 -0.000008 11.610908 -0.000238 
29 -20.101635 0.000000 10.088100 99.326861 -0.000009 11.611467 -0.000065 
30 -9.835133 0.000000 20.168012 99.329856 -0.000001 11.607533 -0.000116 
31 -4.701881 0.000000 -5.031768 99.283971 -0.001790 11.616742 0.000774 
32 -9.835133 0.000000 -5.031768 99.314168 -0.000039 11.618447 0.000171 
33 -4.701881 0.000000 -10.071724 99.303561 -0.000019 11.604174 0.000415 
34 -4.701881 0.000000 0.008188 99.326782 -0.000268 11.670531 -0.000201 
35 5.564621 0.000000 5.048144 99.393225 -0.001399 11.307089 -0.000686 
36 0.431370 0.000000 5.048144 99.459726 0.000222 11.474188 -0.002389 
37 10.697873 0.000000 5.048144 99.376563 -0.000281 11.221504 -0.000162 
38 5.564621 0.000000 10.088100 99.351362 0.000038 11.544566 -0.000397 
39 2.997996 0.000000 -2.511790 99.223668 0.001250 10.884198 0.003620 
40 0.431370 0.000000 -2.511790 98.889791 0.005806 11.188558 0.009563 
41 2.997996 0.000000 -5.031768 99.256600 0.000407 11.419501 0.001772 
42 5.564621 0.000000 -2.511790 99.344135 -0.008906 10.990251 0.000996 
43 2.997996 0.000000 0.008188 100.902338 0.317980 -2.783278 -0.018913 
44 -4.701881 0.000000 5.048144 99.370731 0.002075 11.615399 -0.000946 
45 -9.835133 0.000000 5.048144 99.335905 -0.000023 11.618133 -0.000260 
46 -4.701881 0.000000 10.088100 99.347942 0.000012 11.602285 -0.000463 
47 -2.135256 0.000000 -2.511790 99.167202 0.000993 11.628128 0.003065 
48 -4.701881 0.000000 -2.511790 99.283677 -0.000257 11.645015 0.000715 
49 -2.135256 0.000000 -5.031768 99.243268 -0.000166 11.587321 0.001651 
50 -2.135256 0.000000 0.008188 99.320009 0.001379 11.885458 -0.000573 
51 2.997996 0.000000 2.528166 99.573230 0.000103 10.601192 -0.002721 
52 0.431370 0.000000 2.528166 99.858281 -0.002336 11.123462 -0.009541 
53 5.564621 0.000000 2.528166 99.492701 -0.000297 10.396528 -0.000689 
54 2.997996 0.000000 5.048144 99.430387 0.006091 11.360783 -0.001547 
55 1.714683 0.000000 -1.251801 98.992244 -0.000998 9.505905 0.011017 
56 0.431370 0.000000 -1.251801 98.110518 0.012915 10.290154 0.026844 
57 1.714683 0.000000 -2.511790 99.088768 0.001926 10.941616 0.006170 
58 2.997996 0.000000 -1.251801 99.355162 0.001674 9.725302 0.003397 
59 1.714683 0.000000 0.008188 99.988028 0.103979 -3.242604 -0.000813 
60 -2.135256 0.000000 2.528166 99.503702 0.002196 11.630151 -0.003625 
61 -4.701881 0.000000 2.528166 99.371255 -0.000143 11.645312 -0.001026 
62 -2.135256 0.000000 5.048144 99.419035 0.000081 11.581959 -0.001829 
63 -0.851943 0.000000 -1.251801 98.692365 0.002858 11.664784 0.012375 
64 -2.135256 0.000000 -1.251801 99.158678 -0.000539 11.734139 0.002987 
65 -0.851943 0.000000 -2.511790 99.022315 -0.003727 11.508971 0.006212 
66 -0.851943 0.000000 0.008188 99.151475 0.000167 12.873232 0.000326 
67 1.714683 0.000000 1.268177 99.973590 0.009573 9.020759 -0.007609 
68 0.431370 0.000000 1.268177 101.081516 0.006902 10.106069 -0.031961 
69 2.997996 0.000000 1.268177 99.735079 0.000586 8.751569 -0.002368 
70 1.714683 0.000000 2.528166 99.684210 0.000635 10.778416 -0.005312 
71 1.073026 0.000000 -0.621806 98.259130 0.023045 6.764664 0.029938 
72 0.431370 0.000000 -0.621806 96.136292 0.029758 8.166671 0.069112 
73 1.073026 0.000000 -1.251801 98.580557 0.014435 9.652806 0.018870 
74 1.714683 0.000000 -0.621806 99.171197 0.002242 7.085564 0.011487 
75 1.073026 0.000000 0.008188 99.226364 0.116310 -5.287048 0.012616 
76 -0.851943 0.000000 1.268177 100.011370 0.001637 11.738964 -0.014008 
77 -2.135256 0.000000 1.268177 99.501002 0.003417 11.748864 -0.003849 
78 -0.851943 0.000000 2.528166 99.678438 0.001016 11.503922 -0.006813 
79 -0.210286 0.000000 -0.621806 96.784694 0.030110 11.614945 0.049782 
80 -0.851943 0.000000 -0.621806 98.438385 0.010175 12.272700 0.015927 
81 -0.210286 0.000000 -1.251801 98.362977 0.004981 11.177727 0.019978 
82 -0.210286 0.000000 0.008188 96.969689 0.003085 16.183563 0.033497 
83 1.073026 0.000000 0.638183 100.773954 0.008043 6.017061 -0.019159 
84 0.431370 0.000000 0.638183 103.894399 0.016162 7.364095 -0.084828 
85 1.714683 0.000000 0.638183 100.060828 0.007614 6.240929 -0.005112 
86 1.073026 0.000000 1.268177 100.353416 0.000027 9.307557 -0.015744 
87 0.752198 0.000000 -0.306809 96.269481 0.038456 2.261874 0.072707 
88 0.431370 0.000000 -0.306809 93.744102 0.085994 4.969740 0.118734 
89 0.752198 0.000000 -0.621806 97.142061 0.020846 6.927895 0.051542 
90 1.073026 0.000000 -0.306809 98.359390 0.003824 2.798005 0.031760 
91 0.752198 0.000000 0.008188 97.612476 0.103408 -8.375377 0.040165 
92 -0.210286 0.000000 0.638183 101.796425 0.012019 12.163559 -0.051046 
93 -0.851943 0.000000 0.638183 100.118646 -0.004723 12.472349 -0.017930 
94 -0.210286 0.000000 1.268177 100.669313 -0.006103 11.286405 -0.026169 
95 0.110542 0.000000 -0.306809 92.999325 0.034075 9.287097 0.126487 
96 -0.210286 0.000000 -0.306809 95.776328 -0.008310 12.655716 0.066673 
97 0.110542 0.000000 -0.621806 96.299570 0.028919 10.043324 0.062552 
98 0.110542 0.000000 0.008188 21.204158 -7.435578 -4.025216 0.947889 
99 0.752198 0.000000 0.323185 101.971921 0.026570 0.667679 -0.039872 
100 0.431370 0.000000 0.323185 106.630122 0.075229 1.952333 -0.137380 
101 1.073026 0.000000 0.323185 100.420783 0.027664 2.342312 -0.008982 
102 0.752198 0.000000 0.638183 101.913019 0.024163 6.081834 -0.042325 
103 0.591784 0.000000 -0.149310 93.696192 0.070256 -1.561950 0.121858 
104 0.431370 0.000000 -0.149310 90.926047 0.096297 1.470467 0.173028 
105 0.591784 0.000000 -0.306809 94.940656 0.059276 3.218662 0.097591 
106 0.752198 0.000000 -0.149310 96.408158 0.035966 -2.411291 0.069965 
107 0.591784 0.000000 0.008188 73.855423 1.298999 -13.192292 0.436965 
108 0.110542 0.000000 0.323185 108.547884 0.056421 11.514102 -0.191522 
109 -0.210286 0.000000 0.323185 102.204912 0.018890 14.747221 -0.066332 
110 0.110542 0.000000 0.638183 103.852563 0.013012 10.462081 -0.089481 
111 0.270956 0.000000 -0.149310 89.923131 0.084373 5.610491 0.188235 
112 0.110542 0.000000 -0.149310 90.761989 0.085944 7.559360 0.170511 
113 0.270956 0.000000 -0.306809 92.814778 0.054413 7.065945 0.133549 
114 0.270956 0.000000 0.008188 88.439841 0.118313 1.007939 0.217736 
115 0.591784 0.000000 0.165687 102.486494 0.104721 -6.051588 -0.054011 
116 0.431370 0.000000 0.165687 109.316481 0.166972 -6.614115 -0.199387 
117 0.752198 0.000000 0.165687 100.318057 0.073828 -3.103117 -0.007335 
118 0.591784 0.000000 0.323185 103.715268 0.072035 0.639046 -0.075727 
119 0.511577 0.000000 -0.070561 89.985397 0.100506 -3.831685 0.188794 
120 0.431370 0.000000 -0.070561 88.710097 0.128237 -1.135498 0.212921 
121 0.511577 0.000000 -0.149310 91.949937 0.108619 -0.648377 0.154478 
122 0.591784 0.000000 -0.070561 92.597486 0.071500 -5.583674 0.139452 
123 0.511577 0.000000 0.008188 94.194117 1.113728 -14.072676 0.092819 
124 15.831124 0.000000 -5.031768 99.334895 0.000035 11.471574 0.000098 
125 15.831124 0.000000 -10.071724 99.323428 0.000016 11.562079 0.000117 
126 20.964375 0.000000 -5.031768 99.334888 0.000016 11.493515 0.000048 
127 15.831124 0.000000 0.008188 99.491280 0.000260 10.162517 -0.000179 
128 8.131247 0.000000 -2.511790 99.363696 0.000414 11.098636 0.000368 
129 8.131247 0.000000 -5.031768 99.322135 -0.001314 11.424419 0.000460 
130 10.697873 0.000000 -2.511790 99.364684 0.000197 11.174999 0.000178 
131 8.131247 0.000000 0.008188 99.750489 -0.003630 7.899165 -0.001256 
132 4.281308 0.000000 -1.251801 99.437244 0.001669 9.985055 0.001253 
133 4.281308 0.000000 -2.511790 99.311356 0.000748 10.935751 0.001766 
134 5.564621 0.000000 -1.251801 99.449517 0.000613 10.191438 0.000593 
135 4.281308 0.000000 0.008188 100.297539 -0.020056 3.007860 -0.006864 
136 2.356339 0.000000 -0.621806 99.476762 -0.002644 7.505441 0.004804 
137 2.356339 0.000000 -1.251801 99.221152 0.002238 9.563770 0.006370 
138 2.997996 0.000000 -0.621806 99.592948 -0.001743 7.915060 0.001860 
139 2.356339 0.000000 0.008188 100.306969 0.120896 -2.596150 -0.006824 
140 1.393855 0.000000 -0.306809 99.087165 0.005938 3.339430 0.017058 
141 1.393855 0.000000 -0.621806 98.771264 0.008184 6.780437 0.019826 
142 1.714683 0.000000 -0.306809 99.478834 -0.005472 3.966733 0.008823 
143 1.393855 0.000000 0.008188 99.727745 0.107141 -4.075620 0.003775 
144 0.912612 0.000000 -0.149310 97.859335 0.014908 -2.070251 0.041926 
145 0.912612 0.000000 -0.306809 97.585783 0.028995 2.438570 0.047107 
146 1.073026 0.000000 -0.149310 98.715393 -0.010691 -1.241803 0.025373 
147 0.912612 0.000000 0.008188 98.664948 0.098291 -6.749854 0.021966 
148 0.671991 0.000000 -0.070561 95.290886 0.043157 -6.182616 0.088142 
149 0.671991 0.000000 -0.149310 95.245246 0.042728 -2.227207 0.092338 
150 0.752198 0.000000 -0.070561 96.781173 0.009335 -5.980937 0.059763 
151 0.671991 0.000000 0.008188 96.525985 0.080979 -8.652738 0.060786 
152 0.270956 0.000000 0.165687 117.436053 0.131105 0.192797 -0.379128 
153 0.110542 0.000000 0.165687 116.986158 0.134824 15.475473 -0.392527 
154 0.270956 0.000000 0.323185 109.376450 0.098905 6.015133 -0.199940 
155 0.511577 0.000000 0.086937 104.376222 0.184992 -14.264202 -0.109790 
156 0.431370 0.000000 0.086937 114.246959 0.416350 -24.695943 -0.366243 
157 0.591784 0.000000 0.086937 99.884206 0.137815 -10.605976 -0.008936 
158 0.511577 0.000000 0.165687 105.213422 0.129794 -6.610909 -0.111359 
159 0.551681 0.000000 -0.031187 89.635447 0.087960 -7.407884 0.191060 
160 0.511577 0.000000 -0.031187 88.246683 0.097249 -6.449995 0.217091 
161 0.551681 0.000000 -0.070561 91.103649 0.081975 -4.849102 0.167660 
162 0.591784 0.000000 -0.031187 91.755511 0.090536 -8.606596 0.150684 
163 0.551681 0.000000 0.008188 86.522627 2.140716 -18.788309 0.215625 
164 15.831124 0.000000 5.048144 99.386280 -0.000481 11.093824 -0.000071 
165 20.964375 0.000000 5.048144 99.409086 -0.000714 10.886766 -0.000069 
166 15.831124 0.000000 10.088100 99.338616 -0.000038 11.517115 -0.000080 
167 8.131247 0.000000 2.528166 99.507746 -0.000812 10.103036 -0.000386 
168 10.697873 0.000000 2.528166 99.553045 -0.001126 9.672807 -0.000437 
169 8.131247 0.000000 5.048144 99.379156 0.000911 11.266164 -0.000314 
170 4.281308 0.000000 1.268177 99.728159 -0.000427 8.350072 -0.001543 
171 5.564621 0.000000 1.268177 99.778699 -0.000118 7.793703 -0.001653 
172 4.281308 0.000000 2.528166 99.508847 -0.000442 10.502266 -0.001231 
173 2.356339 0.000000 0.638183 99.967616 0.005923 6.092652 -0.003064 
174 2.997996 0.000000 0.638183 100.015485 0.001311 5.692463 -0.003550 
175 2.356339 0.000000 1.268177 99.810958 0.002750 8.867058 -0.004085 
176 1.393855 0.000000 0.323185 100.144067 0.014409 2.838714 -0.003689 
177 1.714683 0.000000 0.323185 100.061177 0.010627 3.131237 -0.002204 
178 1.393855 0.000000 0.638183 100.322702 0.015359 6.090842 -0.010174 
179 0.912612 0.000000 0.165687 100.037762 0.064902 -1.924776 -0.001126 
180 1.073026 0.000000 0.165687 99.927957 0.041983 -0.658884 0.001397 
181 0.912612 0.000000 0.323185 100.960264 0.032812 1.537498 -0.019534 
182 0.671991 0.000000 0.086937 98.981517 0.099829 -7.298060 0.014939 
183 0.752198 0.000000 0.086937 99.035882 0.097976 -5.609241 0.016042 
184 0.671991 0.000000 0.165687 100.945185 0.090429 -4.392024 -0.020923 
185 0.631888 0.000000 -0.031187 94.264902 0.073831 -8.423370 0.104317 
186 0.631888 0.000000 -0.070561 94.111423 0.049401 -6.058692 0.110633 
187 0.671991 0.000000 -0.031187 95.674260 0.057581 -8.064186 0.078140 
188 0.631888 0.000000 0.008188 95.330004 0.099617 -9.844462 0.081527 
189 0.551681 0.000000 0.047563 99.483643 0.218450 -16.903828 -0.018278 
190 0.511577 0.000000 0.047563 105.129604 0.963255 -29.289241 -0.191102 
191 0.591784 0.000000 0.047563 97.157305 0.163379 -13.053270 0.039004 
192 0.551681 0.000000 0.086937 101.592835 0.166062 -12.355010 -0.047378 
193 0.571732 0.000000 -0.011499 77.669640 1.653773 -13.725810 0.377629 
194 0.551681 0.000000 -0.011499 82.458684 1.940578 -12.344299 0.304442 
195 0.571732 0.000000 -0.031187 90.397439 0.093370 -8.057105 0.176338 
196 0.591784 0.000000 -0.011499 91.371273 0.120336 -10.306710 0.154505 
197 0.571732 0.000000 0.008188 76.143561 1.513178 -13.950100 0.400526 
198 0.351163 0.000000 -0.070561 87.850044 0.189137 1.605052 0.227976 
199 0.270956 0.000000 -0.070561 86.383402 0.078556 5.366265 0.250910 
200 0.351163 0.000000 -0.149310 90.247063 0.145281 3.414067 0.184379 
201 0.351163 0.000000 0.008188 93.487323 0.178391 -2.759068 0.125248 
202 0.471473 0.000000 -0.031187 87.912372 0.538324 -1.267855 0.226952 
203 0.431370 0.000000 -0.031187 87.760285 0.337827 -0.119249 0.229800 
204 0.471473 0.000000 -0.070561 89.215255 0.082289 -2.581553 0.203397 
205 0.471473 0.000000 0.008188 93.936662 0.563840 -8.952441 0.109544 
206 0.531629 0.000000 -0.011499 88.082050 1.685188 -8.101810 0.217307 
207 0.511577 0.000000 -0.011499 89.682687 0.998454 -5.506543 0.192570 
208 0.531629 0.000000 -0.031187 88.920781 0.090773 -7.140979 0.204209 
209 0.531629 0.000000 0.008188 92.122935 1.660342 -17.587383 0.120129 
210 0.631888 0.000000 0.047563 97.313248 0.126819 -9.983857 0.043044 
211 0.671991 0.000000 0.047563 97.709712 0.111780 -8.661458 0.037778 
212 0.631888 0.000000 0.086937 99.190681 0.111635 -8.721513 0.008513 
213 0.571732 0.000000 0.027875 95.265779 0.214483 -17.458259 0.061959 
214 0.551681 0.000000 0.027875 88.416135 1.991684 -27.445304 0.142538 
215 0.591784 0.000000 0.027875 94.973926 0.157695 -13.916030 0.078627 
216 0.571732 0.000000 0.047563 97.858055 0.191104 -15.270995 0.019056 
217 0.561706 0.000000 -0.001656 78.942886 1.679885 -13.299541 0.358832 
218 0.551681 0.000000 -0.001656 83.734461 2.137202 -11.364594 0.285482 
219 0.561706 0.000000 -0.011499 79.257249 1.753974 -11.591125 0.358086 
220 0.571732 0.000000 -0.001656 75.901707 1.486636 -13.401402 0.405712 
221 0.561706 0.000000 0.008188 80.489444 1.791423 -15.040942 0.329201 
222 -14.968384 0.000000 -5.031768 99.320638 -0.000024 11.614656 0.000051 
223 -20.101635 0.000000 -5.031768 99.322494 -0.000015 11.612618 0.000019 
224 -14.968384 0.000000 -10.071724 99.319197 -0.000018 11.612130 0.000086 
225 -14.968384 0.000000 0.008188 99.324466 -0.000024 11.616015 -0.000028 
226 -7.268507 0.000000 -2.511790 99.310482 -0.000397 11.629955 0.000217 
227 -9.835133 0.000000 -2.511790 99.318174 -0.000045 11.622638 0.000081 
228 -7.268507 0.000000 -5.031768 99.304845 -0.000049 11.620452 0.000351 
229 -7.268507 0.000000 0.008188 99.325802 0.000094 11.635805 -0.000101 
230 -3.418569 0.000000 -1.251801 99.265757 -0.000363 11.693752 0.000957 
231 -4.701881 0.000000 -1.251801 99.299130 -0.000282 11.662290 0.000367 
232 -3.418569 0.000000 -2.511790 99.245649 -0.000309 11.651793 0.001454 
233 -3.418569 0.000000 0.008188 99.326693 -0.000336 11.719031 -0.000313 
234 -1.493599 0.000000 -0.621806 99.090747 -0.000116 11.846612 0.004068 
235 -2.135256 0.000000 -0.621806 99.211729 0.001881 11.810568 0.001754 
236 -1.493599 0.000000 -1.251801 99.011408 -0.005867 11.738196 0.005896 
237 -1.493599 0.000000 0.008188 99.296281 0.000532 11.952352 -0.000261 
238 -0.531115 0.000000 -0.306809 97.933423 0.007412 12.880568 0.024314 
239 -0.851943 0.000000 -0.306809 98.648043 0.007305 12.636569 0.010888 
240 -0.531115 0.000000 -0.621806 97.872943 0.009788 12.135338 0.027362 
241 -0.531115 0.000000 0.008188 98.870872 0.003886 13.432752 0.004411 
242 -0.049872 0.000000 -0.149310 91.431244 0.086776 12.488681 0.148435 
243 -0.210286 0.000000 -0.149310 95.504052 0.010841 14.040287 0.068185 
244 -0.049872 0.000000 -0.306809 93.860465 0.030697 11.550004 0.105681 
245 -0.049872 0.000000 0.008188 87.504727 0.120038 24.371281 0.174895 
246 0.190749 0.000000 -0.070561 90.732161 -0.066601 15.319158 0.153299 
247 0.110542 0.000000 -0.070561 89.484392 -0.083189 -3.994143 0.197658 
248 0.190749 0.000000 -0.149310 90.807214 0.089089 7.395398 0.169935 
249 0.190749 0.000000 0.008188 87.198726 -0.398124 3.798531 0.238179 
250 0.351163 0.000000 0.086937 120.979681 0.226451 -17.903165 -0.495666 
251 0.270956 0.000000 0.086937 125.580280 0.297836 -10.771153 -0.588651 
252 0.351163 0.000000 0.165687 113.628507 0.199003 -4.322625 -0.293016 
253 0.311059 0.000000 -0.031187 85.857578 0.136710 2.241683 0.262343 
254 0.270956 0.000000 -0.031187 83.381322 0.088818 2.614933 0.304071 
255 0.311059 0.000000 -0.070561 87.157693 0.101515 3.153558 0.239358 
256 0.351163 0.000000 -0.031187 86.529877 0.163418 1.651860 0.250983 
257 0.311059 0.000000 0.008188 93.098922 0.146252 -1.166211 0.133121 
258 -14.968384 0.000000 5.048144 99.328247 -0.000018 11.614523 -0.000100 
259 -20.101635 0.000000 5.048144 99.325907 -0.000013 11.612551 -0.000049 
260 -14.968384 0.000000 10.088100 99.329541 -0.000011 11.611883 -0.000119 
261 -7.268507 0.000000 2.528166 99.341205 0.000902 11.629804 -0.000393 
262 -9.835133 0.000000 2.528166 99.331990 -0.000035 11.622506 -0.000193 
263 -7.268507 0.000000 5.048144 99.346631 -0.000017 11.619893 -0.000477 
264 -3.418569 0.000000 1.268177 99.390298 -0.000215 11.696477 -0.001524 
265 -4.701881 0.000000 1.268177 99.354978 -0.000212 11.662905 -0.000744 
266 -3.418569 0.000000 2.528166 99.413419 -0.000101 11.653063 -0.001882 
267 -1.493599 0.000000 0.638183 99.533751 0.001414 11.887548 -0.004828 
268 -2.135256 0.000000 0.638183 99.435305 0.000580 11.822470 -0.002715 
269 -1.493599 0.000000 1.268177 99.673779 0.002343 11.799786 -0.007410 
270 -0.531115 0.000000 0.323185 100.135550 0.003353 13.203171 -0.020145 
271 -0.851943 0.000000 0.323185 99.746231 -0.006163 12.804665 -0.011327 
272 -0.531115 0.000000 0.638183 100.688397 -0.007636 12.513148 -0.029473 
273 -0.049872 0.000000 0.165687 104.392210 0.075549 20.178570 -0.130491 
274 -0.210286 0.000000 0.165687 100.309247 -0.009191 16.146103 -0.032264 
275 -0.049872 0.000000 0.323185 104.716524 -0.005444 14.449188 -0.117433 
276 0.190749 0.000000 0.086937 129.972678 0.561298 2.745596 -0.690075 
277 0.110542 0.000000 0.086937 131.087723 0.744974 20.284588 -0.759601 
278 0.190749 0.000000 0.165687 119.398085 0.147475 7.357461 -0.431006 
279 0.230852 0.000000 -0.031187 82.753396 0.078010 2.713173 0.314451 
280 0.190749 0.000000 -0.031187 63.416398 -0.325755 55.583051 0.288878 
281 0.230852 0.000000 -0.070561 85.888037 0.011685 9.593529 0.253121 
282 0.230852 0.000000 0.008188 81.801204 -0.115179 2.007264 0.330452 
283 0.030335 0.000000 -0.070561 85.305824 0.077277 7.015395 0.267369 
284 -0.049872 0.000000 -0.070561 88.303184 0.094983 14.551012 0.199081 
285 0.030335 0.000000 -0.149310 90.130956 0.084965 9.761663 0.178111 
286 0.030335 0.000000 0.008188 82.238377 1.032736 28.013230 0.245104 
287 0.150645 0.000000 -0.031187 105.615666 -0.308055 1.753906 -0.115784 
288 0.110542 0.000000 -0.031187 59.408945 -0.385985 -48.844974 0.408460 
289 0.150645 0.000000 -0.070561 111.317939 -0.308324 1.123677 -0.239304 
290 0.150645 0.000000 0.008188 16.673186 -7.141472 0.490591 0.967076 
291 0.230852 0.000000 0.047563 124.910695 0.432659 -2.293365 -0.560813 
292 0.190749 0.000000 0.047563 130.011298 0.565903 2.898651 -0.691166 
293 0.270956 0.000000 0.047563 117.635950 0.269071 -8.512057 -0.391074 
294 0.230852 0.000000 0.086937 128.496288 0.437694 -2.941180 -0.652014 
295 0.210801 0.000000 -0.011499 47.493428 -0.476733 15.986293 0.748859 
296 0.190749 0.000000 -0.011499 30.956419 -0.443190 37.558856 0.763084 
297 0.210801 0.000000 -0.031187 82.774701 0.079620 2.713882 0.314098 
298 0.230852 0.000000 -0.011499 77.784079 -0.161777 2.857112 0.394145 
299 0.210801 0.000000 0.008188 72.638453 -0.516348 3.206265 0.471311 
300 0.030335 0.000000 0.086937 112.567071 0.164265 31.240826 -0.364736 
301 -0.049872 0.000000 0.086937 100.190652 0.101286 25.387276 -0.068269 
302 0.030335 0.000000 0.165687 110.509078 0.107510 20.447960 -0.263039 
303 0.070438 0.000000 -0.031187 77.930941 0.033772 3.752444 0.391269 
304 0.030335 0.000000 -0.031187 82.024762 0.763237 -5.504163 0.324106 
305 0.070438 0.000000 -0.070561 85.309195 0.007761 2.891951 0.271398 
306 0.070438 0.000000 0.008188 75.458991 -0.120576 4.054521 0.428949 
307 0.070438 0.000000 0.047563 125.181823 0.850325 40.367224 -0.730072 
308 0.030335 0.000000 0.047563 113.599755 0.939635 56.309389 -0.607653 
309 0.110542 0.000000 0.047563 129.537467 0.802373 27.668907 -0.754617 
310 0.070438 0.000000 0.086937 127.841400 0.881766 35.439210 -0.760014 
311 0.090490 0.000000 -0.011499 70.381099 -0.492920 4.879857 0.502244 
312 0.070438 0.000000 -0.011499 77.741715 0.059037 3.033120 0.394702 
313 0.090490 0.000000 -0.031187 72.316374 -0.316800 4.438555 0.475054 
314 0.110542 0.000000 -0.011499 32.465075 -0.405392 -37.560974 0.753503 
315 0.090490 0.000000 0.008188 72.096558 -0.330525 4.465417 0.478204 
316 -0.370701 0.000000 -0.149310 97.393445 -0.007190 13.694501 0.032698 
317 -0.531115 0.000000 -0.149310 98.305549 0.008245 13.179543 0.016232 
318 -0.370701 0.000000 -0.306809 97.262821 0.010477 12.768406 0.037691 
319 -0.370701 0.000000 0.008188 98.315207 0.012946 14.565994 0.012195 
320 -0.130079 0.000000 -0.070561 93.375031 -0.031829 15.774678 0.103226 
321 -0.210286 0.000000 -0.070561 95.867550 0.005398 15.110760 0.058108 
322 -0.130079 0.000000 -0.149310 93.807447 -0.013243 13.754210 0.101098 
323 -0.130079 0.000000 0.008188 94.886846 0.083885 18.707942 0.064649 
324 -0.009769 0.000000 -0.031187 78.218794 0.144514 11.118866 0.375817 
325 -0.049872 0.000000 -0.031187 86.122950 0.108266 17.841937 0.226449 
326 -0.009769 0.000000 -0.070561 85.655695 0.099647 11.159032 0.253857 
327 -0.009769 0.000000 0.008188 42.159712 1.507233 25.893446 0.754982 
328 -0.370701 0.000000 0.165687 99.735850 0.004907 14.654861 -0.016200 
329 -0.531115 0.000000 0.165687 99.558130 0.007226 13.491809 -0.009385 
330 -0.370701 0.000000 0.323185 100.850750 0.015144 14.006903 -0.036707 
331 -0.130079 0.000000 0.086937 98.588384 0.007112 19.442897 -0.009770 
332 -0.210286 0.000000 0.086937 98.734997 -0.012266 16.686443 -0.002704 
333 -0.130079 0.000000 0.165687 101.435056 0.018736 17.975923 -0.061220 
334 -0.009769 0.000000 0.047563 97.271916 0.171130 37.578113 -0.087397 
335 -0.049872 0.000000 0.047563 94.639983 0.116163 27.216884 0.030250 
336 -0.009769 0.000000 0.086937 104.277742 0.130720 29.646735 -0.175279 
337 0.010283 0.000000 -0.011499 55.390327 1.374207 -4.050874 0.691361 
338 -0.009769 0.000000 -0.011499 38.561813 1.556173 -0.737700 0.851002 
339 0.010283 0.000000 -0.031187 66.137559 1.213718 -16.554873 0.535029 
340 0.030335 0.000000 -0.011499 78.635426 0.863660 -7.809305 0.375474 
341 0.010283 0.000000 0.008188 56.272152 1.361824 42.164626 0.505373 
342 -0.089976 0.000000 -0.031187 91.129852 0.089057 17.927668 0.137394 
343 -0.130079 0.000000 -0.031187 93.737501 0.083398 17.345647 0.091240 
344 -0.089976 0.000000 -0.070561 91.240717 0.085573 15.662819 0.142980 
345 -0.089976 0.000000 0.008188 92.609117 0.089922 20.563601 0.100068 
346 -0.029821 0.000000 -0.011499 79.651817 0.141701 20.856746 0.322056 
347 -0.049872 0.000000 -0.011499 85.887784 0.115536 20.927202 0.218533 
348 -0.029821 0.000000 -0.031187 82.113185 0.120639 16.105562 0.299802 
349 -0.029821 0.000000 0.008188 81.624993 0.155715 28.151737 0.254482 
350 0.010283 0.000000 0.027875 83.166338 1.174472 69.976955 -0.181479 
351 -0.009769 0.000000 0.027875 50.888421 1.403324 69.091042 0.263483 
352 0.030335 0.000000 0.027875 107.193455 0.988974 61.436082 -0.526581 
353 0.010283 0.000000 0.047563 104.346943 0.255148 42.620873 -0.270489 
354 0.000257 0.000000 -0.001656 33.709568 1.597440 12.970844 0.869287 
355 -0.009769 0.000000 -0.001656 41.744229 1.513355 22.138258 0.776503 
356 0.000257 0.000000 -0.011499 48.673724 1.445724 -0.521140 0.762851 
357 0.010283 0.000000 -0.001656 54.084026 1.401124 6.170338 0.703488 
358 0.000257 0.000000 0.008188 42.437544 1.473740 50.419942 0.565471 
359 0.050386 0.000000 0.027875 119.483877 0.907851 48.845077 -0.666306 
360 0.050386 0.000000 0.008188 82.961240 0.456183 0.968883 0.311629 
361 0.070438 0.000000 0.027875 123.912486 0.888391 42.570710 -0.716736 
362 0.050386 0.000000 0.047563 120.249544 0.903196 47.950076 -0.675998 
363 0.311059 0.000000 0.047563 114.462056 0.201879 -10.857025 -0.321948 
364 0.351163 0.000000 0.047563 116.748703 0.233482 -15.815740 -0.388045 
365 0.311059 0.000000 0.086937 123.319599 0.232822 -14.917335 -0.543030 
366 0.471473 0.000000 0.047563 110.970767 0.510243 -26.743376 -0.302998 
367 0.431370 0.000000 0.047563 111.762684 0.407441 -22.795770 -0.301071 
368 0.471473 0.000000 0.086937 107.373875 0.214316 -14.552956 -0.174098 
369 0.531629 0.000000 0.027875 100.010945 1.576317 -29.412550 -0.086977 
370 0.511577 0.000000 0.027875 103.214800 0.987351 -25.921803 -0.132621 
371 0.531629 0.000000 0.047563 101.657057 0.243834 -18.566708 -0.067894 
372 -4.701881 0.000000 -15.111679 99.313121 -0.000010 11.604458 0.000224 
373 -9.835133 0.000000 -15.111679 99.316626 -0.000013 11.608792 0.000144 
374 -4.701881 0.000000 -20.151635 99.317410 -0.000006 11.605659 0.000136 
375 0.431370 0.000000 -15.111679 99.311592 -0.000000 11.596818 0.000272 
376 -2.135256 0.000000 -7.551746 99.281377 -0.002330 11.588898 0.000891 
377 -4.701881 0.000000 -7.551746 99.294773 -0.000029 11.606893 0.000583 
378 -2.135256 0.000000 -10.071724 99.298156 -0.000005 11.594483 0.000544 
379 0.431370 0.000000 -7.551746 99.275834 -0.002622 11.558717 0.001070 
380 -0.851943 0.000000 -3.771779 99.156035 -0.003979 11.526635 0.003522 
381 -2.135256 0.000000 -3.771779 99.207968 -0.000217 11.596989 0.002329 
382 -0.851943 0.000000 -5.031768 99.223045 -0.000105 11.549166 0.002140 
383 0.431370 0.000000 -3.771779 99.145344 -0.003385 11.411607 0.003998 
384 -0.210286 0.000000 -1.881795 98.740969 -0.004828 11.286027 0.012285 
385 -0.851943 0.000000 -1.881795 98.864597 0.000386 11.548291 0.009243 
386 -0.210286 0.000000 -2.511790 98.958819 0.002082 11.372535 0.007782 
387 0.431370 0.000000 -1.881795 98.706005 -0.004566 10.925984 0.013775 
388 0.110542 0.000000 -0.936804 97.321873 0.020099 10.508760 0.041802 
389 -0.210286 0.000000 -0.936804 97.614374 0.030167 11.296919 0.034381 
390 0.110542 0.000000 -1.251801 98.093887 0.011364 10.774999 0.026149 
391 0.431370 0.000000 -0.936804 97.438605 0.018331 9.600241 0.041355 
392 0.270956 0.000000 -0.464308 94.769923 0.034963 8.342485 0.094906 
393 0.110542 0.000000 -0.464308 94.837380 0.018458 9.777962 0.091026 
394 0.270956 0.000000 -0.621806 95.865558 0.054230 9.037795 0.072811 
395 0.431370 0.000000 -0.464308 95.043265 0.040930 6.920114 0.091889 
396 0.190749 0.000000 -0.228060 91.731857 0.088428 7.671471 0.152641 
397 0.110542 0.000000 -0.228060 91.844474 0.082782 8.901680 0.148535 
398 0.190749 0.000000 -0.306809 92.608160 0.054950 8.031669 0.135922 
399 0.270956 0.000000 -0.228060 91.704300 0.101083 6.284029 0.155082 
400 0.150645 0.000000 -0.109936 92.165785 0.042023 6.629038 0.146152 
401 0.110542 0.000000 -0.109936 90.540449 0.048905 5.132600 0.177608 
402 0.150645 0.000000 -0.149310 91.120401 0.083074 7.422230 0.164198 
403 0.190749 0.000000 -0.109936 90.818536 0.054893 8.380518 0.168176 
404 0.130593 0.000000 -0.050874 100.303056 -0.322529 -24.946131 -0.068312 
405 0.110542 0.000000 -0.050874 79.132852 -0.353053 -43.770948 0.182197 
406 0.130593 0.000000 -0.070561 96.304583 -0.327662 -32.947988 -0.036025 
407 0.150645 0.000000 -0.050874 107.074663 -0.308094 2.038398 -0.146923 
408 0.130593 0.000000 -0.031187 89.564493 -0.338458 -32.340285 0.093219 
409 -0.049872 0.000000 -0.464308 95.496704 -0.001536 11.088620 0.075742 
410 -0.210286 0.000000 -0.464308 96.635767 0.021583 11.769125 0.052302 
411 -0.049872 0.000000 -0.621806 96.625735 0.031768 10.857858 0.054557 
412 0.030335 0.000000 -0.228060 92.158665 0.080964 10.410603 0.139839 
413 -0.049872 0.000000 -0.228060 93.224226 -0.007999 11.790194 0.117023 
414 0.030335 0.000000 -0.306809 93.445483 0.014073 10.438473 0.115898 
415 0.070438 0.000000 -0.109936 88.757826 0.071297 6.510423 0.207966 
416 0.030335 0.000000 -0.109936 88.267412 0.083360 8.806096 0.213131 
417 0.070438 0.000000 -0.149310 90.240052 0.080953 8.376397 0.178656 
418 0.090490 0.000000 -0.050874 79.725860 -0.177276 -5.700493 0.361126 
419 0.070438 0.000000 -0.050874 81.779370 -0.065931 1.146740 0.331082 
420 0.090490 0.000000 -0.070561 86.059473 -0.045477 -0.542969 0.259347 
421 0.150645 0.000000 0.047563 130.784135 0.709216 13.222554 -0.727983 
422 0.150645 0.000000 0.086937 130.766665 0.701117 12.779016 -0.726372 
423 0.130593 0.000000 -0.011499 96.304583 -0.327662 -32.947988 -0.036025 
424 0.150645 0.000000 -0.011499 111.317939 -0.308324 1.123677 -0.239304 
425 0.130593 0.000000 0.008188 17.729420 -7.134084 -3.042498 0.962552 
426 0.120568 0.000000 -0.041030 80.465980 -0.350376 -42.958571 0.167966 
427 0.110542 0.000000 -0.041030 69.951982 -0.368264 -46.364002 0.295696 
428 0.120568 0.000000 -0.050874 86.170137 -0.342840 -35.623352 0.130557 
429 0.130593 0.000000 -0.041030 91.359172 -0.335573 -31.968936 0.063138 
430 0.120568 0.000000 -0.031187 75.115098 -0.360688 -40.817743 0.269150 
431 0.170697 0.000000 -0.050874 102.429311 -0.292896 28.866050 -0.132510 
432 0.170697 0.000000 -0.070561 99.831995 -0.288467 36.444905 -0.129474 
433 0.190749 0.000000 -0.050874 83.476051 -0.292730 48.746932 0.065540 
434 0.170697 0.000000 -0.031187 89.672521 -0.294787 39.324659 0.041232 
435 2.035511 0.000000 -0.306809 99.630288 -0.011065 4.264902 0.005562 
436 2.035511 0.000000 -0.621806 99.361370 -0.002115 7.299992 0.007403 
437 2.356339 0.000000 -0.306809 99.758264 -0.011361 4.723766 0.002597 
438 2.035511 0.000000 0.008188 100.149199 0.107293 -2.961822 -0.003865 
439 5.564621 0.000000 -15.111679 99.314108 0.000009 11.589721 0.000239 
440 5.564621 0.000000 -20.151635 99.317825 0.000002 11.599103 0.000143 
441 10.697873 0.000000 -15.111679 99.318181 0.000010 11.586610 0.000165 
442 15.831124 0.000000 -15.111679 99.321264 0.000008 11.586489 0.000104 
443 15.831124 0.000000 -20.151635 99.321152 0.000004 11.596392 0.000083 
444 20.964375 0.000000 -15.111679 99.323082 0.000006 11.587555 0.000065 
445 -14.968384 0.000000 -15.111679 99.319476 -0.000012 11.610298 0.000084 
446 -20.101635 0.000000 -15.111679 99.321223 -0.000010 11.610585 0.000049 
447 -14.968384 0.000000 -20.151635 99.320253 -0.000008 11.609344 0.000071 
448 2.997996 0.000000 -7.551746 99.285937 -0.002954 11.531206 0.000933 
449 2.997996 0.000000 -10.071724 99.300037 0.000030 11.568564 0.000567 
450 5.564621 0.000000 -7.551746 99.301769 -0.001901 11.518758 0.000648 
451 8.131247 0.000000 -7.551746 99.313675 0.000062 11.519097 0.000410 
452 8.131247 0.000000 -10.071724 99.313224 0.000033 11.557965 0.000330 
453 10.697873 0.000000 -7.551746 99.320831 0.000045 11.523255 0.000259 
454 -7.268507 0.000000 -7.551746 99.306160 -0.000034 11.613120 0.000342 
455 -9.835133 0.000000 -7.551746 99.313211 -0.000031 11.614380 0.000199 
456 -7.268507 0.000000 -10.071724 99.309383 -0.000024 11.609349 0.000287 
457 1.714683 0.000000 -3.771779 99.185371 0.002542 11.310929 0.003433 
458 1.714683 0.000000 -5.031768 99.230903 -0.000328 11.448993 0.002215 
459 2.997996 0.000000 -3.771779 99.237536 0.000602 11.266252 0.002498 
460 4.281308 0.000000 -3.771779 99.282434 -0.006203 11.262755 0.001615 
461 4.281308 0.000000 -5.031768 99.281869 -0.000180 11.408584 0.001295 
462 5.564621 0.000000 -3.771779 99.310752 -0.004379 11.278286 0.001017 
463 -3.418569 0.000000 -3.771779 99.252317 -0.000240 11.622833 0.001389 
464 -4.701881 0.000000 -3.771779 99.280491 -0.000215 11.628660 0.000816 
465 -3.418569 0.000000 -5.031768 99.265826 -0.000183 11.608273 0.001154 
466 1.073026 0.000000 -1.881795 98.837474 -0.003364 10.621966 0.011833 
467 1.073026 0.000000 -2.511790 99.001058 0.002401 11.039775 0.007691 
468 1.714683 0.000000 -1.881795 99.001719 0.001958 10.461544 0.008922 
469 2.356339 0.000000 -1.881795 99.172584 0.002257 10.462639 0.005533 
470 2.356339 0.000000 -2.511790 99.177058 0.007442 10.905714 0.004498 
471 2.997996 0.000000 -1.881795 99.269764 0.006166 10.502942 0.003520 
472 -1.493599 0.000000 -1.881795 99.046543 -0.002027 11.637333 0.005435 
473 -2.135256 0.000000 -1.881795 99.143962 0.003629 11.680711 0.003404 
474 -1.493599 0.000000 -2.511790 99.090726 0.004546 11.597984 0.004651 
475 0.752198 0.000000 -0.936804 97.746126 0.049680 8.852162 0.036733 
476 0.752198 0.000000 -1.251801 98.343896 0.018296 9.904907 0.023037 
477 1.073026 0.000000 -0.936804 98.278272 0.005901 8.551808 0.026825 
478 1.393855 0.000000 -0.936804 98.785567 0.012871 8.571069 0.016795 
479 1.393855 0.000000 -1.251801 98.788011 0.004984 9.515956 0.015038 
480 1.714683 0.000000 -0.936804 99.032052 0.003868 8.594650 0.011878 
481 -0.531115 0.000000 -0.936804 98.013018 0.017249 11.804481 0.025410 
482 -0.851943 0.000000 -0.936804 98.640509 0.008262 11.782181 0.013123 
483 -0.531115 0.000000 -1.251801 98.507604 0.010811 11.484921 0.016435 
484 0.591784 0.000000 -0.464308 95.613863 0.004740 5.638365 0.082620 
485 0.591784 0.000000 -0.621806 96.528557 0.036185 7.383570 0.062772 
486 0.752198 0.000000 -0.464308 96.760511 0.022787 5.212967 0.061023 
487 0.912612 0.000000 -0.464308 97.638962 0.028891 5.125222 0.044036 
488 0.912612 0.000000 -0.621806 97.873544 0.012429 6.861897 0.037368 
489 1.073026 0.000000 -0.464308 98.279415 0.003168 5.256362 0.031353 
490 0.351163 0.000000 -0.228060 91.734649 0.080844 4.646887 0.156315 
491 0.351163 0.000000 -0.306809 93.022798 0.083344 5.907415 0.131185 
492 0.431370 0.000000 -0.228060 92.498299 0.103612 3.387339 0.143258 
493 2.035511 0.000000 -0.936804 99.208428 -0.000411 8.695844 0.008207 
494 2.035511 0.000000 -1.251801 99.134238 -0.000612 9.534746 0.008149 
495 2.356339 0.000000 -0.936804 99.309291 0.001863 8.777582 0.006062 
496 2.035511 0.000000 0.323185 100.103440 0.008974 2.938932 -0.002934 
497 2.356339 0.000000 0.323185 100.162750 0.006835 2.800009 -0.004042 
498 2.035511 0.000000 0.638183 99.983896 0.008611 6.201868 -0.003524 
499 0.391266 0.000000 -0.031187 87.098236 0.185952 1.148178 0.241254 
500 0.391266 0.000000 -0.070561 88.338004 0.169301 0.298793 0.219628 
501 0.391266 0.000000 0.008188 93.978651 0.262001 -4.248956 0.114989 
502 -0.370701 0.000000 -0.464308 97.342555 0.023429 12.249433 0.037438 
503 -0.531115 0.000000 -0.464308 97.823951 0.012285 12.501535 0.027419 
504 -0.370701 0.000000 -0.621806 97.397213 0.012808 12.002924 0.036971 
505 -0.130079 0.000000 -0.228060 94.440250 0.036436 12.756794 0.091830 
506 -0.210286 0.000000 -0.228060 95.319282 0.006967 13.438725 0.073364 
507 -0.130079 0.000000 -0.306809 94.834856 0.017248 12.226914 0.085685 
508 0.230852 0.000000 -0.109936 89.076959 0.076973 7.383356 0.201078 
509 0.230852 0.000000 -0.149310 90.205335 0.085032 6.685760 0.181829 
510 0.270956 0.000000 -0.109936 88.570436 0.091394 5.489962 0.212513 
511 0.391266 0.000000 0.047563 114.869554 0.298250 -20.786358 -0.362718 
512 0.391266 0.000000 0.086937 118.917520 0.224272 -20.546866 -0.456360 
513 0.210801 0.000000 -0.050874 81.653502 -0.149662 17.732931 0.301823 
514 0.210801 0.000000 -0.070561 87.049134 -0.032518 12.706304 0.226100 
515 0.230852 0.000000 -0.050874 82.198238 0.036053 2.694702 0.323619 
516 -0.009769 0.000000 -0.109936 88.749802 0.089177 11.250981 0.199688 
517 -0.049872 0.000000 -0.109936 90.131899 0.081850 13.276076 0.169998 
518 -0.009769 0.000000 -0.149310 90.551194 0.082567 11.289038 0.167303 
519 0.170697 0.000000 -0.011499 81.773389 -0.301850 47.451997 0.106133 
520 0.170697 0.000000 0.008188 130.444877 0.679554 4.564054 -0.703716 
521 0.050386 0.000000 -0.011499 82.476396 0.589218 -1.894499 0.319371 
522 0.050386 0.000000 -0.031187 82.965565 0.457554 0.946306 0.311561 
523 0.090490 0.000000 0.027875 128.508964 0.788354 32.828095 -0.759286 
524 0.110542 0.000000 0.027875 130.154840 0.780420 24.650077 -0.754852 
525 0.090490 0.000000 0.047563 127.749948 0.844736 33.923270 -0.747155 
526 -0.089976 0.000000 -0.109936 91.841950 0.085126 14.320321 0.135998 
527 -0.130079 0.000000 -0.109936 93.465495 -0.027283 14.661803 0.104923 
528 -0.089976 0.000000 -0.149310 92.558227 0.079199 13.441885 0.125228 
529 -0.089976 0.000000 0.047563 95.714107 0.086277 22.056385 0.035232 
530 -0.130079 0.000000 0.047563 96.645494 -0.007982 19.366712 0.028458 
531 -0.089976 0.000000 0.086937 98.861870 0.083788 21.780302 -0.024806 
532 -0.029821 0.000000 0.027875 88.509572 0.147604 32.014972 0.114108 
533 -0.049872 0.000000 0.027875 90.882836 0.119710 26.652229 0.102995 
534 -0.029821 0.000000 0.047563 94.776787 0.135311 31.645766 0.001589 
535 0.130593 0.000000 0.027875 131.090420 0.739700 20.286112 -0.759677 
536 0.150645 0.000000 0.027875 130.945012 0.721521 16.690952 -0.742570 
537 0.130593 0.000000 0.047563 131.001874 0.760479 18.466681 -0.750309 
538 0.170697 0.000000 0.027875 130.428010 0.577890 4.582339 -0.703280 
539 0.190749 0.000000 0.027875 130.427887 0.577147 4.582472 -0.703277 
540 0.170697 0.000000 0.047563 130.702674 0.685165 11.210059 -0.720932 
541 0.511577 0.000000 -0.228060 93.424235 0.086836 2.218090 0.126698 
542 0.511577 0.000000 -0.306809 94.257891 0.056191 3.957441 0.109979 
543 0.591784 0.000000 -0.228060 94.391184 0.050485 1.175487 0.108892 
544 0.671991 0.000000 -0.228060 95.433674 0.048797 0.649596 0.089199 
545 0.671991 0.000000 -0.306809 95.623692 0.053410 2.640854 0.084913 
546 0.752198 0.000000 -0.228060 96.239609 0.042556 0.163780 0.073791 
547 0.311059 0.000000 -0.109936 88.767235 0.103592 3.917885 0.210502 
548 0.311059 0.000000 -0.149310 89.929385 0.103397 4.323677 0.189400 
549 0.351163 0.000000 -0.109936 89.124744 0.174427 2.572108 0.205013 
550 0.391266 0.000000 -0.109936 89.530123 0.153125 1.418132 0.198232 
551 0.391266 0.000000 -0.149310 90.419968 0.128134 2.196539 0.181939 
552 0.431370 0.000000 -0.109936 89.856018 0.117005 0.170788 0.192585 
553 0.210801 0.000000 0.027875 114.058572 0.341344 0.034521 -0.300948 
554 0.230852 0.000000 0.027875 104.222751 0.207781 -2.297412 -0.086770 
555 0.210801 0.000000 0.047563 128.955990 0.497964 -1.226599 -0.663140 
556 0.050386 0.000000 -0.050874 83.433979 0.020255 4.110105 0.302188 
557 0.030335 0.000000 -0.050874 83.620407 0.077232 5.550648 0.297681 
558 0.050386 0.000000 -0.070561 85.345854 0.046260 5.217842 0.268886 
559 0.010283 0.000000 -0.050874 82.827985 0.105834 7.702569 0.308018 
560 -0.009769 0.000000 -0.050874 82.981007 0.111217 11.076185 0.299146 
561 0.010283 0.000000 -0.070561 85.240090 0.095125 8.957870 0.265387 
562 0.471473 0.000000 -0.109936 90.453527 0.078297 -0.859362 0.181741 
563 0.471473 0.000000 -0.149310 91.452033 0.106086 0.583244 0.163617 
564 0.511577 0.000000 -0.109936 91.197205 0.104403 -1.869112 0.167957 
565 0.551681 0.000000 -0.109936 92.123201 0.085590 -2.714223 0.150594 
566 0.551681 0.000000 -0.149310 92.865253 0.084494 -0.980054 0.137508 
567 0.591784 0.000000 -0.109936 93.221592 0.072293 -3.308279 0.129878 
568 0.631888 0.000000 -0.109936 94.257859 0.048642 -3.928909 0.110002 
569 0.631888 0.000000 -0.149310 94.484710 0.042589 -2.052979 0.106842 
570 0.671991 0.000000 -0.109936 95.208330 0.037194 -4.093119 0.091862 
571 -0.029821 0.000000 -0.050874 84.788780 0.106809 14.070358 0.261288 
572 -0.049872 0.000000 -0.050874 87.165898 0.101070 15.803648 0.215234 
573 -0.029821 0.000000 -0.070561 86.780497 0.098034 13.145231 0.229634 
1 19 21 3 22 
2 20 19 22 9 
3 28 20 9 30 
4 29 28 30 4 
5 35 37 19 38 
6 36 35 38 20 
7 44 36 20 46 
8 45 44 46 28 
9 51 53 35 54 
10 52 51 54 36 
11 60 52 36 62 
12 61 60 62 44 
13 67 69 51 70 
14 68 67 70 52 
15 76 68 52 78 
16 77 76 78 60 
17 83 85 67 86 
18 84 83 86 68 
19 92 84 68 94 
20 93 92 94 76 
21 99 101 83 102 
22 100 99 102 84 
23 108 100 84 110 
24 109 108 110 92 
25 115 117 99 118 
26 116 115 118 100 
27 10 125 124 26 
28 125 13 126 124 
29 124 126 8 127 
30 26 124 127 14 
31 23 129 128 42 
32 129 26 130 128 
33 128 130 14 131 
34 42 128 131 27 
35 39 133 132 58 
36 133 42 134 132 
37 132 134 27 135 
38 58 132 135 43 
39 137 58 138 136 
40 136 138 43 139 
41 71 141 140 90 
42 141 74 142 140 
43 140 142 59 143 
44 90 140 143 75 
45 87 145 144 106 
46 145 90 146 144 
47 144 146 75 147 
48 106 144 147 91 
49 149 106 150 148 
50 148 150 91 151 
51 152 116 100 154 
52 153 152 154 108 
53 155 157 115 158 
54 156 155 158 116 
55 119 161 159 160 
56 161 122 162 159 
57 14 127 164 37 
58 127 8 165 164 
59 164 165 21 166 
60 37 164 166 19 
61 27 131 167 53 
62 131 14 168 167 
63 167 168 37 169 
64 53 167 169 35 
65 43 135 170 69 
66 135 27 171 170 
67 170 171 53 172 
68 69 170 172 51 
69 139 43 174 173 
70 173 174 69 175 
71 85 173 175 67 
72 75 143 176 101 
73 143 59 177 176 
74 176 177 85 178 
75 101 176 178 83 
76 91 147 179 117 
77 147 75 180 179 
78 179 180 101 181 
79 117 179 181 99 
80 151 91 183 182 
81 182 183 117 184 
82 157 182 184 115 
83 122 186 185 162 
84 186 148 187 185 
85 185 187 151 188 
86 162 185 188 107 
87 189 191 157 192 
88 190 189 192 155 
89 159 195 193 194 
90 195 162 196 193 
91 193 196 107 197 
92 120 204 202 203 
93 204 119 160 202 
94 202 160 123 205 
95 203 202 205 5 
96 160 208 206 207 
97 208 159 194 206 
98 206 194 163 209 
99 207 206 209 123 
100 107 188 210 191 
101 188 151 211 210 
102 210 211 182 212 
103 191 210 212 157 
104 163 197 213 214 
105 197 107 215 213 
106 213 215 191 216 
107 214 213 216 189 
108 194 219 217 218 
109 219 193 220 217 
110 217 220 197 221 
111 218 217 221 163 
112 16 224 222 223 
113 224 15 32 222 
114 222 32 18 225 
115 223 222 225 6 
116 32 228 226 227 
117 228 31 48 226 
118 226 48 34 229 
119 227 226 229 18 
120 48 232 230 231 
121 232 47 64 230 
122 230 64 50 233 
123 231 230 233 34 
124 64 236 234 235 
125 236 63 80 234 
126 234 80 66 237 
127 235 234 237 50 
128 80 240 238 239 
129 239 238 241 66 
130 250 156 116 252 
131 251 250 252 152 
132 199 255 253 254 
133 255 198 256 253 
134 253 256 201 257 
135 254 253 257 114 
136 6 225 258 259 
137 225 18 45 258 
138 258 45 28 260 
139 259 258 260 29 
140 18 229 261 262 
141 229 34 61 261 
142 261 61 44 263 
143 262 261 263 45 
144 34 233 264 265 
145 233 50 77 264 
146 264 77 60 266 
147 265 264 266 61 
148 50 237 267 268 
149 237 66 93 267 
150 267 93 76 269 
151 268 267 269 77 
152 66 241 270 271 
153 270 109 92 272 
154 271 270 272 93 
155 273 153 108 275 
156 274 273 275 109 
157 276 251 152 278 
158 277 276 278 153 
159 281 199 254 279 
160 279 254 114 282 
161 282 114 293 291 
162 291 293 251 294 
163 292 291 294 276 
164 280 297 295 296 
165 297 279 298 295 
166 295 298 282 299 
167 296 295 299 249 
168 300 277 153 302 
169 301 300 302 273 
170 307 309 277 310 
171 308 307 310 300 
172 303 313 311 312 
173 313 288 314 311 
174 311 314 98 315 
175 312 311 315 306 
176 238 318 316 317 
177 318 96 243 316 
178 316 243 82 319 
179 317 316 319 241 
180 243 322 320 321 
181 321 320 323 82 
182 241 319 328 329 
183 319 82 274 328 
184 328 274 109 330 
185 329 328 330 270 
186 82 323 331 332 
187 331 301 273 333 
188 332 331 333 274 
189 334 308 300 336 
190 335 334 336 301 
191 324 339 337 338 
192 339 304 340 337 
193 337 340 286 341 
194 320 344 342 343 
195 344 284 325 342 
196 342 325 245 345 
197 343 342 345 323 
198 325 348 346 347 
199 348 324 338 346 
200 346 338 327 349 
201 347 346 349 245 
202 327 341 350 351 
203 341 286 352 350 
204 350 352 308 353 
205 351 350 353 334 
206 338 356 354 355 
207 356 337 357 354 
208 354 357 341 358 
209 355 354 358 327 
210 286 360 359 352 
211 360 306 361 359 
212 359 361 307 362 
213 352 359 362 308 
214 114 257 363 293 
215 257 201 364 363 
216 363 364 250 365 
217 293 363 365 251 
218 5 205 366 367 
219 205 123 190 366 
220 366 190 155 368 
221 367 366 368 156 
222 123 209 369 370 
223 209 163 214 369 
224 369 214 189 371 
225 370 369 371 190 
226 17 374 372 373 
227 374 7 375 372 
228 372 375 11 33 
229 373 372 33 15 
230 33 378 376 377 
231 378 11 379 376 
232 376 379 24 49 
233 377 376 49 31 
234 49 382 380 381 
235 382 24 383 380 
236 380 383 40 65 
237 381 380 65 47 
238 65 386 384 385 
239 386 40 387 384 
240 384 387 56 81 
241 385 384 81 63 
242 81 390 388 389 
243 390 56 391 388 
244 388 391 72 97 
245 389 388 97 79 
246 97 394 392 393 
247 394 72 395 392 
248 392 395 88 113 
249 393 392 113 95 
250 95 398 396 397 
251 398 113 399 396 
252 396 399 111 248 
253 397 396 248 112 
254 112 402 400 401 
255 402 248 403 400 
256 400 403 246 289 
257 401 400 289 247 
258 247 406 404 405 
259 406 289 407 404 
260 404 407 287 408 
261 79 411 409 410 
262 411 97 393 409 
263 409 393 95 244 
264 410 409 244 96 
265 244 414 412 413 
266 414 95 397 412 
267 412 397 112 285 
268 413 412 285 242 
269 285 417 415 416 
270 417 112 401 415 
271 415 401 247 305 
272 416 415 305 283 
273 305 420 418 419 
274 420 247 405 418 
275 418 405 288 313 
276 419 418 313 303 
277 421 292 276 422 
278 309 421 422 277 
279 288 408 423 314 
280 408 287 424 423 
281 423 424 290 425 
282 314 423 425 98 
283 405 428 426 427 
284 428 404 429 426 
285 426 429 408 430 
286 427 426 430 288 
287 289 432 431 407 
288 432 246 433 431 
289 431 433 280 434 
290 407 431 434 287 
291 74 436 435 142 
292 436 136 437 435 
293 435 437 139 438 
294 142 435 438 59 
295 7 440 439 375 
296 440 12 441 439 
297 439 441 10 25 
298 375 439 25 11 
299 12 443 442 441 
300 443 2 444 442 
301 442 444 13 125 
302 441 442 125 10 
303 1 447 445 446 
304 447 17 373 445 
305 445 373 15 224 
306 446 445 224 16 
307 11 449 448 379 
308 449 25 450 448 
309 448 450 23 41 
310 379 448 41 24 
311 25 452 451 450 
312 452 10 453 451 
313 451 453 26 129 
314 450 451 129 23 
315 15 456 454 455 
316 456 33 377 454 
317 454 377 31 228 
318 455 454 228 32 
319 24 458 457 383 
320 458 41 459 457 
321 457 459 39 57 
322 383 457 57 40 
323 41 461 460 459 
324 461 23 462 460 
325 460 462 42 133 
326 459 460 133 39 
327 31 465 463 464 
328 465 49 381 463 
329 463 381 47 232 
330 464 463 232 48 
331 40 467 466 387 
332 467 57 468 466 
333 466 468 55 73 
334 387 466 73 56 
335 57 470 469 468 
336 470 39 471 469 
337 469 471 58 137 
338 468 469 137 55 
339 47 474 472 473 
340 474 65 385 472 
341 472 385 63 236 
342 473 472 236 64 
343 56 476 475 391 
344 476 73 477 475 
345 475 477 71 89 
346 391 475 89 72 
347 73 479 478 477 
348 479 55 480 478 
349 478 480 74 141 
350 477 478 141 71 
351 63 483 481 482 
352 483 81 389 481 
353 481 389 79 240 
354 482 481 240 80 
355 72 485 484 395 
356 485 89 486 484 
357 484 486 87 105 
358 395 484 105 88 
359 89 488 487 486 
360 488 71 489 487 
361 487 489 90 145 
362 486 487 145 87 
363 113 491 490 399 
364 491 88 492 490 
365 490 492 104 200 
366 399 490 200 111 
367 55 494 493 480 
368 494 137 495 493 
369 493 495 136 436 
370 480 493 436 74 
371 59 438 496 177 
372 438 139 497 496 
373 496 497 173 498 
374 177 496 498 85 
375 198 500 499 256 
376 500 120 203 499 
377 499 203 5 501 
378 256 499 501 201 
379 240 504 502 503 
380 504 79 410 502 
381 502 410 96 318 
382 503 502 318 238 
383 96 507 505 506 
384 507 244 413 505 
385 505 413 242 322 
386 506 505 322 243 
387 248 509 508 403 
388 509 111 510 508 
389 508 510 199 281 
390 403 508 281 246 
391 201 501 511 364 
392 501 5 367 511 
393 511 367 156 512 
394 364 511 512 250 
395 246 514 513 433 
396 514 281 515 513 
397 513 515 279 297 
398 433 513 297 280 
399 242 518 516 517 
400 518 285 416 516 
401 516 416 283 326 
402 517 516 326 284 
403 287 434 519 424 
404 434 280 296 519 
405 519 296 249 520 
406 424 519 520 290 
407 304 522 521 340 
408 522 303 312 521 
409 521 312 306 360 
410 340 521 360 286 
411 306 315 523 361 
412 315 98 524 523 
413 523 524 309 525 
414 361 523 525 307 
415 322 528 526 527 
416 528 242 517 526 
417 526 517 284 344 
418 527 526 344 320 
419 323 345 529 530 
420 345 245 335 529 
421 529 335 301 531 
422 530 529 531 331 
423 245 349 532 533 
424 349 327 351 532 
425 532 351 334 534 
426 533 532 534 335 
427 98 425 535 524 
428 425 290 536 535 
429 535 536 421 537 
430 524 535 537 309 
431 290 520 538 536 
432 520 249 539 538 
433 538 539 292 540 
434 536 538 540 421 
435 88 542 541 492 
436 542 105 543 541 
437 541 543 103 121 
438 492 541 121 104 
439 105 545 544 543 
440 545 87 546 544 
441 544 546 106 149 
442 543 544 149 103 
443 111 548 547 510 
444 548 200 549 547 
445 547 549 198 255 
446 510 547 255 199 
447 200 551 550 549 
448 551 104 552 550 
449 550 552 120 500 
450 549 550 500 198 
451 249 299 553 539 
452 299 282 554 553 
453 553 554 291 555 
454 539 553 555 292 
455 283 558 556 557 
456 558 305 419 556 
457 556 419 303 522 
458 557 556 522 304 
459 326 561 559 560 
460 561 283 557 559 
461 559 557 304 339 
462 560 559 339 324 
463 104 563 562 552 
464 563 121 564 562 
465 562 564 119 204 
466 552 562 204 120 
467 121 566 565 564 
468 566 103 567 565 
469 565 567 122 161 
470 564 565 161 119 
471 103 569 568 567 
472 569 149 570 568 
473 568 570 148 186 
474 567 568 186 122 
475 284 573 571 572 
476 573 326 560 571 
477 571 560 324 348 
478 572 571 348 325 
