2 0.000000 100.000000 5791.461216
573 478 
1 -20.101635 0.000000 -20.151635 99.900527 -0.000009 -4.473843 -0.000013 
2 20.964375 0.000000 -20.151635 99.900670 0.000009 -4.469639 -0.000012 
3 20.964375 0.000000 20.168012 99.899353 0.000009 -4.470279 0.000014 
4 -20.101635 0.000000 20.168012 99.899265 -0.000004 -4.473833 0.000012 
5 0.431370 0.000000 0.008188 97.121412 0.418392 -5.148095 0.054075 
6 -20.101635 0.000000 0.008188 99.899865 -0.000018 -4.474603 -0.000001 
7 0.431370 0.000000 -20.151635 99.901824 -0.000001 -4.471864 -0.000037 
8 20.964375 0.000000 0.008188 99.875194 -0.000767 -5.021955 -0.000027 
9 0.431370 0.000000 20.168012 99.898133 0.000010 -4.472000 0.000036 
10 10.697873 0.000000 -10.071724 99.902953 0.000050 -4.458515 -0.000048 
11 0.431370 0.000000 -10.071724 99.907477 0.000020 -4.466903 -0.000146 
12 10.697873 0.000000 -20.151635 99.901324 0.000009 -4.470249 -0.000026 
13 20.964375 0.000000 -10.071724 99.901173 0.000033 -4.457247 -0.000011 
14 10.697873 0.000000 0.008188 99.823099 0.002988 -6.171728 -0.000274 
15 -9.835133 0.000000 -10.071724 99.902385 -0.000028 -4.474315 -0.000051 
16 -20.101635 0.000000 -10.071724 99.900507 -0.000015 -4.474265 -0.000013 
17 -9.835133 0.000000 -20.151635 99.901224 -0.000009 -4.473395 -0.000027 
18 -9.835133 0.000000 0.008188 99.899609 -0.000058 -4.477199 0.000002 
19 10.697873 0.000000 10.088100 99.897726 0.000036 -4.460691 0.000055 
20 0.431370 0.000000 10.088100 99.893184 0.000058 -4.467329 0.000139 
21 20.964375 0.000000 10.088100 99.899696 0.000005 -4.461486 0.000015 
22 10.697873 0.000000 20.168012 99.898672 0.000014 -4.470625 0.000027 
23 5.564621 0.000000 -5.031768 99.911100 0.000289 -4.426659 -0.000182 
24 0.431370 0.000000 -5.031768 99.927099 -0.000047 -4.453002 -0.000525 
25 5.564621 0.000000 -10.071724 99.905537 0.000053 -4.460767 -0.000101 
26 10.697873 0.000000 -5.031768 99.904167 0.000172 -4.424901 -0.000042 
27 5.564621 0.000000 0.008188 99.752960 0.007697 -7.659192 -0.000932 
28 -9.835133 0.000000 10.088100 99.897455 -0.000011 -4.474162 0.000048 
29 -20.101635 0.000000 10.088100 99.899261 -0.000011 -4.474237 0.000012 
30 -9.835133 0.000000 20.168012 99.898629 -0.000000 -4.473397 0.000025 
31 -4.701881 0.000000 -5.031768 99.909166 -0.000917 -4.477100 -0.000189 
32 -9.835133 0.000000 -5.031768 99.902191 -0.000050 -4.475994 -0.000048 
33 -4.701881 0.000000 -10.071724 99.905101 -0.000022 -4.472683 -0.000103 
34 -4.701881 0.000000 0.008188 99.897156 -0.000210 -4.487038 0.000042 
35 5.564621 0.000000 5.048144 99.890858 0.000210 -4.431494 0.000218 
36 0.431370 0.000000 5.048144 99.877019 0.000634 -4.453990 0.000474 
37 10.697873 0.000000 5.048144 99.898671 -0.000019 -4.433181 0.000060 
38 5.564621 0.000000 10.088100 99.895114 0.000064 -4.462139 0.000106 
39 2.997996 0.000000 -2.511790 99.927516 0.001337 -4.410888 -0.000496 
40 0.431370 0.000000 -2.511790 99.971003 0.006764 -4.444043 -0.001395 
41 2.997996 0.000000 -5.031768 99.919921 -0.001557 -4.434176 -0.000365 
42 5.564621 0.000000 -2.511790 99.908967 0.000331 -4.422532 -0.000136 
43 2.997996 0.000000 0.008188 99.675928 0.012005 -8.896486 -0.001444 
44 -4.701881 0.000000 5.048144 99.890542 0.000971 -4.475606 0.000185 
45 -9.835133 0.000000 5.048144 99.897379 -0.000032 -4.475703 0.000048 
46 -4.701881 0.000000 10.088100 99.895050 0.000011 -4.472489 0.000098 
47 -2.135256 0.000000 -2.511790 99.936335 0.001716 -4.499562 -0.000752 
48 -4.701881 0.000000 -2.511790 99.907464 -0.000194 -4.483425 -0.000160 
49 -2.135256 0.000000 -5.031768 99.919132 -0.000067 -4.471824 -0.000383 
50 -2.135256 0.000000 0.008188 99.876102 0.000611 -4.516293 0.000437 
51 2.997996 0.000000 2.528166 99.869181 0.000530 -4.409318 0.000670 
52 0.431370 0.000000 2.528166 99.852013 -0.002644 -4.446091 0.000981 
53 5.564621 0.000000 2.528166 99.891570 0.002623 -4.403994 0.000228 
54 2.997996 0.000000 5.048144 99.882605 -0.000297 -4.437995 0.000377 
55 1.714683 0.000000 -1.251801 99.957392 -0.001806 -4.620112 -0.001283 
56 0.431370 0.000000 -1.251801 100.125834 0.014185 -4.519312 -0.004561 
57 1.714683 0.000000 -2.511790 99.976488 0.002610 -4.397563 -0.001464 
58 2.997996 0.000000 -1.251801 99.909815 0.000086 -4.735339 -0.000439 
59 1.714683 0.000000 0.008188 99.444220 0.040888 -9.978440 0.001128 
60 -2.135256 0.000000 2.528166 99.861019 -0.001363 -4.486900 0.000764 
61 -4.701881 0.000000 2.528166 99.889835 -0.000102 -4.480868 0.000194 
62 -2.135256 0.000000 5.048144 99.882393 0.000104 -4.469556 0.000353 
63 -0.851943 0.000000 -1.251801 100.007653 0.003113 -4.606008 -0.002275 
64 -2.135256 0.000000 -1.251801 99.926231 0.000429 -4.533525 -0.000580 
65 -0.851943 0.000000 -2.511790 99.978277 0.001578 -4.492339 -0.001584 
66 -0.851943 0.000000 0.008188 99.683299 -0.000302 -4.507953 0.004292 
67 1.714683 0.000000 1.268177 99.784712 0.010988 -4.607397 0.002178 
68 0.431370 0.000000 1.268177 100.011044 0.008487 -4.580939 -0.002319 
69 2.997996 0.000000 1.268177 99.843404 0.000313 -4.582262 0.001030 
70 1.714683 0.000000 2.528166 99.828728 0.000587 -4.409947 0.001478 
71 1.073026 0.000000 -0.621806 99.840011 0.025028 -5.262005 0.000428 
72 0.431370 0.000000 -0.621806 100.013962 0.032492 -4.566240 -0.002364 
73 1.073026 0.000000 -1.251801 100.045580 0.015561 -4.526994 -0.002961 
74 1.714683 0.000000 -0.621806 99.822148 -0.001995 -5.703199 0.000301 
75 1.073026 0.000000 0.008188 98.950091 0.089750 -11.386967 0.007921 
76 -0.851943 0.000000 1.268177 99.775749 0.001825 -4.506547 0.002449 
77 -2.135256 0.000000 1.268177 99.851361 0.000887 -4.512178 0.000935 
78 -0.851943 0.000000 2.528166 99.832055 0.003893 -4.473758 0.001355 
79 -0.210286 0.000000 -0.621806 100.097596 0.033780 -4.889510 -0.004344 
80 -0.851943 0.000000 -0.621806 99.802320 0.011138 -4.557696 0.001872 
81 -0.210286 0.000000 -1.251801 100.210605 0.005256 -4.626387 -0.006357 
82 -0.210286 0.000000 0.008188 97.519188 -0.002243 -5.908590 0.045510 
83 1.073026 0.000000 0.638183 99.733621 0.009973 -5.485739 0.002311 
84 0.431370 0.000000 0.638183 100.818335 0.020789 -5.217154 -0.019156 
85 1.714683 0.000000 0.638183 99.730692 0.010088 -5.341655 0.002526 
86 1.073026 0.000000 1.268177 99.752440 0.000993 -4.606360 0.002823 
87 0.752198 0.000000 -0.306809 98.633476 0.041944 -6.776806 0.022551 
88 0.431370 0.000000 -0.306809 99.293535 0.096827 -4.059007 0.012431 
89 0.752198 0.000000 -0.621806 99.655718 0.022272 -5.078077 0.004295 
90 1.073026 0.000000 -0.306809 99.318163 0.000649 -7.491412 0.007978 
91 0.752198 0.000000 0.008188 97.660542 0.110928 -12.812440 0.029825 
92 -0.210286 0.000000 0.638183 99.598526 0.013212 -4.261087 0.006198 
93 -0.851943 0.000000 0.638183 99.821519 -0.005390 -4.346234 0.001677 
94 -0.210286 0.000000 1.268177 99.838192 -0.006341 -4.469204 0.001236 
95 0.110542 0.000000 -0.306809 101.309691 0.031838 -4.571842 -0.028456 
96 -0.210286 0.000000 -0.306809 100.079144 -0.011671 -5.754727 -0.004895 
97 0.110542 0.000000 -0.621806 100.503030 0.032011 -4.735021 -0.012328 
98 0.110542 0.000000 0.008188 21.449220 -8.228412 -2.929803 0.946364 
99 0.752198 0.000000 0.323185 100.072492 0.032333 -7.967367 -0.007798 
100 0.431370 0.000000 0.323185 101.825114 0.086453 -6.815580 -0.041481 
101 1.073026 0.000000 0.323185 99.588217 0.033545 -7.042013 0.003260 
102 0.752198 0.000000 0.638183 100.084939 0.029636 -5.630613 -0.004870 
103 0.591784 0.000000 -0.149310 96.698122 0.079144 -7.436858 0.059416 
104 0.431370 0.000000 -0.149310 96.839865 0.105894 -3.779679 0.060774 
105 0.591784 0.000000 -0.306809 98.543087 0.066191 -5.611623 0.025777 
106 0.752198 0.000000 -0.149310 97.895535 0.039980 -9.426460 0.032760 
107 0.591784 0.000000 0.008188 74.704504 1.428217 -13.257548 0.424143 
108 0.110542 0.000000 0.323185 100.976080 0.064371 -2.394918 -0.020191 
109 -0.210286 0.000000 0.323185 98.953690 0.019824 -3.679804 0.019463 
110 0.110542 0.000000 0.638183 100.453852 0.015725 -4.251473 -0.010905 
111 0.270956 0.000000 -0.149310 99.505802 0.085079 -0.859370 0.009785 
112 0.110542 0.000000 -0.149310 104.298673 0.086055 -4.216134 -0.089600 
113 0.270956 0.000000 -0.306809 100.228967 0.057033 -3.622126 -0.005897 
114 0.270956 0.000000 0.008188 95.730569 0.094679 1.356384 0.083381 
115 0.591784 0.000000 0.165687 100.141333 0.114904 -11.600326 -0.016287 
116 0.431370 0.000000 0.165687 104.255792 0.182842 -11.167085 -0.099401 
117 0.752198 0.000000 0.165687 99.103002 0.081705 -9.739076 0.008374 
118 0.591784 0.000000 0.323185 100.739675 0.083144 -7.886340 -0.021068 
119 0.511577 0.000000 -0.070561 93.856964 0.114179 -6.742549 0.114540 
120 0.431370 0.000000 -0.070561 94.491284 0.142954 -3.818423 0.105680 
121 0.511577 0.000000 -0.149310 96.282646 0.122199 -6.026614 0.069332 
122 0.591784 0.000000 -0.070561 94.793562 0.082450 -9.480582 0.092429 
123 0.511577 0.000000 0.008188 95.764481 1.225536 -13.890128 0.063473 
124 15.831124 0.000000 -5.031768 99.902831 0.000143 -4.423188 -0.000014 
125 15.831124 0.000000 -10.071724 99.901697 0.000040 -4.457781 -0.000022 
126 20.964375 0.000000 -5.031768 99.902533 0.000139 -4.420904 -0.000006 
127 15.831124 0.000000 0.008188 99.856587 0.000470 -5.434433 -0.000087 
128 8.131247 0.000000 -2.511790 99.904010 0.000354 -4.434869 -0.000048 
129 8.131247 0.000000 -5.031768 99.906241 -0.000383 -4.425857 -0.000085 
130 10.697873 0.000000 -2.511790 99.901967 0.000169 -4.448886 -0.000020 
131 8.131247 0.000000 0.008188 99.795243 0.005067 -6.774988 -0.000499 
132 4.281308 0.000000 -1.251801 99.892242 -0.001026 -4.821491 -0.000171 
133 4.281308 0.000000 -2.511790 99.915669 0.000820 -4.416971 -0.000265 
134 5.564621 0.000000 -1.251801 99.882821 -0.002696 -4.902946 -0.000062 
135 4.281308 0.000000 0.008188 99.722213 0.009424 -8.230066 -0.001225 
136 2.356339 0.000000 -0.621806 99.819924 -0.010802 -5.962120 0.000044 
137 2.356339 0.000000 -1.251801 99.909785 0.001022 -4.715082 -0.000420 
138 2.997996 0.000000 -0.621806 99.823632 -0.013065 -6.160964 -0.000272 
139 2.356339 0.000000 0.008188 99.588652 0.018167 -9.323794 -0.000483 
140 1.393855 0.000000 -0.306809 99.500132 -0.000125 -7.900304 0.003731 
141 1.393855 0.000000 -0.621806 99.760618 0.005981 -5.613753 0.001630 
142 1.714683 0.000000 -0.306809 99.587146 -0.015632 -8.257182 0.001422 
143 1.393855 0.000000 0.008188 99.283733 0.062341 -10.602468 0.003032 
144 0.912612 0.000000 -0.149310 98.591867 0.014567 -10.210518 0.017539 
145 0.912612 0.000000 -0.306809 99.059356 0.030254 -7.266683 0.013444 
146 1.073026 0.000000 -0.149310 98.995014 -0.018087 -10.433384 0.009113 
147 0.912612 0.000000 0.008188 98.532775 0.123916 -12.227597 0.014176 
148 0.671991 0.000000 -0.070561 96.540855 0.048306 -11.308752 0.055197 
149 0.671991 0.000000 -0.149310 97.312658 0.048125 -8.750881 0.045367 
150 0.752198 0.000000 -0.070561 97.557190 0.010437 -11.741649 0.034473 
151 0.671991 0.000000 0.008188 96.678818 0.099998 -13.218401 0.047847 
152 0.270956 0.000000 0.165687 108.116524 0.136525 -5.471553 -0.171914 
153 0.110542 0.000000 0.165687 103.720969 0.140252 3.344481 -0.076924 
154 0.270956 0.000000 0.323185 102.641327 0.113118 -4.504005 -0.055554 
155 0.511577 0.000000 0.086937 101.693666 0.195289 -16.776179 -0.062308 
156 0.431370 0.000000 0.086937 109.295709 0.443428 -23.643464 -0.250476 
157 0.591784 0.000000 0.086937 98.441213 0.146079 -14.379346 0.010254 
158 0.511577 0.000000 0.165687 101.692839 0.141457 -11.465414 -0.047291 
159 0.551681 0.000000 -0.031187 92.125189 0.103175 -9.157401 0.142908 
160 0.511577 0.000000 -0.031187 91.852051 0.096271 -7.798122 0.150238 
161 0.551681 0.000000 -0.070561 94.083928 0.094094 -8.090152 0.108276 
162 0.591784 0.000000 -0.031187 93.242091 0.101925 -11.425453 0.117536 
163 0.551681 0.000000 0.008188 87.057642 2.353532 -18.696067 0.206588 
164 15.831124 0.000000 5.048144 99.900434 -0.000059 -4.436223 0.000022 
165 20.964375 0.000000 5.048144 99.900915 -0.000068 -4.438798 0.000010 
166 15.831124 0.000000 10.088100 99.899090 0.000016 -4.460929 0.000027 
167 8.131247 0.000000 2.528166 99.898228 -0.000301 -4.401944 0.000097 
168 10.697873 0.000000 2.528166 99.900747 -0.000429 -4.403461 0.000045 
169 8.131247 0.000000 5.048144 99.896173 0.000666 -4.432068 0.000111 
170 4.281308 0.000000 1.268177 99.872462 -0.000894 -4.573280 0.000458 
171 5.564621 0.000000 1.268177 99.886277 -0.000899 -4.564246 0.000190 
172 4.281308 0.000000 2.528166 99.882452 -0.000039 -4.403667 0.000410 
173 2.356339 0.000000 0.638183 99.789029 0.007685 -5.295771 0.001410 
174 2.997996 0.000000 0.638183 99.821783 0.002332 -5.251214 0.000804 
175 2.356339 0.000000 1.268177 99.833323 0.003237 -4.620870 0.001196 
176 1.393855 0.000000 0.323185 99.619511 0.017647 -6.731521 0.003064 
177 1.714683 0.000000 0.323185 99.662938 0.014190 -6.501614 0.002503 
178 1.393855 0.000000 0.638183 99.751396 0.018690 -5.469259 0.001975 
179 0.912612 0.000000 0.165687 99.246619 0.071226 -9.304209 0.006354 
180 1.073026 0.000000 0.165687 99.335584 0.044618 -8.564438 0.005909 
181 0.912612 0.000000 0.323185 99.753230 0.039274 -7.543205 -0.000761 
182 0.671991 0.000000 0.086937 98.115672 0.108025 -12.236928 0.022356 
183 0.752198 0.000000 0.086937 98.396108 0.103600 -11.143795 0.019401 
184 0.671991 0.000000 0.165687 99.324117 0.099978 -10.597413 0.002240 
185 0.631888 0.000000 -0.031187 95.271544 0.083253 -12.319051 0.077157 
186 0.631888 0.000000 -0.070561 95.739155 0.054655 -10.687031 0.071980 
187 0.671991 0.000000 -0.031187 96.440753 0.075225 -12.301518 0.054785 
188 0.631888 0.000000 0.008188 95.598098 0.107829 -13.511316 0.067844 
189 0.551681 0.000000 0.047563 98.200038 0.230405 -18.742004 0.000544 
190 0.511577 0.000000 0.047563 102.764369 1.045545 -28.648129 -0.138232 
191 0.591784 0.000000 0.047563 96.442241 0.171636 -15.919305 0.044544 
192 0.551681 0.000000 0.086937 99.605647 0.175909 -15.419974 -0.015909 
193 0.571732 0.000000 -0.011499 78.597073 1.819643 -13.757420 0.362992 
194 0.551681 0.000000 -0.011499 83.783233 2.137209 -12.347874 0.282333 
195 0.571732 0.000000 -0.031187 92.304152 0.107018 -10.325880 0.137331 
196 0.591784 0.000000 -0.011499 92.344207 0.132905 -12.823092 0.130810 
197 0.571732 0.000000 0.008188 77.003733 1.664327 -13.993783 0.387183 
198 0.351163 0.000000 -0.070561 95.710112 0.204139 -0.881405 0.083876 
199 0.270956 0.000000 -0.070561 96.466778 0.067090 2.499245 0.068791 
200 0.351163 0.000000 -0.149310 97.954019 0.157896 -2.039359 0.040083 
201 0.351163 0.000000 0.008188 98.377116 0.175977 -2.398999 0.031616 
202 0.471473 0.000000 -0.031187 93.164129 0.605974 -1.343385 0.131827 
203 0.431370 0.000000 -0.031187 94.070955 0.378141 -0.127251 0.115050 
204 0.471473 0.000000 -0.070561 94.036641 0.093325 -5.285938 0.112916 
205 0.471473 0.000000 0.008188 96.746587 0.625366 -8.762795 0.056292 
206 0.531629 0.000000 -0.011499 90.764863 1.859944 -8.124113 0.169228 
207 0.511577 0.000000 -0.011499 93.190303 1.107112 -5.519610 0.128388 
208 0.531629 0.000000 -0.031187 91.985567 0.107394 -8.727078 0.146248 
209 0.531629 0.000000 0.008188 92.825033 1.823346 -17.407038 0.107718 
210 0.631888 0.000000 0.047563 96.847555 0.132319 -13.876129 0.042799 
211 0.671991 0.000000 0.047563 97.342432 0.118500 -13.047098 0.035421 
212 0.631888 0.000000 0.086937 98.109367 0.120604 -13.196750 0.020038 
213 0.571732 0.000000 0.027875 94.821991 0.229791 -19.270917 0.063737 
214 0.551681 0.000000 0.027875 87.735073 2.182682 -27.245194 0.155549 
215 0.591784 0.000000 0.027875 94.737447 0.168033 -16.375331 0.075664 
216 0.571732 0.000000 0.047563 96.912263 0.201232 -17.624357 0.029735 
217 0.561706 0.000000 -0.001656 79.932496 1.848502 -13.318058 0.343001 
218 0.551681 0.000000 -0.001656 85.300336 2.355255 -11.374248 0.258893 
219 0.561706 0.000000 -0.011499 80.630823 1.931961 -11.636241 0.335954 
220 0.571732 0.000000 -0.001656 76.793895 1.635250 -13.448305 0.391917 
221 0.561706 0.000000 0.008188 81.362789 1.970726 -15.037800 0.315008 
222 -14.968384 0.000000 -5.031768 99.900714 -0.000029 -4.475002 -0.000018 
223 -20.101635 0.000000 -5.031768 99.900265 -0.000018 -4.474506 -0.000008 
224 -14.968384 0.000000 -10.071724 99.901077 -0.000021 -4.474409 -0.000025 
225 -14.968384 0.000000 0.008188 99.899822 -0.000030 -4.475287 -0.000000 
226 -7.268507 0.000000 -2.511790 99.902677 -0.000481 -4.479285 -0.000061 
227 -9.835133 0.000000 -2.511790 99.901179 -0.000058 -4.476895 -0.000029 
228 -7.268507 0.000000 -5.031768 99.904272 -0.000064 -4.476689 -0.000090 
229 -7.268507 0.000000 0.008188 99.899152 -0.000148 -4.480136 0.000009 
230 -3.418569 0.000000 -1.251801 99.906344 -0.000268 -4.494862 -0.000148 
231 -4.701881 0.000000 -1.251801 99.903128 -0.000220 -4.486512 -0.000076 
232 -3.418569 0.000000 -2.511790 99.914039 -0.000212 -4.487115 -0.000295 
233 -3.418569 0.000000 0.008188 99.893195 -0.000249 -4.496167 0.000113 
234 -1.493599 0.000000 -0.621806 99.930098 -0.000146 -4.663803 -0.000778 
235 -2.135256 0.000000 -0.621806 99.904269 0.002202 -4.546875 -0.000154 
236 -1.493599 0.000000 -1.251801 99.950580 -0.002927 -4.565693 -0.001096 
237 -1.493599 0.000000 0.008188 99.842999 0.000417 -4.672418 0.000954 
238 -0.531115 0.000000 -0.306809 99.739516 0.007489 -4.952790 0.002750 
239 -0.851943 0.000000 -0.306809 99.731694 0.007784 -4.556342 0.003283 
240 -0.531115 0.000000 -0.621806 99.920161 0.010322 -4.792234 -0.000700 
241 -0.531115 0.000000 0.008188 99.390942 0.002951 -4.864147 0.009778 
242 -0.049872 0.000000 -0.149310 100.670207 0.094660 -7.845730 -0.019605 
243 -0.210286 0.000000 -0.149310 99.228600 0.007523 -6.396277 0.011277 
244 -0.049872 0.000000 -0.306809 100.568520 0.030795 -5.615040 -0.014556 
245 -0.049872 0.000000 0.008188 87.753136 0.129436 -10.097289 0.219742 
246 0.190749 0.000000 -0.070561 104.488006 -0.122294 13.123043 -0.108997 
247 0.110542 0.000000 -0.070561 108.122207 -0.140481 -12.564802 -0.184831 
248 0.190749 0.000000 -0.149310 102.619344 0.088462 -0.822070 -0.053141 
249 0.190749 0.000000 0.008188 92.873832 -0.501665 4.100286 0.135739 
250 0.351163 0.000000 0.086937 113.245123 0.218705 -16.805205 -0.310692 
251 0.270956 0.000000 0.086937 115.225528 0.299619 -9.944372 -0.337590 
252 0.351163 0.000000 0.165687 106.569287 0.220179 -8.919949 -0.143663 
253 0.311059 0.000000 -0.031187 94.638423 0.125542 2.471528 0.103744 
254 0.270956 0.000000 -0.031187 93.092939 0.059534 2.922068 0.132516 
255 0.311059 0.000000 -0.070561 96.055114 0.097850 0.312807 0.077331 
256 0.351163 0.000000 -0.031187 94.638032 0.162581 1.811590 0.104033 
257 0.311059 0.000000 0.008188 98.396822 0.132648 -0.766968 0.031746 
258 -14.968384 0.000000 5.048144 99.898985 -0.000022 -4.474930 0.000017 
259 -20.101635 0.000000 5.048144 99.899479 -0.000015 -4.474482 0.000007 
260 -14.968384 0.000000 10.088100 99.898700 -0.000013 -4.474342 0.000023 
261 -7.268507 0.000000 2.528166 99.896114 0.000167 -4.478642 0.000071 
262 -9.835133 0.000000 2.528166 99.898158 -0.000047 -4.476671 0.000032 
263 -7.268507 0.000000 5.048144 99.895214 -0.000030 -4.476029 0.000091 
264 -3.418569 0.000000 1.268177 99.883990 -0.000137 -4.489313 0.000303 
265 -4.701881 0.000000 1.268177 99.892190 -0.000161 -4.484575 0.000144 
266 -3.418569 0.000000 2.528166 99.882176 -0.000040 -4.481445 0.000347 
267 -1.493599 0.000000 0.638183 99.790707 0.001349 -4.616098 0.002051 
268 -2.135256 0.000000 0.638183 99.857393 -0.001272 -4.530571 0.000797 
269 -1.493599 0.000000 1.268177 99.839546 0.002470 -4.492158 0.001189 
270 -0.531115 0.000000 0.323185 99.420203 0.002722 -4.519725 0.009520 
271 -0.851943 0.000000 0.323185 99.728134 -0.007291 -4.383121 0.003509 
272 -0.531115 0.000000 0.638183 99.689191 -0.008581 -4.386365 0.004282 
273 -0.049872 0.000000 0.165687 96.415907 0.081269 -0.439120 0.070377 
274 -0.210286 0.000000 0.165687 97.671983 -0.014121 -4.320253 0.044152 
275 -0.049872 0.000000 0.323185 98.969228 -0.007976 -2.826727 0.019710 
276 0.190749 0.000000 0.086937 115.648801 0.601273 2.363612 -0.338059 
277 0.110542 0.000000 0.086937 112.280223 0.811578 17.290945 -0.290648 
278 0.190749 0.000000 0.165687 107.638895 0.153950 -0.611034 -0.158653 
279 0.230852 0.000000 -0.031187 92.717203 0.044660 3.040812 0.139427 
280 0.190749 0.000000 -0.031187 72.716091 -0.491664 62.902486 0.075541 
281 0.230852 0.000000 -0.070561 97.320847 -0.017933 6.939190 0.048050 
282 0.230852 0.000000 0.008188 89.583187 -0.193437 2.383612 0.196913 
283 0.030335 0.000000 -0.070561 106.526491 0.073694 -10.258408 -0.145313 
284 -0.049872 0.000000 -0.070561 98.715223 0.101310 -11.127739 0.013147 
285 0.030335 0.000000 -0.149310 103.000570 0.088887 -6.975078 -0.065778 
286 0.030335 0.000000 0.008188 84.556304 1.120200 7.868035 0.278707 
287 0.150645 0.000000 -0.031187 125.080608 -0.443258 0.675760 -0.564581 
288 0.110542 0.000000 -0.031187 72.975674 -0.538473 -60.983494 0.095527 
289 0.150645 0.000000 -0.070561 131.796853 -0.444306 0.240734 -0.737067 
290 0.150645 0.000000 0.008188 16.476366 -7.890871 0.756897 0.966569 
291 0.230852 0.000000 0.047563 113.875997 0.452893 -2.113959 -0.297242 
292 0.190749 0.000000 0.047563 115.645228 0.606544 2.501538 -0.338044 
293 0.270956 0.000000 0.047563 111.088696 0.265633 -7.762614 -0.240103 
294 0.230852 0.000000 0.086937 115.735699 0.459781 -2.755480 -0.340256 
295 0.210801 0.000000 -0.011499 53.518073 -0.646965 17.612992 0.682518 
296 0.190749 0.000000 -0.011499 35.105022 -0.632928 41.796626 0.702028 
297 0.210801 0.000000 -0.031187 92.743574 0.046714 3.041701 0.138938 
298 0.230852 0.000000 -0.011499 87.246368 -0.248487 3.207931 0.237772 
299 0.210801 0.000000 0.008188 81.903071 -0.667255 3.621801 0.327832 
300 0.030335 0.000000 0.086937 92.910752 0.171381 11.673649 0.123129 
301 -0.049872 0.000000 0.086937 91.467282 0.107492 -0.343837 0.163361 
302 0.030335 0.000000 0.165687 98.573941 0.113322 3.058147 0.027381 
303 0.070438 0.000000 -0.031187 100.207458 0.020270 4.792880 -0.006451 
304 0.030335 0.000000 -0.031187 115.753830 0.835839 -8.524230 -0.347231 
305 0.070438 0.000000 -0.070561 105.678745 -0.016812 -8.274184 -0.123646 
306 0.070438 0.000000 0.008188 96.270904 -0.158654 5.135624 0.070551 
307 0.070438 0.000000 0.047563 100.086523 0.924169 31.890749 -0.103519 
308 0.030335 0.000000 0.047563 82.777353 1.012926 40.183994 0.153213 
309 0.110542 0.000000 0.047563 108.507571 0.875064 22.911490 -0.229960 
310 0.070438 0.000000 0.086937 104.472012 0.962167 28.838556 -0.174699 
311 0.090490 0.000000 -0.011499 87.726710 -0.586964 6.074223 0.226678 
312 0.070438 0.000000 -0.011499 100.671854 0.046449 3.805599 -0.014931 
313 0.090490 0.000000 -0.031187 91.266319 -0.386122 5.571360 0.163927 
314 0.110542 0.000000 -0.011499 40.082343 -0.538405 -46.447848 0.623571 
315 0.090490 0.000000 0.008188 90.916263 -0.402033 5.601838 0.170269 
316 -0.370701 0.000000 -0.149310 99.345525 -0.011588 -5.481534 0.010042 
317 -0.531115 0.000000 -0.149310 99.560104 0.008101 -4.983928 0.006295 
318 -0.370701 0.000000 -0.306809 99.835735 0.010329 -5.356856 0.000413 
319 -0.370701 0.000000 0.008188 98.845631 0.012486 -5.123894 0.020329 
320 -0.130079 0.000000 -0.070561 97.777862 -0.046932 -7.711281 0.038002 
321 -0.210286 0.000000 -0.070561 98.360912 -0.000686 -6.436303 0.028371 
322 -0.130079 0.000000 -0.149310 99.514950 -0.023886 -7.161438 0.004549 
323 -0.130079 0.000000 0.008188 95.469398 0.091913 -6.346736 0.084530 
324 -0.009769 0.000000 -0.031187 100.604769 0.162042 -22.265213 -0.061709 
325 -0.049872 0.000000 -0.031187 94.477432 0.116012 -13.175837 0.090040 
326 -0.009769 0.000000 -0.070561 102.354885 0.103866 -12.775393 -0.063974 
327 -0.009769 0.000000 0.008188 50.149316 1.638853 -21.908864 0.700236 
328 -0.370701 0.000000 0.165687 98.828875 0.002662 -4.543755 0.021221 
329 -0.531115 0.000000 0.165687 99.339005 0.006908 -4.664748 0.011000 
330 -0.370701 0.000000 0.323185 99.290301 0.015797 -4.141796 0.012428 
331 -0.130079 0.000000 0.086937 95.393459 0.002125 -4.049861 0.088369 
332 -0.210286 0.000000 0.086937 97.346653 -0.018956 -4.857720 0.050003 
333 -0.130079 0.000000 0.165687 96.888007 0.018766 -3.017180 0.060361 
334 -0.009769 0.000000 0.047563 79.548602 0.188468 5.248370 0.364444 
335 -0.049872 0.000000 0.047563 87.759652 0.124154 -3.255342 0.228763 
336 -0.009769 0.000000 0.086937 89.913847 0.137312 4.963201 0.189085 
337 0.010283 0.000000 -0.011499 86.921047 1.499666 -34.182742 0.127402 
338 -0.009769 0.000000 -0.011499 67.453571 1.698349 -44.462893 0.347018 
339 0.010283 0.000000 -0.031187 107.681504 1.327460 -34.310019 -0.277425 
340 0.030335 0.000000 -0.011499 114.033493 0.945468 -14.003115 -0.320062 
341 0.010283 0.000000 0.008188 50.373774 1.475785 -0.126760 0.746029 
342 -0.089976 0.000000 -0.031187 95.442384 0.096148 -9.130676 0.080737 
343 -0.130079 0.000000 -0.031187 96.508529 0.091564 -7.248051 0.063356 
344 -0.089976 0.000000 -0.070561 97.729337 0.092830 -9.077048 0.036658 
345 -0.089976 0.000000 0.008188 93.162696 0.096780 -7.546265 0.126376 
346 -0.029821 0.000000 -0.011499 88.442846 0.156694 -18.485334 0.183613 
347 -0.049872 0.000000 -0.011499 90.901348 0.124410 -12.689611 0.157590 
348 -0.029821 0.000000 -0.031187 95.320414 0.130404 -17.265907 0.061589 
349 -0.029821 0.000000 0.008188 80.943838 0.173438 -13.370029 0.326931 
350 0.010283 0.000000 0.027875 50.243925 1.262821 35.272094 0.622983 
351 -0.009769 0.000000 0.027875 24.828778 1.515300 16.641276 0.910430 
352 0.030335 0.000000 0.027875 74.666871 1.063910 41.192182 0.272693 
353 0.010283 0.000000 0.047563 78.856100 0.292954 14.750447 0.356405 
354 0.000257 0.000000 -0.001656 51.701279 1.740639 -37.877821 0.588922 
355 -0.009769 0.000000 -0.001656 52.676604 1.646384 -25.026727 0.659613 
356 0.000257 0.000000 -0.011499 77.027197 1.577165 -36.866742 0.270517 
357 0.010283 0.000000 -0.001656 76.502392 1.526631 -28.573061 0.332863 
358 0.000257 0.000000 0.008188 31.733410 1.597592 -2.735261 0.898296 
359 0.050386 0.000000 0.027875 91.363651 0.982736 36.590220 0.031287 
360 0.050386 0.000000 0.008188 110.455041 0.500859 1.134706 -0.220185 
361 0.070438 0.000000 0.027875 98.039721 0.965237 33.265645 -0.071932 
362 0.050386 0.000000 0.047563 92.456103 0.978200 36.194607 0.014086 
363 0.311059 0.000000 0.047563 109.753404 0.193309 -10.002821 -0.214590 
364 0.351163 0.000000 0.047563 110.973653 0.228393 -14.822667 -0.253492 
365 0.311059 0.000000 0.086937 114.445225 0.225288 -13.866892 -0.329005 
366 0.471473 0.000000 0.047563 107.024569 0.547303 -25.823485 -0.212141 
367 0.431370 0.000000 0.047563 107.800853 0.434076 -21.849995 -0.209863 
368 0.471473 0.000000 0.086937 103.833225 0.224207 -16.523568 -0.105442 
369 0.531629 0.000000 0.027875 98.352346 1.720256 -28.943768 -0.051388 
370 0.511577 0.000000 0.027875 101.521693 1.075115 -25.351923 -0.095053 
371 0.531629 0.000000 0.047563 99.985984 0.257769 -20.061767 -0.039974 
372 -4.701881 0.000000 -15.111679 99.902743 -0.000011 -4.472524 -0.000056 
373 -9.835133 0.000000 -15.111679 99.901766 -0.000015 -4.473600 -0.000038 
374 -4.701881 0.000000 -20.151635 99.901625 -0.000006 -4.472772 -0.000034 
375 0.431370 0.000000 -15.111679 99.903317 0.000002 -4.470503 -0.000066 
376 -2.135256 0.000000 -7.551746 99.910960 -0.001351 -4.470085 -0.000218 
377 -4.701881 0.000000 -7.551746 99.907069 -0.000037 -4.473665 -0.000144 
378 -2.135256 0.000000 -10.071724 99.906681 -0.000005 -4.470345 -0.000133 
379 0.431370 0.000000 -7.551746 99.913219 -0.001323 -4.462746 -0.000257 
380 -0.851943 0.000000 -3.771779 99.937024 -0.001340 -4.468060 -0.000737 
381 -2.135256 0.000000 -3.771779 99.925057 -0.000085 -4.477030 -0.000506 
382 -0.851943 0.000000 -5.031768 99.924867 0.000024 -4.464178 -0.000491 
383 0.431370 0.000000 -3.771779 99.954871 -0.000640 -4.445830 -0.001074 
384 -0.210286 0.000000 -1.881795 100.041212 -0.005092 -4.501302 -0.002851 
385 -0.851943 0.000000 -1.881795 99.969060 0.000415 -4.508860 -0.001414 
386 -0.210286 0.000000 -2.511790 99.998474 0.002858 -4.468590 -0.001966 
387 0.431370 0.000000 -1.881795 100.052580 -0.004744 -4.455089 -0.003037 
388 0.110542 0.000000 -0.936804 100.163274 0.023233 -4.613894 -0.005397 
389 -0.210286 0.000000 -0.936804 100.034238 0.033681 -4.671532 -0.002867 
390 0.110542 0.000000 -1.251801 100.143071 0.012478 -4.560232 -0.004943 
391 0.431370 0.000000 -0.936804 100.152712 0.021360 -4.552344 -0.005129 
392 0.270956 0.000000 -0.464308 100.324658 0.038905 -4.349809 -0.008396 
393 0.110542 0.000000 -0.464308 100.669903 0.019646 -4.723269 -0.015674 
394 0.270956 0.000000 -0.621806 100.177394 0.060675 -4.614370 -0.005681 
395 0.431370 0.000000 -0.464308 99.656983 0.044978 -4.524693 0.004801 
396 0.190749 0.000000 -0.228060 101.335795 0.095187 -3.127462 -0.027873 
397 0.110542 0.000000 -0.228060 101.999204 0.089241 -4.372081 -0.042296 
398 0.190749 0.000000 -0.306809 100.860183 0.056414 -3.980350 -0.018862 
399 0.270956 0.000000 -0.228060 100.327535 0.107718 -2.560049 -0.007218 
400 0.150645 0.000000 -0.109936 106.946952 0.024254 -1.095038 -0.143885 
401 0.110542 0.000000 -0.109936 106.516226 0.034846 -5.137891 -0.137211 
402 0.150645 0.000000 -0.149310 103.977118 0.081820 -2.319443 -0.081663 
403 0.190749 0.000000 -0.109936 103.823242 0.040236 2.380564 -0.078493 
404 0.130593 0.000000 -0.050874 120.587896 -0.456215 -31.257209 -0.551866 
405 0.110542 0.000000 -0.050874 96.545805 -0.487966 -54.479671 -0.228937 
406 0.130593 0.000000 -0.070561 116.411684 -0.460009 -40.961749 -0.522976 
407 0.150645 0.000000 -0.050874 126.766692 -0.443358 1.091936 -0.607118 
408 0.130593 0.000000 -0.031187 108.208291 -0.474140 -40.448098 -0.334531 
409 -0.049872 0.000000 -0.464308 100.523177 -0.002962 -5.109332 -0.013101 
410 -0.210286 0.000000 -0.464308 100.355296 0.023506 -5.322070 -0.009951 
411 -0.049872 0.000000 -0.621806 100.504063 0.036576 -4.930940 -0.012538 
412 0.030335 0.000000 -0.228060 101.618716 0.088486 -5.646958 -0.035826 
413 -0.049872 0.000000 -0.228060 100.907440 -0.018737 -6.394419 -0.022320 
414 0.030335 0.000000 -0.306809 101.188728 0.009223 -5.269926 -0.026693 
415 0.070438 0.000000 -0.109936 105.308105 0.065171 -6.862095 -0.113689 
416 0.030335 0.000000 -0.109936 104.166937 0.083429 -8.385817 -0.092108 
417 0.070438 0.000000 -0.149310 103.863448 0.082170 -5.803283 -0.082130 
418 0.090490 0.000000 -0.050874 99.466823 -0.251213 -13.638512 -0.007972 
419 0.070438 0.000000 -0.050874 104.032446 -0.103986 -7.471634 -0.087859 
420 0.090490 0.000000 -0.070561 105.319134 -0.086593 -10.140226 -0.119495 
421 0.150645 0.000000 0.047563 113.763760 0.770311 11.325197 -0.307105 
422 0.150645 0.000000 0.086937 113.859016 0.761098 10.949637 -0.308435 
423 0.130593 0.000000 -0.011499 116.411684 -0.460009 -40.961749 -0.522976 
424 0.150645 0.000000 -0.011499 131.796853 -0.444306 0.240734 -0.737067 
425 0.130593 0.000000 0.008188 17.622278 -7.879776 -2.515514 0.962104 
426 0.120568 0.000000 -0.041030 98.128621 -0.481975 -53.520982 -0.249395 
427 0.110542 0.000000 -0.041030 85.598262 -0.510897 -57.790605 -0.066708 
428 0.120568 0.000000 -0.050874 104.400990 -0.476531 -44.526966 -0.288244 
429 0.130593 0.000000 -0.041030 110.353577 -0.470174 -39.954198 -0.377447 
430 0.120568 0.000000 -0.031187 91.397990 -0.502180 -51.006325 -0.095549 
431 0.170697 0.000000 -0.050874 119.606625 -0.428846 32.634375 -0.537093 
432 0.170697 0.000000 -0.070561 116.082116 -0.424540 41.475443 -0.519545 
433 0.190749 0.000000 -0.050874 96.361587 -0.440408 55.404161 -0.235537 
434 0.170697 0.000000 -0.031187 104.166453 -0.439477 44.511373 -0.283211 
435 2.035511 0.000000 -0.306809 99.563799 -0.023509 -8.850032 0.000873 
436 2.035511 0.000000 -0.621806 99.820192 -0.008432 -5.840872 0.000181 
437 2.356339 0.000000 -0.306809 99.564354 -0.025155 -9.339716 -0.000029 
438 2.035511 0.000000 0.008188 99.528132 0.025532 -9.711159 -0.000016 
439 5.564621 0.000000 -15.111679 99.902883 0.000015 -4.468405 -0.000055 
440 5.564621 0.000000 -20.151635 99.901684 0.000005 -4.470932 -0.000034 
441 10.697873 0.000000 -15.111679 99.901984 0.000019 -4.467158 -0.000036 
442 15.831124 0.000000 -15.111679 99.901274 0.000018 -4.466605 -0.000022 
443 15.831124 0.000000 -20.151635 99.900954 0.000010 -4.469852 -0.000018 
444 20.964375 0.000000 -15.111679 99.900848 0.000016 -4.466334 -0.000013 
445 -14.968384 0.000000 -15.111679 99.901019 -0.000014 -4.473957 -0.000023 
446 -20.101635 0.000000 -15.111679 99.900571 -0.000012 -4.474021 -0.000014 
447 -14.968384 0.000000 -20.151635 99.900827 -0.000009 -4.473714 -0.000019 
448 2.997996 0.000000 -7.551746 99.911558 -0.001523 -4.455058 -0.000217 
449 2.997996 0.000000 -10.071724 99.906942 0.000043 -4.463357 -0.000132 
450 5.564621 0.000000 -7.551746 99.907995 -0.000720 -4.450703 -0.000142 
451 8.131247 0.000000 -7.551746 99.905193 0.000101 -4.448498 -0.000084 
452 8.131247 0.000000 -10.071724 99.904076 0.000054 -4.459285 -0.000071 
453 10.697873 0.000000 -7.551746 99.903526 0.000087 -4.447683 -0.000050 
454 -7.268507 0.000000 -7.551746 99.904216 -0.000043 -4.474875 -0.000088 
455 -9.835133 0.000000 -7.551746 99.902507 -0.000038 -4.475035 -0.000054 
456 -7.268507 0.000000 -10.071724 99.903552 -0.000029 -4.473859 -0.000074 
457 1.714683 0.000000 -3.771779 99.948762 0.002611 -4.422288 -0.000931 
458 1.714683 0.000000 -5.031768 99.924995 -0.001607 -4.442230 -0.000474 
459 2.997996 0.000000 -3.771779 99.926802 0.000633 -4.413530 -0.000484 
460 4.281308 0.000000 -3.771779 99.916682 -0.004307 -4.412827 -0.000282 
461 4.281308 0.000000 -5.031768 99.914742 0.000031 -4.429238 -0.000257 
462 5.564621 0.000000 -3.771779 99.911326 -0.001034 -4.410257 -0.000172 
463 -3.418569 0.000000 -3.771779 99.915196 -0.000153 -4.479928 -0.000312 
464 -4.701881 0.000000 -3.771779 99.909221 -0.000155 -4.479759 -0.000192 
465 -3.418569 0.000000 -5.031768 99.913456 -0.000110 -4.475538 -0.000273 
466 1.073026 0.000000 -1.881795 100.022606 -0.003503 -4.425773 -0.002411 
467 1.073026 0.000000 -2.511790 99.996137 0.003246 -4.412273 -0.001870 
468 1.714683 0.000000 -1.881795 99.957495 0.002056 -4.446813 -0.001127 
469 2.356339 0.000000 -1.881795 99.954355 0.002624 -4.436377 -0.001055 
470 2.356339 0.000000 -2.511790 99.965294 0.008495 -4.385250 -0.001229 
471 2.997996 0.000000 -1.881795 99.941154 0.006637 -4.442174 -0.000797 
472 -1.493599 0.000000 -1.881795 99.958989 0.001263 -4.522409 -0.001225 
473 -2.135256 0.000000 -1.881795 99.935208 0.005349 -4.513295 -0.000742 
474 -1.493599 0.000000 -2.511790 99.954152 0.007017 -4.497513 -0.001106 
475 0.752198 0.000000 -0.936804 99.948725 0.055724 -4.668465 -0.001155 
476 0.752198 0.000000 -1.251801 100.107802 0.020022 -4.500582 -0.004183 
477 1.073026 0.000000 -0.936804 99.881897 0.005798 -4.801885 0.000055 
478 1.393855 0.000000 -0.936804 99.948576 0.012785 -4.832028 -0.001307 
479 1.393855 0.000000 -1.251801 99.985841 0.004962 -4.580374 -0.001815 
480 1.714683 0.000000 -0.936804 99.914483 0.002326 -4.932943 -0.000724 
481 -0.531115 0.000000 -0.936804 99.867488 0.019152 -4.588770 0.000543 
482 -0.851943 0.000000 -0.936804 100.008299 0.008891 -4.686171 -0.002362 
483 -0.531115 0.000000 -1.251801 100.078627 0.011795 -4.626651 -0.003714 
484 0.591784 0.000000 -0.464308 99.244431 0.003318 -5.098595 0.012455 
485 0.591784 0.000000 -0.621806 99.705525 0.039784 -4.827487 0.003550 
486 0.752198 0.000000 -0.464308 99.352234 0.023605 -5.517539 0.009869 
487 0.912612 0.000000 -0.464308 99.484054 0.030503 -5.847537 0.006873 
488 0.912612 0.000000 -0.621806 99.874158 0.013420 -5.096539 -0.000082 
489 1.073026 0.000000 -0.464308 99.656739 0.001514 -5.944623 0.003320 
490 0.351163 0.000000 -0.228060 98.900227 0.087036 -3.246833 0.020820 
491 0.351163 0.000000 -0.306809 99.561825 0.093157 -3.756627 0.007332 
492 0.431370 0.000000 -0.228060 98.263224 0.116165 -4.030597 0.032808 
493 2.035511 0.000000 -0.936804 99.899410 -0.003000 -5.001935 -0.000491 
494 2.035511 0.000000 -1.251801 99.938939 -0.001717 -4.655904 -0.000947 
495 2.356339 0.000000 -0.936804 99.876883 -0.001277 -5.091732 -0.000132 
496 2.035511 0.000000 0.323185 99.725001 0.012940 -6.512901 0.001251 
497 2.356339 0.000000 0.323185 99.745305 0.010867 -6.369043 0.001031 
498 2.035511 0.000000 0.638183 99.764270 0.010746 -5.317731 0.001881 
499 0.391266 0.000000 -0.031187 94.629870 0.193790 1.247983 0.104359 
500 0.391266 0.000000 -0.070561 95.106040 0.184025 -2.296970 0.094953 
501 0.391266 0.000000 0.008188 98.086828 0.279955 -3.963785 0.036318 
502 -0.370701 0.000000 -0.464308 100.016103 0.025368 -5.079305 -0.002902 
503 -0.531115 0.000000 -0.464308 99.855945 0.013152 -4.846829 0.000530 
504 -0.370701 0.000000 -0.621806 100.007371 0.014286 -4.831135 -0.002481 
505 -0.130079 0.000000 -0.228060 100.123407 0.037504 -6.331675 -0.006479 
506 -0.210286 0.000000 -0.228060 99.676782 0.004378 -6.007774 0.002845 
507 -0.130079 0.000000 -0.306809 100.428675 0.016659 -5.905487 -0.012079 
508 0.230852 0.000000 -0.109936 100.398524 0.068704 2.178873 -0.008462 
509 0.230852 0.000000 -0.149310 100.901872 0.084654 -0.443980 -0.018139 
510 0.270956 0.000000 -0.109936 98.560548 0.088425 0.740800 0.028526 
511 0.391266 0.000000 0.047563 109.826160 0.305714 -19.751710 -0.245201 
512 0.391266 0.000000 0.086937 112.191453 0.216722 -19.406142 -0.296357 
513 0.210801 0.000000 -0.050874 93.309917 -0.226230 17.338477 0.099259 
514 0.210801 0.000000 -0.070561 99.411565 -0.075208 10.294537 0.001136 
515 0.230852 0.000000 -0.050874 92.030063 -0.008864 3.017657 0.152136 
516 -0.009769 0.000000 -0.109936 102.128294 0.093507 -9.374042 -0.051807 
517 -0.049872 0.000000 -0.109936 100.159062 0.087720 -9.041602 -0.011360 
518 -0.009769 0.000000 -0.149310 101.801051 0.088141 -7.638468 -0.042181 
519 0.170697 0.000000 -0.011499 94.477418 -0.451984 53.862546 -0.182736 
520 0.170697 0.000000 0.008188 115.613448 0.735828 4.010691 -0.338310 
521 0.050386 0.000000 -0.011499 112.695340 0.645980 -3.165780 -0.271068 
522 0.050386 0.000000 -0.031187 110.484669 0.502356 1.104007 -0.220833 
523 0.090490 0.000000 0.027875 105.930889 0.858750 26.826430 -0.194175 
524 0.110542 0.000000 0.027875 110.033585 0.850482 20.616837 -0.253317 
525 0.090490 0.000000 0.047563 104.770849 0.920814 27.488161 -0.173338 
526 -0.089976 0.000000 -0.109936 99.095439 0.093164 -8.235974 0.011225 
527 -0.130079 0.000000 -0.109936 98.781388 -0.041013 -7.468237 0.018646 
528 -0.089976 0.000000 -0.149310 99.821762 0.087223 -7.422993 -0.001949 
529 -0.089976 0.000000 0.047563 92.634203 0.092671 -4.897722 0.139491 
530 -0.130079 0.000000 0.047563 95.051214 -0.017012 -5.254692 0.093765 
531 -0.089976 0.000000 0.086937 93.706813 0.090355 -2.976042 0.121017 
532 -0.029821 0.000000 0.027875 80.329529 0.161816 -5.343375 0.351859 
533 -0.049872 0.000000 0.027875 86.759991 0.128743 -6.384052 0.243193 
534 -0.029821 0.000000 0.047563 83.765148 0.145407 -0.609039 0.298301 
535 0.130593 0.000000 0.027875 112.282938 0.805615 17.291370 -0.290710 
536 0.150645 0.000000 0.027875 113.047072 0.784653 14.253758 -0.298343 
537 0.130593 0.000000 0.047563 112.652399 0.828902 15.758994 -0.293960 
538 0.170697 0.000000 0.027875 115.601608 0.620745 4.013696 -0.338023 
539 0.190749 0.000000 0.027875 115.601521 0.619904 4.013718 -0.338021 
540 0.170697 0.000000 0.047563 114.192693 0.742875 9.622966 -0.313312 
541 0.511577 0.000000 -0.228060 97.995226 0.097842 -4.975826 0.037217 
542 0.511577 0.000000 -0.306809 98.739820 0.062884 -4.883496 0.022660 
543 0.591784 0.000000 -0.228060 97.810636 0.056399 -6.322885 0.039310 
544 0.671991 0.000000 -0.228060 98.018701 0.054297 -7.177312 0.034082 
545 0.671991 0.000000 -0.306809 98.572540 0.059367 -6.178139 0.024528 
546 0.752198 0.000000 -0.228060 98.260507 0.047089 -7.891612 0.028259 
547 0.311059 0.000000 -0.109936 97.593083 0.104617 -0.547302 0.047528 
548 0.311059 0.000000 -0.149310 98.622896 0.108096 -1.402057 0.027155 
549 0.351163 0.000000 -0.109936 96.970661 0.189433 -1.447116 0.059456 
550 0.391266 0.000000 -0.109936 96.344561 0.167013 -2.587549 0.071100 
551 0.391266 0.000000 -0.149310 97.200197 0.139887 -3.125605 0.054233 
552 0.431370 0.000000 -0.109936 95.731985 0.127591 -3.867870 0.082041 
553 0.210801 0.000000 0.027875 108.303692 0.348600 0.149935 -0.172983 
554 0.230852 0.000000 0.027875 103.852451 0.194723 -1.809505 -0.078864 
555 0.210801 0.000000 0.047563 115.721743 0.528374 -1.208891 -0.339326 
556 0.050386 0.000000 -0.050874 108.137519 0.006641 -7.259049 -0.174642 
557 0.030335 0.000000 -0.050874 109.508301 0.077679 -10.801801 -0.210875 
558 0.050386 0.000000 -0.070561 106.622440 0.033809 -8.538217 -0.144125 
559 0.010283 0.000000 -0.050874 106.907726 0.111982 -14.873610 -0.165050 
560 -0.009769 0.000000 -0.050874 102.169729 0.118188 -16.082313 -0.069731 
561 0.010283 0.000000 -0.070561 104.874908 0.096831 -12.071050 -0.114447 
562 0.471473 0.000000 -0.109936 95.426785 0.086965 -4.948964 0.086923 
563 0.471473 0.000000 -0.149310 96.529120 0.118388 -4.713917 0.065989 
564 0.511577 0.000000 -0.109936 95.320146 0.118269 -6.108114 0.087675 
565 0.551681 0.000000 -0.109936 95.492665 0.096710 -7.153555 0.082997 
566 0.551681 0.000000 -0.149310 96.514970 0.095426 -6.493384 0.064269 
567 0.591784 0.000000 -0.109936 95.884604 0.081115 -8.250960 0.073806 
568 0.631888 0.000000 -0.109936 96.368234 0.054281 -9.351455 0.062571 
569 0.631888 0.000000 -0.149310 96.964757 0.047663 -8.263842 0.052954 
570 0.671991 0.000000 -0.109936 96.906446 0.041608 -9.896775 0.051119 
571 -0.029821 0.000000 -0.050874 98.673036 0.113465 -14.514203 0.005296 
572 -0.049872 0.000000 -0.050874 97.105216 0.107879 -12.320820 0.041876 
573 -0.029821 0.000000 -0.070561 100.128591 0.103447 -12.242841 -0.017563 
1 19 21 3 22 
2 20 19 22 9 
3 28 20 9 30 
4 29 28 30 4 
5 35 37 19 38 
6 36 35 38 20 
7 44 36 20 46 
8 45 44 46 28 
9 51 53 35 54 
10 52 51 54 36 
11 60 52 36 62 
12 61 60 62 44 
13 67 69 51 70 
14 68 67 70 52 
15 76 68 52 78 
16 77 76 78 60 
17 83 85 67 86 
18 84 83 86 68 
19 92 84 68 94 
20 93 92 94 76 
21 99 101 83 102 
22 100 99 102 84 
23 108 100 84 110 
24 109 108 110 92 
25 115 117 99 118 
26 116 115 118 100 
27 10 125 124 26 
28 125 13 126 124 
29 124 126 8 127 
30 26 124 127 14 
31 23 129 128 42 
32 129 26 130 128 
33 128 130 14 131 
34 42 128 131 27 
35 39 133 132 58 
36 133 42 134 132 
37 132 134 27 135 
38 58 132 135 43 
39 137 58 138 136 
40 136 138 43 139 
41 71 141 140 90 
42 141 74 142 140 
43 140 142 59 143 
44 90 140 143 75 
45 87 145 144 106 
46 145 90 146 144 
47 144 146 75 147 
48 106 144 147 91 
49 149 106 150 148 
50 148 150 91 151 
51 152 116 100 154 
52 153 152 154 108 
53 155 157 115 158 
54 156 155 158 116 
55 119 161 159 160 
56 161 122 162 159 
57 14 127 164 37 
58 127 8 165 164 
59 164 165 21 166 
60 37 164 166 19 
61 27 131 167 53 
62 131 14 168 167 
63 167 168 37 169 
64 53 167 169 35 
65 43 135 170 69 
66 135 27 171 170 
67 170 171 53 172 
68 69 170 172 51 
69 139 43 174 173 
70 173 174 69 175 
71 85 173 175 67 
72 75 143 176 101 
73 143 59 177 176 
74 176 177 85 178 
75 101 176 178 83 
76 91 147 179 117 
77 147 75 180 179 
78 179 180 101 181 
79 117 179 181 99 
80 151 91 183 182 
81 182 183 117 184 
82 157 182 184 115 
83 122 186 185 162 
84 186 148 187 185 
85 185 187 151 188 
86 162 185 188 107 
87 189 191 157 192 
88 190 189 192 155 
89 159 195 193 194 
90 195 162 196 193 
91 193 196 107 197 
92 120 204 202 203 
93 204 119 160 202 
94 202 160 123 205 
95 203 202 205 5 
96 160 208 206 207 
97 208 159 194 206 
98 206 194 163 209 
99 207 206 209 123 
100 107 188 210 191 
101 188 151 211 210 
102 210 211 182 212 
103 191 210 212 157 
104 163 197 213 214 
105 197 107 215 213 
106 213 215 191 216 
107 214 213 216 189 
108 194 219 217 218 
109 219 193 220 217 
110 217 220 197 221 
111 218 217 221 163 
112 16 224 222 223 
113 224 15 32 222 
114 222 32 18 225 
115 223 222 225 6 
116 32 228 226 227 
117 228 31 48 226 
118 226 48 34 229 
119 227 226 229 18 
120 48 232 230 231 
121 232 47 64 230 
122 230 64 50 233 
123 231 230 233 34 
124 64 236 234 235 
125 236 63 80 234 
126 234 80 66 237 
127 235 234 237 50 
128 80 240 238 239 
129 239 238 241 66 
130 250 156 116 252 
131 251 250 252 152 
132 199 255 253 254 
133 255 198 256 253 
134 253 256 201 257 
135 254 253 257 114 
136 6 225 258 259 
137 225 18 45 258 
138 258 45 28 260 
139 259 258 260 29 
140 18 229 261 262 
141 229 34 61 261 
142 261 61 44 263 
143 262 261 263 45 
144 34 233 264 265 
145 233 50 77 264 
146 264 77 60 266 
147 265 264 266 61 
148 50 237 267 268 
149 237 66 93 267 
150 267 93 76 269 
151 268 267 269 77 
152 66 241 270 271 
153 270 109 92 272 
154 271 270 272 93 
155 273 153 108 275 
156 274 273 275 109 
157 276 251 152 278 
158 277 276 278 153 
159 281 199 254 279 
160 279 254 114 282 
161 282 114 293 291 
162 291 293 251 294 
163 292 291 294 276 
164 280 297 295 296 
165 297 279 298 295 
166 295 298 282 299 
167 296 295 299 249 
168 300 277 153 302 
169 301 300 302 273 
170 307 309 277 310 
171 308 307 310 300 
172 303 313 311 312 
173 313 288 314 311 
174 311 314 98 315 
175 312 311 315 306 
176 238 318 316 317 
177 318 96 243 316 
178 316 243 82 319 
179 317 316 319 241 
180 243 322 320 321 
181 321 320 323 82 
182 241 319 328 329 
183 319 82 274 328 
184 328 274 109 330 
185 329 328 330 270 
186 82 323 331 332 
187 331 301 273 333 
188 332 331 333 274 
189 334 308 300 336 
190 335 334 336 301 
191 324 339 337 338 
192 339 304 340 337 
193 337 340 286 341 
194 320 344 342 343 
195 344 284 325 342 
196 342 325 245 345 
197 343 342 345 323 
198 325 348 346 347 
199 348 324 338 346 
200 346 338 327 349 
201 347 346 349 245 
202 327 341 350 351 
203 341 286 352 350 
204 350 352 308 353 
205 351 350 353 334 
206 338 356 354 355 
207 356 337 357 354 
208 354 357 341 358 
209 355 354 358 327 
210 286 360 359 352 
211 360 306 361 359 
212 359 361 307 362 
213 352 359 362 308 
214 114 257 363 293 
215 257 201 364 363 
216 363 364 250 365 
217 293 363 365 251 
218 5 205 366 367 
219 205 123 190 366 
220 366 190 155 368 
221 367 366 368 156 
222 123 209 369 370 
223 209 163 214 369 
224 369 214 189 371 
225 370 369 371 190 
226 17 374 372 373 
227 374 7 375 372 
228 372 375 11 33 
229 373 372 33 15 
230 33 378 376 377 
231 378 11 379 376 
232 376 379 24 49 
233 377 376 49 31 
234 49 382 380 381 
235 382 24 383 380 
236 380 383 40 65 
237 381 380 65 47 
238 65 386 384 385 
239 386 40 387 384 
240 384 387 56 81 
241 385 384 81 63 
242 81 390 388 389 
243 390 56 391 388 
244 388 391 72 97 
245 389 388 97 79 
246 97 394 392 393 
247 394 72 395 392 
248 392 395 88 113 
249 393 392 113 95 
250 95 398 396 397 
251 398 113 399 396 
252 396 399 111 248 
253 397 396 248 112 
254 112 402 400 401 
255 402 248 403 400 
256 400 403 246 289 
257 401 400 289 247 
258 247 406 404 405 
259 406 289 407 404 
260 404 407 287 408 
261 79 411 409 410 
262 411 97 393 409 
263 409 393 95 244 
264 410 409 244 96 
265 244 414 412 413 
266 414 95 397 412 
267 412 397 112 285 
268 413 412 285 242 
269 285 417 415 416 
270 417 112 401 415 
271 415 401 247 305 
272 416 415 305 283 
273 305 420 418 419 
274 420 247 405 418 
275 418 405 288 313 
276 419 418 313 303 
277 421 292 276 422 
278 309 421 422 277 
279 288 408 423 314 
280 408 287 424 423 
281 423 424 290 425 
282 314 423 425 98 
283 405 428 426 427 
284 428 404 429 426 
285 426 429 408 430 
286 427 426 430 288 
287 289 432 431 407 
288 432 246 433 431 
289 431 433 280 434 
290 407 431 434 287 
291 74 436 435 142 
292 436 136 437 435 
293 435 437 139 438 
294 142 435 438 59 
295 7 440 439 375 
296 440 12 441 439 
297 439 441 10 25 
298 375 439 25 11 
299 12 443 442 441 
300 443 2 444 442 
301 442 444 13 125 
302 441 442 125 10 
303 1 447 445 446 
304 447 17 373 445 
305 445 373 15 224 
306 446 445 224 16 
307 11 449 448 379 
308 449 25 450 448 
309 448 450 23 41 
310 379 448 41 24 
311 25 452 451 450 
312 452 10 453 451 
313 451 453 26 129 
314 450 451 129 23 
315 15 456 454 455 
316 456 33 377 454 
317 454 377 31 228 
318 455 454 228 32 
319 24 458 457 383 
320 458 41 459 457 
321 457 459 39 57 
322 383 457 57 40 
323 41 461 460 459 
324 461 23 462 460 
325 460 462 42 133 
326 459 460 133 39 
327 31 465 463 464 
328 465 49 381 463 
329 463 381 47 232 
330 464 463 232 48 
331 40 467 466 387 
332 467 57 468 466 
333 466 468 55 73 
334 387 466 73 56 
335 57 470 469 468 
336 470 39 471 469 
337 469 471 58 137 
338 468 469 137 55 
339 47 474 472 473 
340 474 65 385 472 
341 472 385 63 236 
342 473 472 236 64 
343 56 476 475 391 
344 476 73 477 475 
345 475 477 71 89 
346 391 475 89 72 
347 73 479 478 477 
348 479 55 480 478 
349 478 480 74 141 
350 477 478 141 71 
351 63 483 481 482 
352 483 81 389 481 
353 481 389 79 240 
354 482 481 240 80 
355 72 485 484 395 
356 485 89 486 484 
357 484 486 87 105 
358 395 484 105 88 
359 89 488 487 486 
360 488 71 489 487 
361 487 489 90 145 
362 486 487 145 87 
363 113 491 490 399 
364 491 88 492 490 
365 490 492 104 200 
366 399 490 200 111 
367 55 494 493 480 
368 494 137 495 493 
369 493 495 136 436 
370 480 493 436 74 
371 59 438 496 177 
372 438 139 497 496 
373 496 497 173 498 
374 177 496 498 85 
375 198 500 499 256 
376 500 120 203 499 
377 499 203 5 501 
378 256 499 501 201 
379 240 504 502 503 
380 504 79 410 502 
381 502 410 96 318 
382 503 502 318 238 
383 96 507 505 506 
384 507 244 413 505 
385 505 413 242 322 
386 506 505 322 243 
387 248 509 508 403 
388 509 111 510 508 
389 508 510 199 281 
390 403 508 281 246 
391 201 501 511 364 
392 501 5 367 511 
393 511 367 156 512 
394 364 511 512 250 
395 246 514 513 433 
396 514 281 515 513 
397 513 515 279 297 
398 433 513 297 280 
399 242 518 516 517 
400 518 285 416 516 
401 516 416 283 326 
402 517 516 326 284 
403 287 434 519 424 
404 434 280 296 519 
405 519 296 249 520 
406 424 519 520 290 
407 304 522 521 340 
408 522 303 312 521 
409 521 312 306 360 
410 340 521 360 286 
411 306 315 523 361 
412 315 98 524 523 
413 523 524 309 525 
414 361 523 525 307 
415 322 528 526 527 
416 528 242 517 526 
417 526 517 284 344 
418 527 526 344 320 
419 323 345 529 530 
420 345 245 335 529 
421 529 335 301 531 
422 530 529 531 331 
423 245 349 532 533 
424 349 327 351 532 
425 532 351 334 534 
426 533 532 534 335 
427 98 425 535 524 
428 425 290 536 535 
429 535 536 421 537 
430 524 535 537 309 
431 290 520 538 536 
432 520 249 539 538 
433 538 539 292 540 
434 536 538 540 421 
435 88 542 541 492 
436 542 105 543 541 
437 541 543 103 121 
438 492 541 121 104 
439 105 545 544 543 
440 545 87 546 544 
441 544 546 106 149 
442 543 544 149 103 
443 111 548 547 510 
444 548 200 549 547 
445 547 549 198 255 
446 510 547 255 199 
447 200 551 550 549 
448 551 104 552 550 
449 550 552 120 500 
450 549 550 500 198 
451 249 299 553 539 
452 299 282 554 553 
453 553 554 291 555 
454 539 553 555 292 
455 283 558 556 557 
456 558 305 419 556 
457 556 419 303 522 
458 557 556 522 304 
459 326 561 559 560 
460 561 283 557 559 
461 559 557 304 339 
462 560 559 339 324 
463 104 563 562 552 
464 563 121 564 562 
465 562 564 119 204 
466 552 562 204 120 
467 121 566 565 564 
468 566 103 567 565 
469 565 567 122 161 
470 564 565 161 119 
471 103 569 568 567 
472 569 149 570 568 
473 568 570 148 186 
474 567 568 186 122 
475 284 573 571 572 
476 573 326 560 571 
477 571 560 324 348 
478 572 571 348 325 
