2 0.000000 100.000000 5791.461216
573 478 
1 -20.101635 0.000000 -20.151635 99.677183 -0.000009 -8.046900 -0.000029 
2 20.964375 0.000000 -20.151635 99.677751 0.000010 -8.037101 -0.000025 
3 20.964375 0.000000 20.168012 99.674801 0.000009 -8.039678 0.000030 
4 -20.101635 0.000000 20.168012 99.674444 -0.000004 -8.046942 0.000025 
5 0.431370 0.000000 0.008188 97.717091 0.440027 -5.090898 0.042526 
6 -20.101635 0.000000 0.008188 99.675823 -0.000019 -8.048587 -0.000005 
7 0.431370 0.000000 -20.151635 99.680049 -0.000001 -8.042449 -0.000079 
8 20.964375 0.000000 0.008188 99.698680 -0.001752 -7.757781 -0.000001 
9 0.431370 0.000000 20.168012 99.672070 0.000010 -8.043027 0.000079 
10 10.697873 0.000000 -10.071724 99.683580 0.000054 -8.010311 -0.000098 
11 0.431370 0.000000 -10.071724 99.692669 0.000022 -8.030605 -0.000312 
12 10.697873 0.000000 -20.151635 99.679063 0.000009 -8.038765 -0.000054 
13 20.964375 0.000000 -10.071724 99.680296 0.000042 -8.003792 -0.000022 
14 10.697873 0.000000 0.008188 99.667069 -0.001451 -8.132648 0.000034 
15 -9.835133 0.000000 -10.071724 99.681442 -0.000029 -8.047708 -0.000116 
16 -20.101635 0.000000 -10.071724 99.677187 -0.000016 -8.047809 -0.000031 
17 -9.835133 0.000000 -20.151635 99.678717 -0.000009 -8.045868 -0.000058 
18 -9.835133 0.000000 0.008188 99.675856 -0.000060 -8.054303 -0.000015 
19 10.697873 0.000000 10.088100 99.671956 0.000034 -8.019541 0.000119 
20 0.431370 0.000000 10.088100 99.661426 0.000055 -8.032626 0.000308 
21 20.964375 0.000000 10.088100 99.676044 0.000004 -8.022681 0.000032 
22 10.697873 0.000000 20.168012 99.673319 0.000014 -8.040211 0.000058 
23 5.564621 0.000000 -5.031768 99.704303 0.000367 -7.924544 -0.000375 
24 0.431370 0.000000 -5.031768 99.738363 0.000028 -7.991548 -0.001161 
25 5.564621 0.000000 -10.071724 99.688765 0.000057 -8.016513 -0.000211 
26 10.697873 0.000000 -5.031768 99.691124 0.000225 -7.908331 -0.000086 
27 5.564621 0.000000 0.008188 99.579261 0.002102 -9.141242 0.000041 
28 -9.835133 0.000000 10.088100 99.670602 -0.000012 -8.047748 0.000100 
29 -20.101635 0.000000 10.088100 99.674468 -0.000011 -8.047822 0.000023 
30 -9.835133 0.000000 20.168012 99.673087 -0.000001 -8.046017 0.000054 
31 -4.701881 0.000000 -5.031768 99.697609 -0.000740 -8.051812 -0.000444 
32 -9.835133 0.000000 -5.031768 99.681337 -0.000051 -8.051341 -0.000119 
33 -4.701881 0.000000 -10.071724 99.687470 -0.000023 -8.043764 -0.000229 
34 -4.701881 0.000000 0.008188 99.674329 -0.000175 -8.076545 -0.000020 
35 5.564621 0.000000 5.048144 99.660052 0.000158 -7.950254 0.000467 
36 0.431370 0.000000 5.048144 99.623286 0.000555 -7.997368 0.001124 
37 10.697873 0.000000 5.048144 99.676182 -0.000025 -7.959854 0.000130 
38 5.564621 0.000000 10.088100 99.666175 0.000060 -8.021754 0.000230 
39 2.997996 0.000000 -2.511790 99.759376 0.001543 -7.763691 -0.001221 
40 0.431370 0.000000 -2.511790 99.874533 0.007072 -7.905314 -0.003742 
41 2.997996 0.000000 -5.031768 99.723312 -0.000664 -7.944534 -0.000785 
42 5.564621 0.000000 -2.511790 99.713610 0.000537 -7.760920 -0.000304 
43 2.997996 0.000000 0.008188 99.441369 0.009081 -10.471767 0.000176 
44 -4.701881 0.000000 5.048144 99.655578 0.000773 -8.050968 0.000395 
45 -9.835133 0.000000 5.048144 99.670625 -0.000034 -8.051198 0.000094 
46 -4.701881 0.000000 10.088100 99.665326 0.000009 -8.044107 0.000212 
47 -2.135256 0.000000 -2.511790 99.760587 0.001821 -8.080441 -0.001747 
48 -4.701881 0.000000 -2.511790 99.696181 -0.000159 -8.065975 -0.000439 
49 -2.135256 0.000000 -5.031768 99.720205 -0.000027 -8.037754 -0.000872 
50 -2.135256 0.000000 0.008188 99.655474 0.000583 -8.159206 0.000221 
51 2.997996 0.000000 2.528166 99.615100 0.000443 -7.795618 0.001606 
52 0.431370 0.000000 2.528166 99.514869 -0.002831 -7.916557 0.003412 
53 5.564621 0.000000 2.528166 99.669859 0.001695 -7.808998 0.000494 
54 2.997996 0.000000 5.048144 99.639585 -0.000421 -7.959903 0.000859 
55 1.714683 0.000000 -1.251801 99.873176 -0.001275 -7.697914 -0.003391 
56 0.431370 0.000000 -1.251801 100.253806 0.015034 -7.791071 -0.011153 
57 1.714683 0.000000 -2.511790 99.844552 0.002862 -7.779436 -0.002945 
58 2.997996 0.000000 -1.251801 99.741323 0.000475 -7.836194 -0.000974 
59 1.714683 0.000000 0.008188 99.202702 0.033533 -11.647790 0.002315 
60 -2.135256 0.000000 2.528166 99.593962 -0.000972 -8.069391 0.001593 
61 -4.701881 0.000000 2.528166 99.655180 -0.000078 -8.063886 0.000382 
62 -2.135256 0.000000 5.048144 99.636280 0.000116 -8.037206 0.000802 
63 -0.851943 0.000000 -1.251801 99.962537 0.003323 -8.216566 -0.006002 
64 -2.135256 0.000000 -1.251801 99.751804 0.000754 -8.146301 -0.001678 
65 -0.851943 0.000000 -2.511790 99.847889 0.002153 -8.041829 -0.003427 
66 -0.851943 0.000000 0.008188 99.467579 -0.000229 -8.370154 0.003614 
67 1.714683 0.000000 1.268177 99.453630 0.010709 -7.699585 0.004969 
68 0.431370 0.000000 1.268177 99.453078 0.008279 -7.860622 0.004730 
69 2.997996 0.000000 1.268177 99.603069 -0.000189 -7.697472 0.001998 
70 1.714683 0.000000 2.528166 99.533274 0.000458 -7.811055 0.003211 
71 1.073026 0.000000 -0.621806 99.915097 0.027073 -7.876469 -0.004507 
72 0.431370 0.000000 -0.621806 100.573291 0.034396 -7.376751 -0.016940 
73 1.073026 0.000000 -1.251801 100.063069 0.016572 -7.641334 -0.007101 
74 1.714683 0.000000 -0.621806 99.703190 -0.000888 -8.438820 -0.001194 
75 1.073026 0.000000 0.008188 98.708796 0.079095 -12.860620 0.009117 
76 -0.851943 0.000000 1.268177 99.385140 0.001773 -8.120021 0.005666 
77 -2.135256 0.000000 1.268177 99.584000 0.000539 -8.126023 0.001699 
78 -0.851943 0.000000 2.528166 99.522808 0.001938 -8.027010 0.003078 
79 -0.210286 0.000000 -0.621806 100.509706 0.034951 -8.549914 -0.017530 
80 -0.851943 0.000000 -0.621806 99.770629 0.011569 -8.294465 -0.002298 
81 -0.210286 0.000000 -1.251801 100.290406 0.005698 -8.128506 -0.012424 
82 -0.210286 0.000000 0.008188 97.324924 -0.001834 -10.813907 0.041092 
83 1.073026 0.000000 0.638183 99.233903 0.008755 -8.092561 0.008714 
84 0.431370 0.000000 0.638183 99.829507 0.020305 -8.027166 -0.003037 
85 1.714683 0.000000 0.638183 99.419785 0.008659 -8.032782 0.005118 
86 1.073026 0.000000 1.268177 99.314902 0.000424 -7.732706 0.007676 
87 0.752198 0.000000 -0.306809 98.897046 0.045637 -8.747433 0.014285 
88 0.431370 0.000000 -0.306809 100.237721 0.101515 -6.059020 -0.008432 
89 0.752198 0.000000 -0.621806 99.926613 0.024086 -7.710160 -0.004478 
90 1.073026 0.000000 -0.306809 99.284240 0.003487 -9.701744 0.004852 
91 0.752198 0.000000 0.008188 97.457430 0.107907 -13.869024 0.030969 
92 -0.210286 0.000000 0.638183 98.785628 0.013239 -7.916478 0.017873 
93 -0.851943 0.000000 0.638183 99.419791 -0.005605 -8.086063 0.005032 
94 -0.210286 0.000000 1.268177 99.322536 -0.006767 -7.977814 0.007139 
95 0.110542 0.000000 -0.306809 102.840555 0.033585 -7.649541 -0.063470 
96 -0.210286 0.000000 -0.306809 100.711906 -0.011374 -9.839020 -0.023969 
97 0.110542 0.000000 -0.621806 101.121153 0.033434 -8.008216 -0.028962 
98 0.110542 0.000000 0.008188 21.438400 -8.398613 -2.826814 0.946187 
99 0.752198 0.000000 0.323185 99.389169 0.030736 -9.916177 0.002346 
100 0.431370 0.000000 0.323185 100.463544 0.087356 -8.770736 -0.016986 
101 1.073026 0.000000 0.323185 99.169702 0.031499 -9.197733 0.008077 
102 0.752198 0.000000 0.638183 99.392012 0.029082 -8.260850 0.005299 
103 0.591784 0.000000 -0.149310 97.110237 0.085506 -8.738421 0.049323 
104 0.431370 0.000000 -0.149310 97.874475 0.113127 -4.958643 0.039599 
105 0.591784 0.000000 -0.306809 99.069844 0.070298 -7.553820 0.012810 
106 0.752198 0.000000 -0.149310 97.985563 0.046434 -10.952729 0.027887 
107 0.591784 0.000000 0.008188 74.723949 1.472336 -13.245661 0.423872 
108 0.110542 0.000000 0.323185 98.979665 0.065099 -5.494684 0.017283 
109 -0.210286 0.000000 0.323185 97.910915 0.020111 -7.779550 0.035293 
110 0.110542 0.000000 0.638183 99.380287 0.015476 -7.530670 0.006685 
111 0.270956 0.000000 -0.149310 101.341101 0.091824 -2.317181 -0.027540 
112 0.110542 0.000000 -0.149310 106.980259 0.088620 -6.848149 -0.149168 
113 0.270956 0.000000 -0.306809 101.574069 0.059913 -5.996070 -0.035325 
114 0.270956 0.000000 0.008188 97.065672 0.107327 1.429690 0.057620 
115 0.591784 0.000000 0.165687 99.362546 0.114457 -12.843474 -0.003788 
116 0.431370 0.000000 0.165687 102.840080 0.186929 -12.171024 -0.072425 
117 0.752198 0.000000 0.165687 98.592671 0.079434 -11.249691 0.015292 
118 0.591784 0.000000 0.323185 99.801765 0.083235 -9.795600 -0.005635 
119 0.511577 0.000000 -0.070561 94.462673 0.126553 -7.446065 0.102134 
120 0.431370 0.000000 -0.070561 95.487859 0.156047 -4.460768 0.086215 
121 0.511577 0.000000 -0.149310 96.979172 0.129863 -7.229257 0.054276 
122 0.591784 0.000000 -0.070561 95.044403 0.091268 -10.367673 0.085906 
123 0.511577 0.000000 0.008188 95.863421 1.276023 -13.817408 0.061766 
124 15.831124 0.000000 -5.031768 99.689734 0.000221 -7.889657 -0.000029 
125 15.831124 0.000000 -10.071724 99.681166 0.000046 -8.007004 -0.000045 
126 20.964375 0.000000 -5.031768 99.690831 0.000248 -7.866141 -0.000014 
127 15.831124 0.000000 0.008188 99.692067 -0.002031 -7.835680 0.000009 
128 8.131247 0.000000 -2.511790 99.703462 0.000480 -7.761957 -0.000103 
129 8.131247 0.000000 -5.031768 99.694813 -0.000200 -7.916282 -0.000172 
130 10.697873 0.000000 -2.511790 99.700038 0.000239 -7.768642 -0.000045 
131 8.131247 0.000000 0.008188 99.637486 -0.000304 -8.478916 0.000048 
132 4.281308 0.000000 -1.251801 99.698723 -0.001134 -7.962319 -0.000323 
133 4.281308 0.000000 -2.511790 99.728036 0.001027 -7.761878 -0.000593 
134 5.564621 0.000000 -1.251801 99.677073 -0.003543 -8.097085 -0.000108 
135 4.281308 0.000000 0.008188 99.526712 0.004651 -9.686093 0.000061 
136 2.356339 0.000000 -0.621806 99.631356 -0.010926 -8.814115 -0.000410 
137 2.356339 0.000000 -1.251801 99.769261 0.001566 -7.800638 -0.001476 
138 2.997996 0.000000 -0.621806 99.596200 -0.014610 -9.156143 -0.000324 
139 2.356339 0.000000 0.008188 99.355988 0.015746 -10.994448 0.000751 
140 1.393855 0.000000 -0.306809 99.350649 0.002664 -10.288044 0.002360 
141 1.393855 0.000000 -0.621806 99.712222 0.007514 -8.286089 -0.001119 
142 1.714683 0.000000 -0.306809 99.364608 -0.013164 -10.847136 0.000901 
143 1.393855 0.000000 0.008188 99.038053 0.052764 -12.203046 0.004255 
144 0.912612 0.000000 -0.149310 98.525072 0.021159 -11.957422 0.014983 
145 0.912612 0.000000 -0.306809 99.133520 0.033791 -9.367396 0.008480 
146 1.073026 0.000000 -0.149310 98.834713 -0.011590 -12.377867 0.007849 
147 0.912612 0.000000 0.008188 98.303774 0.112796 -13.539447 0.015304 
148 0.671991 0.000000 -0.070561 96.586296 0.055430 -12.443977 0.051623 
149 0.671991 0.000000 -0.149310 97.525205 0.054518 -10.182231 0.038515 
150 0.752198 0.000000 -0.070561 97.503843 0.021566 -13.003989 0.032390 
151 0.671991 0.000000 0.008188 96.495295 0.100217 -14.174324 0.048774 
152 0.270956 0.000000 0.165687 105.729967 0.139660 -6.729838 -0.122414 
153 0.110542 0.000000 0.165687 100.448222 0.140459 0.636226 -0.009027 
154 0.270956 0.000000 0.323185 100.836296 0.114674 -6.847774 -0.021486 
155 0.511577 0.000000 0.086937 100.844441 0.193130 -17.315312 -0.046946 
156 0.431370 0.000000 0.086937 107.960378 0.453326 -23.357668 -0.220123 
157 0.591784 0.000000 0.086937 97.881804 0.144330 -15.228427 0.018723 
158 0.511577 0.000000 0.165687 100.639324 0.143029 -12.543162 -0.028562 
159 0.551681 0.000000 -0.031187 92.463085 0.113856 -9.638605 0.135766 
160 0.511577 0.000000 -0.031187 92.413007 0.110711 -8.236439 0.139198 
161 0.551681 0.000000 -0.070561 94.504208 0.104794 -8.851086 0.099060 
162 0.591784 0.000000 -0.031187 93.351996 0.109174 -12.095580 0.113909 
163 0.551681 0.000000 0.008188 86.960472 2.426818 -18.633151 0.208479 
164 15.831124 0.000000 5.048144 99.679361 -0.000056 -7.970778 0.000049 
165 20.964375 0.000000 5.048144 99.679945 -0.000059 -7.979592 0.000023 
166 15.831124 0.000000 10.088100 99.674825 0.000014 -8.020843 0.000060 
167 8.131247 0.000000 2.528166 99.683068 -0.000356 -7.828576 0.000200 
168 10.697873 0.000000 2.528166 99.686850 -0.000408 -7.847556 0.000095 
169 8.131247 0.000000 5.048144 99.671219 0.000510 -7.954192 0.000238 
170 4.281308 0.000000 1.268177 99.658520 -0.001324 -7.718226 0.000861 
171 5.564621 0.000000 1.268177 99.681219 -0.001204 -7.734101 0.000384 
172 4.281308 0.000000 2.528166 99.651131 -0.000072 -7.798067 0.000884 
173 2.356339 0.000000 0.638183 99.540237 0.006195 -8.033904 0.002720 
174 2.997996 0.000000 0.638183 99.598695 0.000735 -8.012418 0.001590 
175 2.356339 0.000000 1.268177 99.562520 0.002771 -7.721791 0.002768 
176 1.393855 0.000000 0.323185 99.294483 0.015115 -8.982066 0.005993 
177 1.714683 0.000000 0.323185 99.387960 0.011493 -8.829230 0.004408 
178 1.393855 0.000000 0.638183 99.372158 0.017548 -8.119387 0.005925 
179 0.912612 0.000000 0.165687 98.847567 0.068466 -11.003795 0.010807 
180 1.073026 0.000000 0.165687 98.997212 0.041115 -10.409366 0.009120 
181 0.912612 0.000000 0.323185 99.238136 0.037647 -9.610050 0.005944 
182 0.671991 0.000000 0.086937 97.688438 0.106182 -13.363652 0.027837 
183 0.752198 0.000000 0.086937 98.025519 0.099073 -12.419584 0.023674 
184 0.671991 0.000000 0.165687 98.715615 0.098517 -12.000252 0.011121 
185 0.631888 0.000000 -0.031187 95.267931 0.088632 -13.209481 0.074952 
186 0.631888 0.000000 -0.070561 95.865778 0.061940 -11.721152 0.067236 
187 0.671991 0.000000 -0.031187 96.377872 0.078455 -13.331376 0.053357 
188 0.631888 0.000000 0.008188 95.433688 0.109653 -14.350191 0.068647 
189 0.551681 0.000000 0.047563 97.700086 0.221798 -19.149455 0.008794 
190 0.511577 0.000000 0.047563 102.026147 1.078677 -28.442683 -0.121948 
191 0.591784 0.000000 0.047563 96.059963 0.167412 -16.576081 0.049769 
192 0.551681 0.000000 0.086937 98.922199 0.173872 -16.099724 -0.004483 
193 0.571732 0.000000 -0.011499 78.613732 1.876479 -13.735375 0.362770 
194 0.551681 0.000000 -0.011499 83.856623 2.207375 -12.320739 0.281139 
195 0.571732 0.000000 -0.031187 92.512666 0.116290 -10.893772 0.132272 
196 0.591784 0.000000 -0.011499 92.349907 0.137078 -13.418640 0.129142 
197 0.571732 0.000000 0.008188 77.014622 1.715931 -13.974655 0.387051 
198 0.351163 0.000000 -0.070561 97.166900 0.216111 -1.453054 0.055644 
199 0.270956 0.000000 -0.070561 98.444214 0.075687 1.825780 0.030540 
200 0.351163 0.000000 -0.149310 99.377560 0.165880 -3.266823 0.011340 
201 0.351163 0.000000 0.008188 99.178835 0.187712 -2.313462 0.015817 
202 0.471473 0.000000 -0.031187 94.062544 0.642948 -1.356177 0.114999 
203 0.431370 0.000000 -0.031187 95.209572 0.399750 -0.128662 0.093496 
204 0.471473 0.000000 -0.070561 94.835536 0.105576 -5.946683 0.097085 
205 0.471473 0.000000 0.008188 97.115689 0.655932 -8.700630 0.049241 
206 0.531629 0.000000 -0.011499 91.096076 1.932337 -8.108607 0.163202 
207 0.511577 0.000000 -0.011499 93.698967 1.160650 -5.508466 0.118881 
208 0.531629 0.000000 -0.031187 92.442151 0.118230 -9.199288 0.136981 
209 0.531629 0.000000 0.008188 92.745497 1.886749 -17.326835 0.109449 
210 0.631888 0.000000 0.047563 96.514827 0.129331 -14.768429 0.046676 
211 0.671991 0.000000 0.047563 97.032533 0.115438 -14.058082 0.038704 
212 0.631888 0.000000 0.086937 97.631987 0.118865 -14.211570 0.026601 
213 0.571732 0.000000 0.027875 94.521512 0.223097 -19.696724 0.067767 
214 0.551681 0.000000 0.027875 87.394545 2.245883 -27.141028 0.162051 
215 0.591784 0.000000 0.027875 94.470706 0.165873 -16.953535 0.078784 
216 0.571732 0.000000 0.047563 96.483555 0.195272 -18.159050 0.036113 
217 0.561706 0.000000 -0.001656 79.956227 1.907126 -13.293529 0.342665 
218 0.551681 0.000000 -0.001656 85.414078 2.433194 -11.349785 0.256970 
219 0.561706 0.000000 -0.011499 80.728397 1.995203 -11.620933 0.334390 
220 0.571732 0.000000 -0.001656 76.812048 1.686106 -13.431043 0.391667 
221 0.561706 0.000000 0.008188 81.357305 2.032795 -15.004486 0.315172 
222 -14.968384 0.000000 -5.031768 99.677775 -0.000029 -8.049379 -0.000045 
223 -20.101635 0.000000 -5.031768 99.676686 -0.000018 -8.048347 -0.000022 
224 -14.968384 0.000000 -10.071724 99.678486 -0.000022 -8.048066 -0.000057 
225 -14.968384 0.000000 0.008188 99.675859 -0.000031 -8.050078 -0.000008 
226 -7.268507 0.000000 -2.511790 99.683288 -0.000407 -8.057886 -0.000169 
227 -9.835133 0.000000 -2.511790 99.679283 -0.000060 -8.053433 -0.000082 
228 -7.268507 0.000000 -5.031768 99.686306 -0.000066 -8.052497 -0.000220 
229 -7.268507 0.000000 0.008188 99.675661 -0.000156 -8.060399 -0.000021 
230 -3.418569 0.000000 -1.251801 99.700494 -0.000212 -8.090698 -0.000565 
231 -4.701881 0.000000 -1.251801 99.687681 -0.000184 -8.073794 -0.000282 
232 -3.418569 0.000000 -2.511790 99.713815 -0.000162 -8.071555 -0.000799 
233 -3.418569 0.000000 0.008188 99.671116 -0.000196 -8.098473 0.000008 
234 -1.493599 0.000000 -0.621806 99.775595 -0.000049 -8.330856 -0.002457 
235 -2.135256 0.000000 -0.621806 99.713538 0.002417 -8.179777 -0.000970 
236 -1.493599 0.000000 -1.251801 99.817197 -0.002900 -8.186093 -0.003048 
237 -1.493599 0.000000 0.008188 99.623748 0.000504 -8.365907 0.000512 
238 -0.531115 0.000000 -0.306809 99.812190 0.007848 -8.912747 -0.004191 
239 -0.851943 0.000000 -0.306809 99.638417 0.008106 -8.374868 0.000205 
240 -0.531115 0.000000 -0.621806 100.044479 0.010723 -8.548837 -0.008198 
241 -0.531115 0.000000 0.008188 99.178393 0.003130 -8.929189 0.008392 
242 -0.049872 0.000000 -0.149310 102.401462 0.096461 -12.357390 -0.063877 
243 -0.210286 0.000000 -0.149310 99.734785 0.008393 -10.930314 -0.006650 
244 -0.049872 0.000000 -0.306809 101.738763 0.032731 -9.423230 -0.043957 
245 -0.049872 0.000000 0.008188 87.523042 0.127410 -17.741655 0.202493 
246 0.190749 0.000000 -0.070561 107.223535 -0.120812 12.516126 -0.165355 
247 0.110542 0.000000 -0.070561 111.925926 -0.144562 -14.501707 -0.273773 
248 0.190749 0.000000 -0.149310 104.932828 0.093272 -2.675412 -0.101806 
249 0.190749 0.000000 0.008188 93.911051 -0.503562 4.157650 0.116317 
250 0.351163 0.000000 0.086937 111.226453 0.224052 -16.516875 -0.264418 
251 0.270956 0.000000 0.086937 112.583200 0.306814 -9.731371 -0.276977 
252 0.351163 0.000000 0.165687 104.695053 0.225589 -9.939620 -0.105990 
253 0.311059 0.000000 -0.031187 96.302230 0.138081 2.515078 0.071954 
254 0.270956 0.000000 -0.031187 94.974789 0.073356 2.981634 0.097089 
255 0.311059 0.000000 -0.070561 97.755722 0.108534 -0.333936 0.044370 
256 0.351163 0.000000 -0.031187 96.155976 0.175847 1.841609 0.075061 
257 0.311059 0.000000 0.008188 99.280852 0.143593 -0.676524 0.014283 
258 -14.968384 0.000000 5.048144 99.673972 -0.000023 -8.049360 0.000031 
259 -20.101635 0.000000 5.048144 99.674966 -0.000016 -8.048348 0.000013 
260 -14.968384 0.000000 10.088100 99.673283 -0.000014 -8.048082 0.000047 
261 -7.268507 0.000000 2.528166 99.668435 0.000109 -8.057422 0.000128 
262 -9.835133 0.000000 2.528166 99.672520 -0.000049 -8.053294 0.000053 
263 -7.268507 0.000000 5.048144 99.665950 -0.000033 -8.052126 0.000186 
264 -3.418569 0.000000 1.268177 99.645504 -0.000093 -8.085647 0.000540 
265 -4.701881 0.000000 1.268177 99.661905 -0.000130 -8.072117 0.000235 
266 -3.418569 0.000000 2.528166 99.637603 -0.000008 -8.066738 0.000728 
267 -1.493599 0.000000 0.638183 99.506481 0.001490 -8.284032 0.002984 
268 -2.135256 0.000000 0.638183 99.606692 -0.001547 -8.164023 0.001186 
269 -1.493599 0.000000 1.268177 99.534160 0.003657 -8.113505 0.002712 
270 -0.531115 0.000000 0.323185 98.932213 0.002824 -8.459578 0.014085 
271 -0.851943 0.000000 0.323185 99.389657 -0.007461 -8.203686 0.005440 
272 -0.531115 0.000000 0.638183 99.136306 -0.008834 -8.145413 0.010565 
273 -0.049872 0.000000 0.165687 94.331533 0.081712 -5.034246 0.107621 
274 -0.210286 0.000000 0.165687 96.769371 -0.014321 -8.870163 0.055701 
275 -0.049872 0.000000 0.323185 97.376539 -0.008508 -6.673366 0.047328 
276 0.190749 0.000000 0.086937 112.123875 0.614893 2.272470 -0.257731 
277 0.110542 0.000000 0.086937 107.777932 0.828107 16.576357 -0.189154 
278 0.190749 0.000000 0.165687 104.702518 0.155587 -2.384506 -0.096833 
279 0.230852 0.000000 -0.031187 94.658152 0.058933 3.104633 0.103019 
280 0.190749 0.000000 -0.031187 74.437797 -0.493914 64.175310 0.034030 
281 0.230852 0.000000 -0.070561 99.597865 -0.012894 6.265657 0.004101 
282 0.230852 0.000000 0.008188 91.092902 -0.184965 2.462524 0.169599 
283 0.030335 0.000000 -0.070561 110.884280 0.069909 -14.095166 -0.249400 
284 -0.049872 0.000000 -0.070561 100.709413 0.101512 -16.815610 -0.042516 
285 0.030335 0.000000 -0.149310 105.531879 0.090467 -10.693951 -0.125135 
286 0.030335 0.000000 0.008188 84.791978 1.146861 3.361816 0.279770 
287 0.150645 0.000000 -0.031187 129.014442 -0.448368 0.406989 -0.664509 
288 0.110542 0.000000 -0.031187 75.863858 -0.549024 -63.620170 0.019685 
289 0.150645 0.000000 -0.070561 135.936408 -0.450242 0.027497 -0.847891 
290 0.150645 0.000000 0.008188 16.381385 -8.076104 0.706184 0.966593 
291 0.230852 0.000000 0.047563 111.080820 0.464428 -2.066957 -0.234344 
292 0.190749 0.000000 0.047563 112.111188 0.620268 2.406617 -0.257510 
293 0.270956 0.000000 0.047563 109.305809 0.274410 -7.573348 -0.200519 
294 0.230852 0.000000 0.086937 112.550277 0.470518 -2.705071 -0.267510 
295 0.210801 0.000000 -0.011499 54.730190 -0.649761 17.723347 0.669007 
296 0.190749 0.000000 -0.011499 35.854304 -0.637806 42.268199 0.692746 
297 0.210801 0.000000 -0.031187 94.685504 0.061032 3.105557 0.102501 
298 0.230852 0.000000 -0.011499 89.141967 -0.240177 3.278853 0.204290 
299 0.210801 0.000000 0.008188 83.824642 -0.668275 3.708515 0.295923 
300 0.030335 0.000000 0.086937 88.229265 0.165510 7.285642 0.216249 
301 -0.049872 0.000000 0.086937 89.230299 0.106991 -6.075307 0.200103 
302 0.030335 0.000000 0.165687 95.605331 0.113407 -0.824317 0.085893 
303 0.070438 0.000000 -0.031187 104.775219 0.025576 5.004747 -0.100289 
304 0.030335 0.000000 -0.031187 122.859314 0.856916 -9.166963 -0.517918 
305 0.070438 0.000000 -0.070561 109.847962 -0.021732 -10.787723 -0.218295 
306 0.070438 0.000000 0.008188 100.508538 -0.156037 5.353889 -0.013065 
307 0.070438 0.000000 0.047563 94.210277 0.942180 29.911174 0.022886 
308 0.030335 0.000000 0.047563 75.667296 1.034461 36.472298 0.294316 
309 0.110542 0.000000 0.047563 103.518300 0.892322 21.787450 -0.119153 
310 0.070438 0.000000 0.086937 98.970826 0.980660 27.286712 -0.054075 
311 0.090490 0.000000 -0.011499 91.186809 -0.591679 6.311425 0.164478 
312 0.070438 0.000000 -0.011499 105.382040 0.052473 3.961128 -0.112107 
313 0.090490 0.000000 -0.031187 95.084259 -0.386924 5.797756 0.092522 
314 0.110542 0.000000 -0.011499 41.720100 -0.555350 -48.489255 0.590792 
315 0.090490 0.000000 0.008188 94.704848 -0.403074 5.828804 0.099685 
316 -0.370701 0.000000 -0.149310 99.454660 -0.011754 -9.739071 0.001392 
317 -0.531115 0.000000 -0.149310 99.510479 0.008471 -9.017889 0.001634 
318 -0.370701 0.000000 -0.306809 100.081283 0.010866 -9.379594 -0.010424 
319 -0.370701 0.000000 0.008188 98.639975 0.013034 -9.497050 0.017996 
320 -0.130079 0.000000 -0.070561 98.439816 -0.046890 -12.919023 0.014270 
321 -0.210286 0.000000 -0.070561 98.596080 -0.000304 -11.218174 0.015297 
322 -0.130079 0.000000 -0.149310 100.462193 -0.023371 -11.799869 -0.023189 
323 -0.130079 0.000000 0.008188 95.289599 0.093051 -11.910941 0.077801 
324 -0.009769 0.000000 -0.031187 105.248784 0.154086 -29.626173 -0.195504 
325 -0.049872 0.000000 -0.031187 96.027421 0.114921 -20.042969 0.037700 
326 -0.009769 0.000000 -0.070561 105.730517 0.102393 -18.073238 -0.150559 
327 -0.009769 0.000000 0.008188 51.763621 1.677301 -32.475847 0.626303 
328 -0.370701 0.000000 0.165687 98.303419 0.002627 -8.811314 0.025880 
329 -0.531115 0.000000 0.165687 98.961925 0.007127 -8.700063 0.013085 
330 -0.370701 0.000000 0.323185 98.617704 0.016032 -8.178301 0.020766 
331 -0.130079 0.000000 0.086937 94.375032 0.002849 -9.271093 0.100740 
332 -0.210286 0.000000 0.086937 96.722522 -0.019107 -9.644480 0.055174 
333 -0.130079 0.000000 0.165687 95.565211 0.019593 -7.686930 0.080820 
334 -0.009769 0.000000 0.047563 75.342865 0.180505 -1.970795 0.431954 
335 -0.049872 0.000000 0.047563 85.943718 0.122739 -10.032637 0.251301 
336 -0.009769 0.000000 0.086937 86.424436 0.134950 -0.549757 0.253050 
337 0.010283 0.000000 -0.011499 93.647586 1.535517 -40.774973 -0.043483 
338 -0.009769 0.000000 -0.011499 73.661030 1.737918 -54.047978 0.164985 
339 0.010283 0.000000 -0.031187 116.563115 1.359653 -38.146545 -0.504397 
340 0.030335 0.000000 -0.011499 121.518340 0.968975 -15.333996 -0.500278 
341 0.010283 0.000000 0.008188 48.896725 1.510866 -9.538020 0.751585 
342 -0.089976 0.000000 -0.031187 96.092179 0.096678 -15.132430 0.053729 
343 -0.130079 0.000000 -0.031187 96.812291 0.092857 -12.706919 0.046591 
344 -0.089976 0.000000 -0.070561 98.856233 0.093832 -14.563633 0.001534 
345 -0.089976 0.000000 0.008188 92.983699 0.096982 -13.786716 0.116395 
346 -0.029821 0.000000 -0.011499 90.109746 0.151404 -27.185236 0.114117 
347 -0.049872 0.000000 -0.011499 91.720470 0.122686 -20.136037 0.118188 
348 -0.029821 0.000000 -0.031187 97.945014 0.127136 -24.642685 -0.020050 
349 -0.029821 0.000000 0.008188 80.529691 0.167143 -22.572743 0.300541 
350 0.010283 0.000000 0.027875 42.759417 1.292980 27.435363 0.741726 
351 -0.009769 0.000000 0.027875 18.951117 1.551460 4.912908 0.961431 
352 0.030335 0.000000 0.027875 67.198921 1.087591 36.558671 0.414659 
353 0.010283 0.000000 0.047563 72.916943 0.275618 8.492450 0.461092 
354 0.000257 0.000000 -0.001656 55.537098 1.780902 -49.070694 0.450453 
355 -0.009769 0.000000 -0.001656 54.937258 1.684975 -35.441560 0.572295 
356 0.000257 0.000000 -0.011499 83.081388 1.614373 -44.833701 0.108482 
357 0.010283 0.000000 -0.001656 81.238235 1.562764 -36.210279 0.208672 
358 0.000257 0.000000 0.008188 29.249580 1.635039 -14.557150 0.892988 
359 0.050386 0.000000 0.027875 84.834963 1.002669 33.753474 0.166273 
360 0.050386 0.000000 0.008188 116.184468 0.514334 1.167551 -0.350046 
361 0.070438 0.000000 0.027875 91.995826 0.984160 31.097289 0.056876 
362 0.050386 0.000000 0.047563 85.997575 0.997902 33.470565 0.148314 
363 0.311059 0.000000 0.047563 108.393525 0.200203 -9.784884 -0.184494 
364 0.351163 0.000000 0.047563 109.394526 0.235111 -14.563303 -0.217931 
365 0.311059 0.000000 0.086937 112.151836 0.230617 -13.594379 -0.276289 
366 0.471473 0.000000 0.047563 105.921788 0.561099 -25.562239 -0.187317 
367 0.431370 0.000000 0.047563 106.680915 0.445423 -21.591100 -0.184719 
368 0.471473 0.000000 0.086937 102.771035 0.223224 -16.932701 -0.084865 
369 0.531629 0.000000 0.027875 97.773532 1.772477 -28.774599 -0.039078 
370 0.511577 0.000000 0.027875 100.924419 1.111078 -25.169317 -0.082047 
371 0.531629 0.000000 0.047563 99.399337 0.246083 -20.371630 -0.029529 
372 -4.701881 0.000000 -15.111679 99.682095 -0.000011 -8.043797 -0.000122 
373 -9.835133 0.000000 -15.111679 99.679952 -0.000016 -8.046249 -0.000083 
374 -4.701881 0.000000 -20.151635 99.679599 -0.000006 -8.044471 -0.000074 
375 0.431370 0.000000 -15.111679 99.683369 0.000003 -8.039275 -0.000140 
376 -2.135256 0.000000 -7.551746 99.700516 -0.001111 -8.036476 -0.000478 
377 -4.701881 0.000000 -7.551746 99.692160 -0.000037 -8.045473 -0.000326 
378 -2.135256 0.000000 -10.071724 99.690921 -0.000005 -8.038387 -0.000290 
379 0.431370 0.000000 -7.551746 99.705364 -0.001018 -8.019549 -0.000547 
380 -0.851943 0.000000 -3.771779 99.764529 -0.000625 -8.016964 -0.001723 
381 -2.135256 0.000000 -3.771779 99.736330 -0.000026 -8.046030 -0.001207 
382 -0.851943 0.000000 -5.031768 99.732794 0.000073 -8.018749 -0.001093 
383 0.431370 0.000000 -3.771779 99.791359 0.000274 -7.961600 -0.002170 
384 -0.210286 0.000000 -1.881795 99.994559 -0.005093 -8.000097 -0.006291 
385 -0.851943 0.000000 -1.881795 99.874208 0.000514 -8.071636 -0.004001 
386 -0.210286 0.000000 -2.511790 99.889840 0.003042 -7.980464 -0.004167 
387 0.431370 0.000000 -1.881795 100.022060 -0.004672 -7.857111 -0.006615 
388 0.110542 0.000000 -0.936804 100.474625 0.024097 -7.961107 -0.015853 
389 -0.210286 0.000000 -0.936804 100.245002 0.034687 -8.211474 -0.011649 
390 0.110542 0.000000 -1.251801 100.272880 0.013187 -7.954442 -0.011792 
391 0.431370 0.000000 -0.936804 100.443547 0.022359 -7.676811 -0.014784 
392 0.270956 0.000000 -0.464308 101.251990 0.041050 -7.160515 -0.030324 
393 0.110542 0.000000 -0.464308 101.650367 0.021079 -7.937701 -0.039580 
394 0.270956 0.000000 -0.621806 100.826048 0.062940 -7.634460 -0.022418 
395 0.431370 0.000000 -0.464308 100.385996 0.047615 -7.052420 -0.012709 
396 0.190749 0.000000 -0.228060 103.160566 0.099528 -5.534706 -0.067275 
397 0.110542 0.000000 -0.228060 103.938617 0.092487 -7.325378 -0.085691 
398 0.190749 0.000000 -0.306809 102.384351 0.058964 -6.649024 -0.052677 
399 0.270956 0.000000 -0.228060 101.941009 0.112162 -4.534171 -0.041254 
400 0.150645 0.000000 -0.109936 109.900625 0.026305 -2.850445 -0.208627 
401 0.110542 0.000000 -0.109936 109.730560 0.035403 -7.445448 -0.209623 
402 0.150645 0.000000 -0.149310 106.513284 0.085272 -4.506893 -0.136540 
403 0.190749 0.000000 -0.109936 106.399303 0.044258 0.996018 -0.132181 
404 0.130593 0.000000 -0.050874 124.760300 -0.461919 -32.594924 -0.662777 
405 0.110542 0.000000 -0.050874 100.193882 -0.494054 -56.765975 -0.326143 
406 0.130593 0.000000 -0.070561 120.570584 -0.465463 -42.653717 -0.635682 
407 0.150645 0.000000 -0.050874 130.745477 -0.448632 0.853839 -0.709531 
408 0.130593 0.000000 -0.031187 112.071672 -0.480359 -42.179964 -0.433944 
409 -0.049872 0.000000 -0.464308 101.319251 -0.002298 -8.700953 -0.034130 
410 -0.210286 0.000000 -0.464308 100.857687 0.024465 -9.113136 -0.025532 
411 -0.049872 0.000000 -0.621806 101.045793 0.038021 -8.430572 -0.028133 
412 0.030335 0.000000 -0.228060 103.400405 0.091089 -9.213250 -0.077654 
413 -0.049872 0.000000 -0.228060 102.291891 -0.018154 -10.428559 -0.057239 
414 0.030335 0.000000 -0.306809 102.589883 0.010318 -8.755955 -0.060135 
415 0.070438 0.000000 -0.109936 108.646623 0.065194 -9.847527 -0.190107 
416 0.030335 0.000000 -0.109936 107.362396 0.083463 -12.205948 -0.167568 
417 0.070438 0.000000 -0.149310 106.561858 0.083941 -8.961575 -0.143575 
418 0.090490 0.000000 -0.050874 103.512870 -0.261062 -15.475066 -0.095446 
419 0.070438 0.000000 -0.050874 108.601153 -0.114803 -9.444634 -0.188342 
420 0.090490 0.000000 -0.070561 109.253550 -0.091472 -12.311928 -0.208793 
421 0.150645 0.000000 0.047563 109.651913 0.786543 10.871378 -0.214235 
422 0.150645 0.000000 0.086937 109.771689 0.777189 10.512000 -0.216093 
423 0.130593 0.000000 -0.011499 120.570584 -0.465463 -42.653717 -0.635682 
424 0.150645 0.000000 -0.011499 135.936408 -0.450242 0.027497 -0.847891 
425 0.130593 0.000000 0.008188 17.522869 -8.057312 -2.503310 0.962176 
426 0.120568 0.000000 -0.041030 101.825052 -0.487187 -55.773228 -0.347923 
427 0.110542 0.000000 -0.041030 88.898074 -0.518946 -60.250441 -0.153325 
428 0.120568 0.000000 -0.050874 108.190902 -0.482235 -46.428765 -0.386113 
429 0.130593 0.000000 -0.041030 114.286393 -0.476126 -41.655797 -0.479681 
430 0.120568 0.000000 -0.031187 94.810408 -0.509890 -53.201378 -0.181966 
431 0.170697 0.000000 -0.050874 123.005349 -0.432228 33.332527 -0.624156 
432 0.170697 0.000000 -0.070561 119.273326 -0.427227 42.420386 -0.602580 
433 0.190749 0.000000 -0.050874 98.835295 -0.442423 56.620909 -0.297454 
434 0.170697 0.000000 -0.031187 106.991494 -0.442238 45.452097 -0.351327 
435 2.035511 0.000000 -0.306809 99.285576 -0.020783 -11.656070 0.000651 
436 2.035511 0.000000 -0.621806 99.659709 -0.007927 -8.634289 -0.000661 
437 2.356339 0.000000 -0.306809 99.223816 -0.022328 -12.432297 0.000007 
438 2.035511 0.000000 0.008188 99.292833 0.021293 -11.391208 0.001117 
439 5.564621 0.000000 -15.111679 99.682521 0.000016 -8.034539 -0.000116 
440 5.564621 0.000000 -20.151635 99.679785 0.000005 -8.040356 -0.000071 
441 10.697873 0.000000 -15.111679 99.680710 0.000020 -8.031527 -0.000075 
442 15.831124 0.000000 -15.111679 99.679293 0.000020 -8.029900 -0.000044 
443 15.831124 0.000000 -20.151635 99.678317 0.000010 -8.037752 -0.000037 
444 20.964375 0.000000 -15.111679 99.678469 0.000017 -8.028801 -0.000026 
445 -14.968384 0.000000 -15.111679 99.678299 -0.000015 -8.047100 -0.000052 
446 -20.101635 0.000000 -15.111679 99.677297 -0.000012 -8.047279 -0.000032 
447 -14.968384 0.000000 -20.151635 99.677845 -0.000010 -8.046596 -0.000042 
448 2.997996 0.000000 -7.551746 99.701996 -0.001210 -8.001941 -0.000452 
449 2.997996 0.000000 -10.071724 99.691614 0.000045 -8.022577 -0.000278 
450 5.564621 0.000000 -7.551746 99.694875 -0.000516 -7.991036 -0.000292 
451 8.131247 0.000000 -7.551746 99.689310 0.000113 -7.985093 -0.000172 
452 8.131247 0.000000 -10.071724 99.685818 0.000058 -8.012704 -0.000147 
453 10.697873 0.000000 -7.551746 99.686050 0.000100 -7.981453 -0.000101 
454 -7.268507 0.000000 -7.551746 99.685744 -0.000044 -8.048623 -0.000203 
455 -9.835133 0.000000 -7.551746 99.681844 -0.000039 -8.049235 -0.000126 
456 -7.268507 0.000000 -10.071724 99.684047 -0.000029 -8.046557 -0.000166 
457 1.714683 0.000000 -3.771779 99.777796 0.002694 -7.904510 -0.001809 
458 1.714683 0.000000 -5.031768 99.733994 -0.000717 -7.964675 -0.001031 
459 2.997996 0.000000 -3.771779 99.741935 0.000716 -7.876360 -0.001049 
460 4.281308 0.000000 -3.771779 99.721426 -0.002760 -7.863693 -0.000620 
461 4.281308 0.000000 -5.031768 99.712401 0.000123 -7.931921 -0.000548 
462 5.564621 0.000000 -3.771779 99.709571 -0.000252 -7.855422 -0.000371 
463 -3.418569 0.000000 -3.771779 99.713125 -0.000112 -8.056212 -0.000761 
464 -4.701881 0.000000 -3.771779 99.698739 -0.000124 -8.057747 -0.000477 
465 -3.418569 0.000000 -5.031768 99.707448 -0.000078 -8.047631 -0.000634 
466 1.073026 0.000000 -1.881795 99.962446 -0.003336 -7.743673 -0.005246 
467 1.073026 0.000000 -2.511790 99.884693 0.003498 -7.827179 -0.003822 
468 1.714683 0.000000 -1.881795 99.851806 0.002407 -7.720528 -0.002999 
469 2.356339 0.000000 -1.881795 99.814132 0.003015 -7.692437 -0.002203 
470 2.356339 0.000000 -2.511790 99.813349 0.008851 -7.747696 -0.002273 
471 2.997996 0.000000 -1.881795 99.778474 0.007075 -7.692974 -0.001493 
472 -1.493599 0.000000 -1.881795 99.818378 0.000770 -8.110594 -0.002949 
473 -2.135256 0.000000 -1.881795 99.764746 0.005878 -8.108590 -0.001875 
474 -1.493599 0.000000 -2.511790 99.800479 0.007858 -8.070025 -0.002526 
475 0.752198 0.000000 -0.936804 100.134242 0.057769 -7.642619 -0.008528 
476 0.752198 0.000000 -1.251801 100.185921 0.021100 -7.674943 -0.009612 
477 1.073026 0.000000 -0.936804 99.943433 0.006828 -7.723756 -0.004835 
478 1.393855 0.000000 -0.936804 99.918194 0.014045 -7.749048 -0.004369 
479 1.393855 0.000000 -1.251801 99.949488 0.005702 -7.664063 -0.004864 
480 1.714683 0.000000 -0.936804 99.826933 0.003247 -7.859457 -0.002719 
481 -0.531115 0.000000 -0.936804 99.947684 0.019868 -8.225591 -0.005720 
482 -0.851943 0.000000 -0.936804 99.975847 0.009278 -8.341098 -0.006474 
483 -0.531115 0.000000 -1.251801 100.093207 0.012306 -8.199945 -0.008589 
484 0.591784 0.000000 -0.464308 99.765475 0.005167 -7.459035 -0.000879 
485 0.591784 0.000000 -0.621806 100.117163 0.041970 -7.514588 -0.007992 
486 0.752198 0.000000 -0.464308 99.650891 0.026105 -7.864887 0.000784 
487 0.912612 0.000000 -0.464308 99.624405 0.033104 -8.235056 0.000716 
488 0.912612 0.000000 -0.621806 100.036685 0.015110 -7.707541 -0.006674 
489 1.073026 0.000000 -0.464308 99.699364 0.003467 -8.367127 -0.000997 
490 0.351163 0.000000 -0.228060 100.200220 0.091736 -5.005144 -0.006514 
491 0.351163 0.000000 -0.306809 100.719119 0.097692 -5.901227 -0.017918 
492 0.431370 0.000000 -0.228060 99.260906 0.122207 -5.679039 0.011501 
493 2.035511 0.000000 -0.936804 99.772294 -0.002350 -7.948884 -0.001770 
494 2.035511 0.000000 -1.251801 99.822125 -0.001202 -7.734948 -0.002429 
495 2.356339 0.000000 -0.936804 99.723792 -0.000744 -8.060351 -0.000980 
496 2.035511 0.000000 0.323185 99.475364 0.010183 -8.871680 0.002595 
497 2.356339 0.000000 0.323185 99.510996 0.008018 -8.747754 0.002104 
498 2.035511 0.000000 0.638183 99.492128 0.009340 -8.037006 0.003672 
499 0.391266 0.000000 -0.031187 96.022784 0.207665 1.266435 0.077798 
500 0.391266 0.000000 -0.070561 96.316092 0.195949 -2.902621 0.071475 
501 0.391266 0.000000 0.008188 98.727824 0.295389 -3.891096 0.023759 
502 -0.370701 0.000000 -0.464308 100.283176 0.026293 -8.924581 -0.013636 
503 -0.531115 0.000000 -0.464308 99.977697 0.013647 -8.697466 -0.007119 
504 -0.370701 0.000000 -0.621806 100.259659 0.014850 -8.565571 -0.012537 
505 -0.130079 0.000000 -0.228060 101.064265 0.039821 -10.566151 -0.032563 
506 -0.210286 0.000000 -0.228060 100.322655 0.005164 -10.322598 -0.017119 
507 -0.130079 0.000000 -0.306809 101.349030 0.017853 -9.927826 -0.037019 
508 0.230852 0.000000 -0.109936 102.620991 0.074920 0.977285 -0.053203 
509 0.230852 0.000000 -0.149310 102.977593 0.090433 -2.054010 -0.060861 
510 0.270956 0.000000 -0.109936 100.495351 0.096342 -0.344195 -0.009944 
511 0.391266 0.000000 0.047563 108.442660 0.313489 -19.474924 -0.213918 
512 0.391266 0.000000 0.086937 110.415884 0.222175 -19.103670 -0.255667 
513 0.210801 0.000000 -0.050874 95.652513 -0.225688 17.067580 0.055924 
514 0.210801 0.000000 -0.070561 101.874433 -0.072131 9.648177 -0.047149 
515 0.230852 0.000000 -0.050874 93.945449 0.004234 3.080569 0.116476 
516 -0.009769 0.000000 -0.109936 104.771356 0.094094 -13.947702 -0.117158 
517 -0.049872 0.000000 -0.109936 102.064909 0.088661 -13.989484 -0.061296 
518 -0.009769 0.000000 -0.149310 103.975401 0.089686 -11.838813 -0.095105 
519 0.170697 0.000000 -0.011499 96.916379 -0.454260 55.021043 -0.242031 
520 0.170697 0.000000 0.008188 111.979885 0.752075 3.876413 -0.255509 
521 0.050386 0.000000 -0.011499 119.026423 0.662767 -3.437894 -0.417955 
522 0.050386 0.000000 -0.031187 116.219655 0.515864 1.135153 -0.350856 
523 0.090490 0.000000 0.027875 100.601152 0.875374 25.413507 -0.076720 
524 0.110542 0.000000 0.027875 105.243549 0.867495 19.660938 -0.146351 
525 0.090490 0.000000 0.047563 99.355724 0.938722 25.976800 -0.054724 
526 -0.089976 0.000000 -0.109936 100.388793 0.094711 -13.239424 -0.025320 
527 -0.130079 0.000000 -0.109936 99.643434 -0.040838 -12.375475 -0.008197 
528 -0.089976 0.000000 -0.149310 101.116060 0.089024 -12.052416 -0.036973 
529 -0.089976 0.000000 0.047563 91.648789 0.092812 -10.889353 0.148191 
530 -0.130079 0.000000 0.047563 94.389295 -0.016607 -10.722653 0.097569 
531 -0.089976 0.000000 0.086937 92.256632 0.090798 -8.484656 0.141672 
532 -0.029821 0.000000 0.027875 78.248266 0.156600 -13.646906 0.369095 
533 -0.049872 0.000000 0.027875 85.560770 0.126880 -13.721872 0.249105 
534 -0.029821 0.000000 0.047563 81.041828 0.141880 -7.791886 0.337149 
535 0.130593 0.000000 0.027875 107.780547 0.822036 16.576528 -0.189210 
536 0.150645 0.000000 0.027875 108.743342 0.800943 13.671507 -0.201267 
537 0.130593 0.000000 0.047563 108.250637 0.845871 15.112378 -0.194730 
538 0.170697 0.000000 0.027875 111.967528 0.634758 3.876140 -0.255215 
539 0.190749 0.000000 0.027875 111.967437 0.633901 3.876138 -0.255213 
540 0.170697 0.000000 0.047563 110.192093 0.758735 9.242973 -0.222831 
541 0.511577 0.000000 -0.228060 98.736243 0.103424 -6.569097 0.020799 
542 0.511577 0.000000 -0.306809 99.454436 0.066783 -6.835518 0.006209 
543 0.591784 0.000000 -0.228060 98.304522 0.061064 -7.974485 0.027262 
544 0.671991 0.000000 -0.228060 98.334615 0.059108 -8.891395 0.025124 
545 0.671991 0.000000 -0.306809 98.960692 0.063366 -8.109190 0.014102 
546 0.752198 0.000000 -0.228060 98.457592 0.051779 -9.644684 0.021308 
547 0.311059 0.000000 -0.109936 99.269363 0.113886 -1.559176 0.014315 
548 0.311059 0.000000 -0.149310 100.264447 0.115988 -2.690315 -0.006021 
549 0.351163 0.000000 -0.109936 98.426420 0.199514 -2.360223 0.030663 
550 0.391266 0.000000 -0.109936 97.572555 0.176872 -3.498609 0.046733 
551 0.391266 0.000000 -0.149310 98.421979 0.147768 -4.321515 0.029442 
552 0.431370 0.000000 -0.109936 96.756855 0.136411 -4.788920 0.061516 
553 0.210801 0.000000 0.027875 106.701326 0.360933 0.175768 -0.138533 
554 0.230852 0.000000 0.027875 103.456959 0.206263 -1.695152 -0.070626 
555 0.210801 0.000000 0.047563 112.433614 0.540501 -1.200494 -0.264305 
556 0.050386 0.000000 -0.050874 113.241349 -0.003821 -9.812411 -0.291989 
557 0.030335 0.000000 -0.050874 114.882144 0.068898 -14.431312 -0.340617 
558 0.050386 0.000000 -0.070561 110.988660 0.029147 -11.610815 -0.245329 
559 0.010283 0.000000 -0.050874 111.899429 0.105794 -19.863582 -0.291606 
560 -0.009769 0.000000 -0.050874 106.097350 0.114614 -22.083880 -0.174436 
561 0.010283 0.000000 -0.070561 108.890627 0.094215 -16.729143 -0.213704 
562 0.471473 0.000000 -0.109936 96.260278 0.096365 -5.884645 0.069932 
563 0.471473 0.000000 -0.149310 97.383983 0.125983 -5.902112 0.048151 
564 0.511577 0.000000 -0.109936 95.974691 0.128018 -7.074984 0.073879 
565 0.551681 0.000000 -0.109936 95.988064 0.105126 -8.156885 0.071975 
566 0.551681 0.000000 -0.149310 97.065713 0.102517 -7.721718 0.051861 
567 0.591784 0.000000 -0.109936 96.228778 0.088307 -9.355150 0.065250 
568 0.631888 0.000000 -0.109936 96.593849 0.060468 -10.551725 0.055829 
569 0.631888 0.000000 -0.149310 97.265181 0.053828 -9.632791 0.044669 
570 0.671991 0.000000 -0.109936 97.044052 0.048482 -11.174451 0.045758 
571 -0.029821 0.000000 -0.050874 101.436832 0.111818 -20.837159 -0.072363 
572 -0.049872 0.000000 -0.050874 98.999032 0.107477 -18.548023 -0.014485 
573 -0.029821 0.000000 -0.070561 102.769305 0.102918 -17.863709 -0.088065 
1 19 21 3 22 
2 20 19 22 9 
3 28 20 9 30 
4 29 28 30 4 
5 35 37 19 38 
6 36 35 38 20 
7 44 36 20 46 
8 45 44 46 28 
9 51 53 35 54 
10 52 51 54 36 
11 60 52 36 62 
12 61 60 62 44 
13 67 69 51 70 
14 68 67 70 52 
15 76 68 52 78 
16 77 76 78 60 
17 83 85 67 86 
18 84 83 86 68 
19 92 84 68 94 
20 93 92 94 76 
21 99 101 83 102 
22 100 99 102 84 
23 108 100 84 110 
24 109 108 110 92 
25 115 117 99 118 
26 116 115 118 100 
27 10 125 124 26 
28 125 13 126 124 
29 124 126 8 127 
30 26 124 127 14 
31 23 129 128 42 
32 129 26 130 128 
33 128 130 14 131 
34 42 128 131 27 
35 39 133 132 58 
36 133 42 134 132 
37 132 134 27 135 
38 58 132 135 43 
39 137 58 138 136 
40 136 138 43 139 
41 71 141 140 90 
42 141 74 142 140 
43 140 142 59 143 
44 90 140 143 75 
45 87 145 144 106 
46 145 90 146 144 
47 144 146 75 147 
48 106 144 147 91 
49 149 106 150 148 
50 148 150 91 151 
51 152 116 100 154 
52 153 152 154 108 
53 155 157 115 158 
54 156 155 158 116 
55 119 161 159 160 
56 161 122 162 159 
57 14 127 164 37 
58 127 8 165 164 
59 164 165 21 166 
60 37 164 166 19 
61 27 131 167 53 
62 131 14 168 167 
63 167 168 37 169 
64 53 167 169 35 
65 43 135 170 69 
66 135 27 171 170 
67 170 171 53 172 
68 69 170 172 51 
69 139 43 174 173 
70 173 174 69 175 
71 85 173 175 67 
72 75 143 176 101 
73 143 59 177 176 
74 176 177 85 178 
75 101 176 178 83 
76 91 147 179 117 
77 147 75 180 179 
78 179 180 101 181 
79 117 179 181 99 
80 151 91 183 182 
81 182 183 117 184 
82 157 182 184 115 
83 122 186 185 162 
84 186 148 187 185 
85 185 187 151 188 
86 162 185 188 107 
87 189 191 157 192 
88 190 189 192 155 
89 159 195 193 194 
90 195 162 196 193 
91 193 196 107 197 
92 120 204 202 203 
93 204 119 160 202 
94 202 160 123 205 
95 203 202 205 5 
96 160 208 206 207 
97 208 159 194 206 
98 206 194 163 209 
99 207 206 209 123 
100 107 188 210 191 
101 188 151 211 210 
102 210 211 182 212 
103 191 210 212 157 
104 163 197 213 214 
105 197 107 215 213 
106 213 215 191 216 
107 214 213 216 189 
108 194 219 217 218 
109 219 193 220 217 
110 217 220 197 221 
111 218 217 221 163 
112 16 224 222 223 
113 224 15 32 222 
114 222 32 18 225 
115 223 222 225 6 
116 32 228 226 227 
117 228 31 48 226 
118 226 48 34 229 
119 227 226 229 18 
120 48 232 230 231 
121 232 47 64 230 
122 230 64 50 233 
123 231 230 233 34 
124 64 236 234 235 
125 236 63 80 234 
126 234 80 66 237 
127 235 234 237 50 
128 80 240 238 239 
129 239 238 241 66 
130 250 156 116 252 
131 251 250 252 152 
132 199 255 253 254 
133 255 198 256 253 
134 253 256 201 257 
135 254 253 257 114 
136 6 225 258 259 
137 225 18 45 258 
138 258 45 28 260 
139 259 258 260 29 
140 18 229 261 262 
141 229 34 61 261 
142 261 61 44 263 
143 262 261 263 45 
144 34 233 264 265 
145 233 50 77 264 
146 264 77 60 266 
147 265 264 266 61 
148 50 237 267 268 
149 237 66 93 267 
150 267 93 76 269 
151 268 267 269 77 
152 66 241 270 271 
153 270 109 92 272 
154 271 270 272 93 
155 273 153 108 275 
156 274 273 275 109 
157 276 251 152 278 
158 277 276 278 153 
159 281 199 254 279 
160 279 254 114 282 
161 282 114 293 291 
162 291 293 251 294 
163 292 291 294 276 
164 280 297 295 296 
165 297 279 298 295 
166 295 298 282 299 
167 296 295 299 249 
168 300 277 153 302 
169 301 300 302 273 
170 307 309 277 310 
171 308 307 310 300 
172 303 313 311 312 
173 313 288 314 311 
174 311 314 98 315 
175 312 311 315 306 
176 238 318 316 317 
177 318 96 243 316 
178 316 243 82 319 
179 317 316 319 241 
180 243 322 320 321 
181 321 320 323 82 
182 241 319 328 329 
183 319 82 274 328 
184 328 274 109 330 
185 329 328 330 270 
186 82 323 331 332 
187 331 301 273 333 
188 332 331 333 274 
189 334 308 300 336 
190 335 334 336 301 
191 324 339 337 338 
192 339 304 340 337 
193 337 340 286 341 
194 320 344 342 343 
195 344 284 325 342 
196 342 325 245 345 
197 343 342 345 323 
198 325 348 346 347 
199 348 324 338 346 
200 346 338 327 349 
201 347 346 349 245 
202 327 341 350 351 
203 341 286 352 350 
204 350 352 308 353 
205 351 350 353 334 
206 338 356 354 355 
207 356 337 357 354 
208 354 357 341 358 
209 355 354 358 327 
210 286 360 359 352 
211 360 306 361 359 
212 359 361 307 362 
213 352 359 362 308 
214 114 257 363 293 
215 257 201 364 363 
216 363 364 250 365 
217 293 363 365 251 
218 5 205 366 367 
219 205 123 190 366 
220 366 190 155 368 
221 367 366 368 156 
222 123 209 369 370 
223 209 163 214 369 
224 369 214 189 371 
225 370 369 371 190 
226 17 374 372 373 
227 374 7 375 372 
228 372 375 11 33 
229 373 372 33 15 
230 33 378 376 377 
231 378 11 379 376 
232 376 379 24 49 
233 377 376 49 31 
234 49 382 380 381 
235 382 24 383 380 
236 380 383 40 65 
237 381 380 65 47 
238 65 386 384 385 
239 386 40 387 384 
240 384 387 56 81 
241 385 384 81 63 
242 81 390 388 389 
243 390 56 391 388 
244 388 391 72 97 
245 389 388 97 79 
246 97 394 392 393 
247 394 72 395 392 
248 392 395 88 113 
249 393 392 113 95 
250 95 398 396 397 
251 398 113 399 396 
252 396 399 111 248 
253 397 396 248 112 
254 112 402 400 401 
255 402 248 403 400 
256 400 403 246 289 
257 401 400 289 247 
258 247 406 404 405 
259 406 289 407 404 
260 404 407 287 408 
261 79 411 409 410 
262 411 97 393 409 
263 409 393 95 244 
264 410 409 244 96 
265 244 414 412 413 
266 414 95 397 412 
267 412 397 112 285 
268 413 412 285 242 
269 285 417 415 416 
270 417 112 401 415 
271 415 401 247 305 
272 416 415 305 283 
273 305 420 418 419 
274 420 247 405 418 
275 418 405 288 313 
276 419 418 313 303 
277 421 292 276 422 
278 309 421 422 277 
279 288 408 423 314 
280 408 287 424 423 
281 423 424 290 425 
282 314 423 425 98 
283 405 428 426 427 
284 428 404 429 426 
285 426 429 408 430 
286 427 426 430 288 
287 289 432 431 407 
288 432 246 433 431 
289 431 433 280 434 
290 407 431 434 287 
291 74 436 435 142 
292 436 136 437 435 
293 435 437 139 438 
294 142 435 438 59 
295 7 440 439 375 
296 440 12 441 439 
297 439 441 10 25 
298 375 439 25 11 
299 12 443 442 441 
300 443 2 444 442 
301 442 444 13 125 
302 441 442 125 10 
303 1 447 445 446 
304 447 17 373 445 
305 445 373 15 224 
306 446 445 224 16 
307 11 449 448 379 
308 449 25 450 448 
309 448 450 23 41 
310 379 448 41 24 
311 25 452 451 450 
312 452 10 453 451 
313 451 453 26 129 
314 450 451 129 23 
315 15 456 454 455 
316 456 33 377 454 
317 454 377 31 228 
318 455 454 228 32 
319 24 458 457 383 
320 458 41 459 457 
321 457 459 39 57 
322 383 457 57 40 
323 41 461 460 459 
324 461 23 462 460 
325 460 462 42 133 
326 459 460 133 39 
327 31 465 463 464 
328 465 49 381 463 
329 463 381 47 232 
330 464 463 232 48 
331 40 467 466 387 
332 467 57 468 466 
333 466 468 55 73 
334 387 466 73 56 
335 57 470 469 468 
336 470 39 471 469 
337 469 471 58 137 
338 468 469 137 55 
339 47 474 472 473 
340 474 65 385 472 
341 472 385 63 236 
342 473 472 236 64 
343 56 476 475 391 
344 476 73 477 475 
345 475 477 71 89 
346 391 475 89 72 
347 73 479 478 477 
348 479 55 480 478 
349 478 480 74 141 
350 477 478 141 71 
351 63 483 481 482 
352 483 81 389 481 
353 481 389 79 240 
354 482 481 240 80 
355 72 485 484 395 
356 485 89 486 484 
357 484 486 87 105 
358 395 484 105 88 
359 89 488 487 486 
360 488 71 489 487 
361 487 489 90 145 
362 486 487 145 87 
363 113 491 490 399 
364 491 88 492 490 
365 490 492 104 200 
366 399 490 200 111 
367 55 494 493 480 
368 494 137 495 493 
369 493 495 136 436 
370 480 493 436 74 
371 59 438 496 177 
372 438 139 497 496 
373 496 497 173 498 
374 177 496 498 85 
375 198 500 499 256 
376 500 120 203 499 
377 499 203 5 501 
378 256 499 501 201 
379 240 504 502 503 
380 504 79 410 502 
381 502 410 96 318 
382 503 502 318 238 
383 96 507 505 506 
384 507 244 413 505 
385 505 413 242 322 
386 506 505 322 243 
387 248 509 508 403 
388 509 111 510 508 
389 508 510 199 281 
390 403 508 281 246 
391 201 501 511 364 
392 501 5 367 511 
393 511 367 156 512 
394 364 511 512 250 
395 246 514 513 433 
396 514 281 515 513 
397 513 515 279 297 
398 433 513 297 280 
399 242 518 516 517 
400 518 285 416 516 
401 516 416 283 326 
402 517 516 326 284 
403 287 434 519 424 
404 434 280 296 519 
405 519 296 249 520 
406 424 519 520 290 
407 304 522 521 340 
408 522 303 312 521 
409 521 312 306 360 
410 340 521 360 286 
411 306 315 523 361 
412 315 98 524 523 
413 523 524 309 525 
414 361 523 525 307 
415 322 528 526 527 
416 528 242 517 526 
417 526 517 284 344 
418 527 526 344 320 
419 323 345 529 530 
420 345 245 335 529 
421 529 335 301 531 
422 530 529 531 331 
423 245 349 532 533 
424 349 327 351 532 
425 532 351 334 534 
426 533 532 534 335 
427 98 425 535 524 
428 425 290 536 535 
429 535 536 421 537 
430 524 535 537 309 
431 290 520 538 536 
432 520 249 539 538 
433 538 539 292 540 
434 536 538 540 421 
435 88 542 541 492 
436 542 105 543 541 
437 541 543 103 121 
438 492 541 121 104 
439 105 545 544 543 
440 545 87 546 544 
441 544 546 106 149 
442 543 544 149 103 
443 111 548 547 510 
444 548 200 549 547 
445 547 549 198 255 
446 510 547 255 199 
447 200 551 550 549 
448 551 104 552 550 
449 550 552 120 500 
450 549 550 500 198 
451 249 299 553 539 
452 299 282 554 553 
453 553 554 291 555 
454 539 553 555 292 
455 283 558 556 557 
456 558 305 419 556 
457 556 419 303 522 
458 557 556 522 304 
459 326 561 559 560 
460 561 283 557 559 
461 559 557 304 339 
462 560 559 339 324 
463 104 563 562 552 
464 563 121 564 562 
465 562 564 119 204 
466 552 562 204 120 
467 121 566 565 564 
468 566 103 567 565 
469 565 567 122 161 
470 564 565 161 119 
471 103 569 568 567 
472 569 149 570 568 
473 568 570 148 186 
474 567 568 186 122 
475 284 573 571 572 
476 573 326 560 571 
477 571 560 324 348 
478 572 571 348 325 
