80.003928	0	4.6292
79.474008	0	4.564768
78.942984	0	4.500464
78.410536	0	4.436528
77.876312	0	4.373176
77.339968	0	4.310648
76.80116	0	4.249184
76.259544	0	4.189
75.714752	0	4.13036
75.166432	0	4.07348
74.614232	0	4.018608
74.057776	0	3.966
73.49672	0	3.915888
72.930672	0	3.868528
72.35928	0	3.824168
71.78216	0	3.783056
71.198928	0	3.745456
70.609216	0	3.711616
70.012624	0	3.681792
69.408784	0	3.656256
68.797288	0	3.635256
68.177752	0	3.61908
67.549776	0	3.607968
66.918424	0	3.60224
66.437776	0	3.601528
65.951592	0	3.603904
65.459632	0	3.609368
64.961672	0	3.617888
64.457472	0	3.629448
63.946808	0	3.644032
63.429432	0	3.661616
62.905104	0	3.682184
62.373592	0	3.705712
61.834648	0	3.732192
61.288024	0	3.761584
60.73348	0	3.79388
60.17076	0	3.829064
59.599608	0	3.867104
59.019784	0	3.907984
58.431024	0	3.95168
57.833064	0	3.998176
57.225656	0	4.04744
56.608536	0	4.099464
55.981432	0	4.154208
55.344088	0	4.211672
54.696224	0	4.271808
54.037584	0	4.334616
53.36788	0	4.400056
52.686848	0	4.468112
51.9942	0	4.538752
51.289672	0	4.61196
50.572968	0	4.687712
49.843808	0	4.765984
49.168872	0	4.839408
48.594856	0	4.902504
48.013616	0	4.966872
47.425512	0	5.032376
46.830912	0	5.098888
46.230192	0	5.166264
45.62372	0	5.23436
45.01188	0	5.30304
44.395048	0	5.372152
43.773616	0	5.44156
43.147968	0	5.51112
42.518504	0	5.580672
41.885608	0	5.65008
41.249688	0	5.719192
40.611152	0	5.787848
39.970392	0	5.855904
39.32784	0	5.923208
38.684136	0	5.989576
38.04116	0	6.054704
37.399568	0	6.118432
36.759768	0	6.1806
36.122184	0	6.24108
35.487216	0	6.29972
34.855256	0	6.356392
34.226712	0	6.410944
33.601968	0	6.463248
32.981432	0	6.51316
32.365472	0	6.560552
31.754488	0	6.60528
31.148848	0	6.647224
30.548936	0	6.686248
29.955128	0	6.722224
29.367784	0	6.755016
28.787272	0	6.784504
28.21396	0	6.810552
27.648216	0	6.833048
27.090376	0	6.851856
26.540808	0	6.866864
25.847712	0	6.880392
25.125392	0	6.88776
24.417944	0	6.888032
23.724848	0	6.881368
23.045592	0	6.867928
22.379648	0	6.84784
21.72652	0	6.82128
21.085696	0	6.788376
20.456672	0	6.749288
19.83896	0	6.704152
19.232056	0	6.653128
18.63548	0	6.596344
18.048744	0	6.533952
17.471368	0	6.466088
16.90288	0	6.392896
16.342792	0	6.314512
15.790656	0	6.23108
15.246	0	6.142736
14.708352	0	6.049608
14.177272	0	5.95184
13.652296	0	5.84956
13.132984	0	5.742904
12.61888	0	5.632
12.109552	0	5.516984
11.604552	0	5.397976
11.103456	0	5.27512
10.605832	0	5.148528
10.111256	0	5.018336
9.573424	0	4.871992
8.834272	0	4.662848
8.103656	0	4.4464
7.384816	0	4.223136
6.680976	0	3.993536
5.99532	0	3.758088
5.331008	0	3.517248
4.691184	0	3.271496
4.078944	0	3.021296
3.497368	0	2.767112
2.94952	0	2.509408
2.438408	0	2.248624
1.96704	0	1.985216
1.538392	0	1.719632
1.1554	0	1.45232
0.820984	0	1.183712
0.538048	0	0.91424
0.309448	0	0.644344
0.138024	0	0.374448
0.026608	0	0.104976
-0.019272	0	-0.12752
-0.019424	0	-0.336224
0.020048	0	-0.544272
0.099824	0	-0.75132
0.220616	0	-0.956992
0.383112	0	-1.160936
0.588016	0	-1.362776
0.83604	0	-1.562152
1.127904	0	-1.758672
1.46432	0	-1.951968
1.846024	0	-2.141664
2.273744	0	-2.327376
2.748208	0	-2.508712
3.270176	0	-2.68528
3.840376	0	-2.856688
4.459584	0	-3.022544
5.128536	0	-3.182448
5.848016	0	-3.335992
6.618792	0	-3.482768
7.441632	0	-3.622368
8.31732	0	-3.754384
9.246648	0	-3.878384
10.230416	0	-3.99396
11.269408	0	-4.100688
12.364448	0	-4.198128
13.12832	0	-4.257896
13.586792	0	-4.290792
14.054136	0	-4.322192
14.530184	0	-4.352064
15.014768	0	-4.3804
15.507712	0	-4.407184
16.008848	0	-4.432408
16.517984	0	-4.456048
17.03496	0	-4.478096
17.559592	0	-4.498528
18.091688	0	-4.517328
18.63108	0	-4.534488
19.177568	0	-4.549992
19.730976	0	-4.563816
20.29112	0	-4.575944
20.857792	0	-4.586368
21.430816	0	-4.595064
22.01	0	-4.602024
22.595136	0	-4.607224
23.186032	0	-4.610648
23.782488	0	-4.61228
24.384304	0	-4.612104
24.991272	0	-4.610104
25.6032	0	-4.606264
26.219864	0	-4.60056
26.841072	0	-4.592976
27.4666	0	-4.583496
28.09624	0	-4.572112
28.729776	0	-4.558792
29.367	0	-4.54352
30.00768	0	-4.52628
30.6516	0	-4.507064
31.298544	0	-4.48584
31.948272	0	-4.462592
32.600576	0	-4.437312
33.255208	0	-4.409968
33.911952	0	-4.380544
34.570568	0	-4.349024
35.230824	0	-4.315392
35.89248	0	-4.279624
36.555288	0	-4.241704
37.219024	0	-4.201608
37.883424	0	-4.15932
38.548264	0	-4.114816
39.213272	0	-4.06808
39.87796	0	-4.019112
40.540584	0	-3.968016
41.20064	0	-3.9148
41.857904	0	-3.859464
42.512128	0	-3.802016
43.163088	0	-3.742456
43.810544	0	-3.680776
44.454272	0	-3.616976
45.094048	0	-3.551064
45.72964	0	-3.48304
46.360824	0	-3.412896
46.987392	0	-3.340632
47.609112	0	-3.266256
48.225776	0	-3.189768
48.83716	0	-3.11116
49.443064	0	-3.030432
50.135352	0	-2.934648
50.825832	0	-2.835288
51.509064	0	-2.733176
52.185184	0	-2.628384
52.854368	0	-2.520992
53.516744	0	-2.411056
54.17248	0	-2.298648
54.82172	0	-2.18384
55.464616	0	-2.066704
56.101304	0	-1.947288
56.731928	0	-1.82568
57.356648	0	-1.701936
57.9756	0	-1.576112
58.58892	0	-1.448288
59.19676	0	-1.318528
59.799248	0	-1.18688
60.396528	0	-1.053424
60.988744	0	-0.918208
61.576016	0	-0.781304
62.158496	0	-0.642776
62.736312	0	-0.502672
63.309592	0	-0.361072
63.878472	0	-0.218016
64.443088	0	-0.073568
65.00356	0	0.0722
65.560024	0	0.219248
66.112608	0	0.367496
66.661432	0	0.516912
67.206632	0	0.667416
67.74832	0	0.818968
68.286632	0	0.971496
68.82168	0	1.12496
69.353592	0	1.279296
69.882488	0	1.434448
70.408488	0	1.590368
70.931712	0	1.747
71.452264	0	1.904288
71.97028	0	2.062184
72.485864	0	2.220632
72.999136	0	2.379576
73.5102	0	2.538968
74.019184	0	2.69876
74.526192	0	2.858904
75.031336	0	3.019336
75.53472	0	3.180016
76.036456	0	3.340896
76.536664	0	3.50192
77.035432	0	3.663048
77.53288	0	3.824224
78.029112	0	3.9854
78.524232	0	4.146536
79.018336	0	4.307576
79.511536	0	4.46848
80.003928	0	4.6292
