2 0.000000 100.000000 5791.461216
25 16 
1 -6.880500 0.000000 -6.888350 93.960551 0.000000 34.205621 0.000139 
2 7.340451 0.000000 -6.888350 93.967942 0.000000 34.162231 0.000297 
3 7.340451 0.000000 6.898506 94.040777 0.000000 34.024404 -0.000133 
4 -6.880500 0.000000 6.898506 93.984504 0.000000 34.203141 -0.000294 
5 0.229976 0.000000 0.005078 92.966912 -0.000000 -11.570717 0.122327 
6 -6.880500 0.000000 0.005078 93.974469 0.000000 34.218576 -0.000211 
7 0.229976 0.000000 -6.888350 93.943812 0.000000 34.177383 0.000647 
8 7.340451 0.000000 0.005078 94.152997 0.000000 33.664206 0.000193 
9 0.229976 0.000000 6.898506 94.019657 0.000000 34.154855 -0.000625 
10 -3.325262 0.000000 -3.441636 93.933721 0.000000 34.215990 0.000572 
11 -6.880500 0.000000 -3.441636 93.962029 0.000000 34.213017 0.000061 
12 -3.325262 0.000000 -6.888350 93.950382 0.000000 34.199351 0.000373 
13 0.229976 0.000000 -3.441636 93.867388 0.000000 34.101305 0.002601 
14 -3.325262 0.000000 0.005078 93.988497 0.000000 34.268570 -0.000817 
15 3.785213 0.000000 -3.441636 93.964315 0.000000 34.041998 0.001185 
16 3.785213 0.000000 -6.888350 93.956058 0.000000 34.160105 0.000535 
17 7.340451 0.000000 -3.441636 93.987647 0.000000 34.096953 0.000372 
18 3.785213 0.000000 0.005078 94.647344 0.000000 32.202488 0.000488 
19 3.785213 0.000000 3.451792 94.230531 0.000000 33.556099 -0.000540 
20 0.229976 0.000000 3.451792 94.164235 0.000000 34.020910 -0.002433 
21 7.340451 0.000000 3.451792 94.943115 -0.000000 31.532832 -0.000851 
22 3.785213 0.000000 6.898506 94.025455 0.000000 34.099129 -0.000354 
23 -3.325262 0.000000 3.451792 94.029592 0.000000 34.206827 -0.001167 
24 -6.880500 0.000000 3.451792 93.985512 0.000000 34.211084 -0.000367 
25 -3.325262 0.000000 6.898506 94.000839 0.000000 34.192201 -0.000526 
1 1 12 10 11 
2 12 7 13 10 
3 10 13 5 14 
4 11 10 14 6 
5 7 16 15 13 
6 16 2 17 15 
7 15 17 8 18 
8 13 15 18 5 
9 5 18 19 20 
10 18 8 21 19 
11 19 21 3 22 
12 20 19 22 9 
13 6 14 23 24 
14 14 5 20 23 
15 23 20 9 25 
16 24 23 25 4 
