2 0.000000 100.000000 5791.461216
573 478 
1 -20.101635 0.000000 -20.151635 96.656423 -0.000010 -25.666270 -0.000122 
2 20.964375 0.000000 -20.151635 96.668661 0.000017 -25.609853 -0.000069 
3 20.964375 0.000000 20.168012 96.648995 0.000010 -25.646496 0.000123 
4 -20.101635 0.000000 20.168012 96.646190 -0.000005 -25.667074 0.000072 
5 0.431370 0.000000 0.008188 99.086005 0.443224 -4.719042 0.015950 
6 -20.101635 0.000000 0.008188 96.651931 -0.000022 -25.672857 -0.000069 
7 0.431370 0.000000 -20.151635 96.669542 -0.000000 -25.647209 -0.000278 
8 20.964375 0.000000 0.008188 96.749598 -0.000213 -25.277095 0.000058 
9 0.431370 0.000000 20.168012 96.638690 0.000010 -25.654414 0.000281 
10 10.697873 0.000000 -10.071724 96.719788 0.000106 -25.456373 -0.000274 
11 0.431370 0.000000 -10.071724 96.725553 0.000029 -25.594428 -0.001091 
12 10.697873 0.000000 -20.151635 96.669025 0.000012 -25.627979 -0.000169 
13 20.964375 0.000000 -10.071724 96.775633 0.000252 -25.201654 -0.000065 
14 10.697873 0.000000 0.008188 96.953461 -0.001360 -24.464046 0.000154 
15 -9.835133 0.000000 -10.071724 96.674677 -0.000033 -25.668123 -0.000485 
16 -20.101635 0.000000 -10.071724 96.656788 -0.000018 -25.669680 -0.000147 
17 -9.835133 0.000000 -20.151635 96.662881 -0.000011 -25.661840 -0.000224 
18 -9.835133 0.000000 0.008188 96.656344 -0.000073 -25.694284 -0.000265 
19 10.697873 0.000000 10.088100 96.645136 0.000037 -25.589435 0.000490 
20 0.431370 0.000000 10.088100 96.604380 0.000047 -25.620762 0.001117 
21 20.964375 0.000000 10.088100 96.657040 0.000012 -25.611122 0.000149 
22 10.697873 0.000000 20.168012 96.643733 0.000014 -25.646288 0.000226 
23 5.564621 0.000000 -5.031768 96.885519 -0.000423 -24.976141 -0.001061 
24 0.431370 0.000000 -5.031768 96.929850 0.003577 -25.410579 -0.004109 
25 5.564621 0.000000 -10.071724 96.722620 0.000082 -25.521895 -0.000663 
26 10.697873 0.000000 -5.031768 96.994376 0.001049 -24.399758 -0.000326 
27 5.564621 0.000000 0.008188 97.257603 -0.004246 -23.136097 0.000568 
28 -9.835133 0.000000 10.088100 96.633885 -0.000017 -25.671040 0.000289 
29 -20.101635 0.000000 10.088100 96.646634 -0.000013 -25.670298 0.000046 
30 -9.835133 0.000000 20.168012 96.641693 -0.000002 -25.664162 0.000173 
31 -4.701881 0.000000 -5.031768 96.744966 0.000405 -25.676661 -0.001888 
32 -9.835133 0.000000 -5.031768 96.675898 -0.000060 -25.681780 -0.000578 
33 -4.701881 0.000000 -10.071724 96.700008 -0.000026 -25.650874 -0.000886 
34 -4.701881 0.000000 0.008188 96.669509 0.000143 -25.778899 -0.000955 
35 5.564621 0.000000 5.048144 96.627854 -0.000023 -25.374489 0.001919 
36 0.431370 0.000000 5.048144 96.473854 0.001771 -25.494155 0.004284 
37 10.697873 0.000000 5.048144 96.675800 0.000012 -25.453402 0.000591 
38 5.564621 0.000000 10.088100 96.624305 0.000057 -25.588801 0.000896 
39 2.997996 0.000000 -2.511790 97.286113 0.002541 -23.946309 -0.003801 
40 0.431370 0.000000 -2.511790 97.592096 0.007215 -24.905303 -0.014449 
41 2.997996 0.000000 -5.031768 96.910059 0.003973 -25.168001 -0.002499 
42 5.564621 0.000000 -2.511790 97.309129 0.001913 -23.285865 -0.001130 
43 2.997996 0.000000 0.008188 97.385880 -0.003769 -21.900580 0.003635 
44 -4.701881 0.000000 5.048144 96.584551 0.000059 -25.685898 0.001166 
45 -9.835133 0.000000 5.048144 96.635440 -0.000043 -25.683877 0.000193 
46 -4.701881 0.000000 10.088100 96.616032 0.000002 -25.659288 0.000694 
47 -2.135256 0.000000 -2.511790 97.009535 0.003595 -25.729823 -0.007287 
48 -4.701881 0.000000 -2.511790 96.747728 0.000123 -25.730979 -0.002221 
49 -2.135256 0.000000 -5.031768 96.839989 0.000249 -25.613066 -0.003401 
50 -2.135256 0.000000 0.008188 96.690584 0.001081 -26.133242 -0.003202 
51 2.997996 0.000000 2.528166 96.535151 0.000464 -24.690163 0.007136 
52 0.431370 0.000000 2.528166 95.998059 -0.002616 -25.088876 0.015492 
53 5.564621 0.000000 2.528166 96.727412 -0.003520 -24.918250 0.002289 
54 2.997996 0.000000 5.048144 96.548621 0.000246 -25.374271 0.003451 
55 1.714683 0.000000 -1.251801 97.960636 0.001059 -22.496416 -0.010237 
56 0.431370 0.000000 -1.251801 99.180639 0.016285 -23.824210 -0.040439 
57 1.714683 0.000000 -2.511790 97.460621 0.003308 -24.285637 -0.008836 
58 2.997996 0.000000 -1.251801 97.620189 0.001451 -22.264010 -0.002539 
59 1.714683 0.000000 0.008188 97.107913 0.017610 -21.119395 0.012402 
60 -2.135256 0.000000 2.528166 96.382932 -0.001438 -25.748504 0.004734 
61 -4.701881 0.000000 2.528166 96.589128 0.000185 -25.736393 0.000818 
62 -2.135256 0.000000 5.048144 96.515760 0.000338 -25.639475 0.002733 
63 -0.851943 0.000000 -1.251801 97.909882 0.003140 -26.002146 -0.026246 
64 -2.135256 0.000000 -1.251801 97.013647 0.002639 -25.958066 -0.008547 
65 -0.851943 0.000000 -2.511790 97.347157 0.001510 -25.521675 -0.012782 
66 -0.851943 0.000000 0.008188 96.586931 -0.001201 -27.434106 -0.008167 
67 1.714683 0.000000 1.268177 96.134804 0.009924 -23.252424 0.021742 
68 0.431370 0.000000 1.268177 94.923414 0.008114 -24.126951 0.040744 
69 2.997996 0.000000 1.268177 96.734468 -0.000748 -23.638705 0.008365 
70 1.714683 0.000000 2.528166 96.245416 0.000699 -24.703550 0.012655 
71 1.073026 0.000000 -0.621806 98.873942 0.031803 -20.436112 -0.019369 
72 0.431370 0.000000 -0.621806 101.733444 0.038005 -21.114895 -0.079553 
73 1.073026 0.000000 -1.251801 98.543526 0.018725 -22.789461 -0.023019 
74 1.714683 0.000000 -0.621806 97.885851 0.001907 -21.261418 -0.003369 
75 1.073026 0.000000 0.008188 96.481405 0.066323 -20.436993 0.027366 
76 -0.851943 0.000000 1.268177 95.608099 0.001751 -25.967571 0.018478 
77 -2.135256 0.000000 1.268177 96.381210 -0.000304 -25.957670 0.003686 
78 -0.851943 0.000000 2.528166 96.120935 -0.001894 -25.574176 0.010673 
79 -0.210286 0.000000 -0.621806 100.805307 0.034297 -26.567970 -0.086757 
80 -0.851943 0.000000 -0.621806 97.799537 0.011111 -26.717477 -0.027857 
81 -0.210286 0.000000 -1.251801 98.901635 0.005916 -25.353938 -0.042436 
82 -0.210286 0.000000 0.008188 94.677368 -0.006661 -35.049798 -0.019229 
83 1.073026 0.000000 0.638183 95.217256 0.006127 -21.217942 0.048347 
84 0.431370 0.000000 0.638183 93.240184 0.019391 -21.966735 0.082373 
85 1.714683 0.000000 0.638183 96.404846 0.004844 -21.865091 0.022802 
86 1.073026 0.000000 1.268177 95.436581 -0.000265 -23.329491 0.034759 
87 0.752198 0.000000 -0.306809 98.835965 0.051858 -18.161327 -0.009838 
88 0.431370 0.000000 -0.306809 103.381104 0.108302 -15.765385 -0.093621 
89 0.752198 0.000000 -0.621806 99.760104 0.029040 -20.476422 -0.037136 
90 1.073026 0.000000 -0.306809 97.894047 0.005899 -20.082740 0.001344 
91 0.752198 0.000000 0.008188 95.273410 0.136172 -18.907302 0.056547 
92 -0.210286 0.000000 0.638183 92.986316 0.013163 -25.996452 0.067773 
93 -0.851943 0.000000 0.638183 95.602866 -0.006123 -26.557103 0.015481 
94 -0.210286 0.000000 1.268177 94.957584 -0.006948 -25.330446 0.034143 
95 0.110542 0.000000 -0.306809 108.778391 0.030364 -22.742054 -0.234994 
96 -0.210286 0.000000 -0.306809 102.128654 -0.014499 -29.967819 -0.132833 
97 0.110542 0.000000 -0.621806 102.488081 0.034533 -24.081793 -0.108374 
98 0.110542 0.000000 0.008188 20.620352 -8.632901 -1.400834 0.949831 
99 0.752198 0.000000 0.323185 94.517641 0.027254 -19.632381 0.068098 
100 0.431370 0.000000 0.323185 92.068768 0.087046 -18.422349 0.118395 
101 1.073026 0.000000 0.323185 95.725991 0.025881 -20.166642 0.042984 
102 0.752198 0.000000 0.638183 94.348531 0.026944 -21.380680 0.064122 
103 0.591784 0.000000 -0.149310 97.796634 0.089272 -14.858454 0.021504 
104 0.431370 0.000000 -0.149310 101.523713 0.116041 -10.580140 -0.041902 
105 0.591784 0.000000 -0.306809 100.232546 0.077480 -16.911247 -0.033256 
106 0.752198 0.000000 -0.149310 97.179989 0.045875 -18.050455 0.023023 
107 0.591784 0.000000 0.008188 73.706807 1.501516 -12.973545 0.439674 
108 0.110542 0.000000 0.323185 87.352866 0.066534 -20.863619 0.193418 
109 -0.210286 0.000000 0.323185 90.997370 0.018872 -28.069058 0.093161 
110 0.110542 0.000000 0.638183 92.321775 0.015273 -23.767365 0.091180 
111 0.270956 0.000000 -0.149310 108.824729 0.097349 -9.305351 -0.192942 
112 0.110542 0.000000 -0.149310 118.664708 0.101811 -19.641472 -0.446711 
113 0.270956 0.000000 -0.306809 106.634791 0.061266 -17.585940 -0.168025 
114 0.270956 0.000000 0.008188 101.901262 0.098185 1.764244 -0.038699 
115 0.591784 0.000000 0.165687 94.010333 0.115948 -18.885219 0.080539 
116 0.431370 0.000000 0.165687 94.160007 0.189867 -17.000175 0.084485 
117 0.752198 0.000000 0.165687 94.697142 0.077625 -18.751077 0.068084 
118 0.591784 0.000000 0.323185 93.590280 0.082052 -19.246481 0.087043 
119 0.511577 0.000000 -0.070561 96.130244 0.128018 -10.581446 0.064699 
120 0.431370 0.000000 -0.070561 99.018929 0.155609 -7.385106 0.014069 
121 0.511577 0.000000 -0.149310 99.023081 0.134610 -12.907152 0.002782 
122 0.591784 0.000000 -0.070561 94.984951 0.094471 -14.372159 0.077129 
123 0.511577 0.000000 0.008188 94.889229 1.299574 -13.228016 0.081936 
124 15.831124 0.000000 -5.031768 97.336263 0.001402 -23.086006 -0.000731 
125 15.831124 0.000000 -10.071724 96.735469 0.000146 -25.365123 -0.000114 
126 20.964375 0.000000 -5.031768 97.527772 -0.000297 -22.359712 -0.001162 
127 15.831124 0.000000 0.008188 96.814152 -0.000484 -25.022442 0.000090 
128 8.131247 0.000000 -2.511790 97.512105 -0.002613 -22.427856 -0.001162 
129 8.131247 0.000000 -5.031768 96.914698 0.000703 -24.745490 -0.000480 
130 10.697873 0.000000 -2.511790 97.263058 0.052551 -23.349341 -0.000530 
131 8.131247 0.000000 0.008188 97.079657 -0.001872 -23.940680 0.000238 
132 4.281308 0.000000 -1.251801 97.574263 -0.009383 -22.179991 -0.001269 
133 4.281308 0.000000 -2.511790 97.255161 0.002204 -23.646157 -0.001771 
134 5.564621 0.000000 -1.251801 97.064263 0.291074 -24.058480 -0.000037 
135 4.281308 0.000000 0.008188 97.350377 -0.004909 -22.577271 0.001317 
136 2.356339 0.000000 -0.621806 97.569374 -0.016578 -21.954019 -0.000176 
137 2.356339 0.000000 -1.251801 97.686627 0.003721 -22.413484 -0.004504 
138 2.997996 0.000000 -0.621806 97.158050 -0.006621 -23.433024 0.001121 
139 2.356339 0.000000 0.008188 97.318187 0.001785 -21.553106 0.006463 
140 1.393855 0.000000 -0.306809 97.498634 -0.001964 -21.280681 0.004115 
141 1.393855 0.000000 -0.621806 98.160671 0.012045 -20.966714 -0.007512 
142 1.714683 0.000000 -0.306809 97.218577 -0.020088 -22.511473 0.004178 
143 1.393855 0.000000 0.008188 96.878284 0.036825 -20.850901 0.017984 
144 0.912612 0.000000 -0.149310 97.054655 0.016334 -19.958399 0.018206 
145 0.912612 0.000000 -0.306809 98.208858 0.038840 -19.320983 -0.001828 
146 1.073026 0.000000 -0.149310 97.010626 -0.023515 -21.084232 0.014439 
147 0.912612 0.000000 0.008188 96.068920 0.104422 -20.076796 0.036767 
148 0.671991 0.000000 -0.070561 95.571605 0.054497 -17.607095 0.055606 
149 0.671991 0.000000 -0.149310 97.274945 0.056201 -16.878792 0.025269 
150 0.752198 0.000000 -0.070561 96.084235 0.031729 -18.658397 0.041968 
151 0.671991 0.000000 0.008188 94.335276 0.105851 -18.607259 0.075461 
152 0.270956 0.000000 0.165687 92.083054 0.134718 -12.927404 0.135358 
153 0.110542 0.000000 0.165687 82.466711 0.144604 -12.921738 0.303225 
154 0.270956 0.000000 0.323185 90.172580 0.117470 -18.444532 0.152869 
155 0.511577 0.000000 0.086937 95.069191 0.204192 -19.696360 0.057386 
156 0.431370 0.000000 0.086937 99.449681 0.454390 -21.531328 -0.035404 
157 0.591784 0.000000 0.086937 93.672569 0.149796 -19.192397 0.085708 
158 0.511577 0.000000 0.165687 93.842415 0.145786 -17.743702 0.087874 
159 0.551681 0.000000 -0.031187 92.838020 0.114385 -11.509706 0.124862 
160 0.511577 0.000000 -0.031187 93.928517 0.110076 -9.889415 0.107962 
161 0.551681 0.000000 -0.070561 95.266813 0.107289 -12.244231 0.077430 
162 0.591784 0.000000 -0.031187 92.617471 0.112736 -14.944657 0.119865 
163 0.551681 0.000000 0.008188 85.180273 2.473822 -18.022894 0.241338 
164 15.831124 0.000000 5.048144 96.678257 -0.000006 -25.511973 0.000245 
165 20.964375 0.000000 5.048144 96.674415 -0.000009 -25.549707 0.000127 
166 15.831124 0.000000 10.088100 96.654113 0.000021 -25.600458 0.000260 
167 8.131247 0.000000 2.528166 96.747486 -0.000452 -25.105951 0.000962 
168 10.697873 0.000000 2.528166 96.738371 -0.000152 -25.233090 0.000498 
169 8.131247 0.000000 5.048144 96.663577 -0.000392 -25.413674 0.001030 
170 4.281308 0.000000 1.268177 96.878574 -0.001565 -24.035308 0.003685 
171 5.564621 0.000000 1.268177 96.898341 -0.000197 -24.339075 0.001832 
172 4.281308 0.000000 2.528166 96.675990 0.000165 -24.802044 0.003861 
173 2.356339 0.000000 0.638183 96.844439 0.002532 -22.408104 0.011903 
174 2.997996 0.000000 0.638183 97.009515 -0.002368 -22.804982 0.006909 
175 2.356339 0.000000 1.268177 96.550884 0.001953 -23.455656 0.012776 
176 1.393855 0.000000 0.323185 96.377207 0.008617 -20.678511 0.028383 
177 1.714683 0.000000 0.323185 96.749405 0.004288 -21.172067 0.019130 
178 1.393855 0.000000 0.638183 95.992278 0.014141 -21.594698 0.031915 
179 0.912612 0.000000 0.165687 95.582471 0.064069 -19.587600 0.048031 
180 1.073026 0.000000 0.165687 96.093634 0.034582 -19.889654 0.037041 
181 0.912612 0.000000 0.323185 95.264523 0.032820 -20.013710 0.052412 
182 0.671991 0.000000 0.086937 94.225626 0.110346 -18.807294 0.076780 
183 0.752198 0.000000 0.086937 94.902798 0.099271 -18.699046 0.064379 
184 0.671991 0.000000 0.165687 94.278112 0.098876 -18.892236 0.075471 
185 0.631888 0.000000 -0.031187 94.011897 0.102122 -17.060083 0.087071 
186 0.631888 0.000000 -0.070561 95.218452 0.061231 -16.429418 0.066352 
187 0.671991 0.000000 -0.031187 94.825118 0.082213 -18.051232 0.068234 
188 0.631888 0.000000 0.008188 93.306389 0.122690 -18.254175 0.096069 
189 0.551681 0.000000 0.047563 93.716030 0.231325 -20.774538 0.078567 
190 0.511577 0.000000 0.047563 96.608037 1.100518 -26.939961 -0.006009 
191 0.591784 0.000000 0.047563 92.771688 0.174164 -19.486571 0.101366 
192 0.551681 0.000000 0.086937 94.033494 0.182946 -19.196823 0.078915 
193 0.571732 0.000000 -0.011499 77.547842 1.912611 -13.406981 0.380293 
194 0.551681 0.000000 -0.011499 83.039397 2.249063 -11.991810 0.295560 
195 0.571732 0.000000 -0.031187 92.254779 0.118552 -13.220293 0.131427 
196 0.591784 0.000000 -0.011499 91.079255 0.141484 -15.940819 0.145044 
197 0.571732 0.000000 0.008188 75.930218 1.749381 -13.655802 0.404506 
198 0.351163 0.000000 -0.070561 102.825151 0.216575 -4.089120 -0.058978 
199 0.270956 0.000000 -0.070561 106.484943 0.079862 -1.169968 -0.134042 
200 0.351163 0.000000 -0.149310 104.882834 0.169529 -9.137463 -0.108393 
201 0.351163 0.000000 0.008188 101.445510 0.183699 -1.850121 -0.029465 
202 0.471473 0.000000 -0.031187 97.095859 0.648060 -1.399218 0.057002 
203 0.431370 0.000000 -0.031187 99.338408 0.400940 -0.133440 0.013170 
204 0.471473 0.000000 -0.070561 97.434813 0.103989 -8.919162 0.042689 
205 0.471473 0.000000 0.008188 97.408784 0.661492 -8.243917 0.044313 
206 0.531629 0.000000 -0.011499 91.488935 1.968628 -7.906750 0.156338 
207 0.511577 0.000000 -0.011499 94.886124 1.179641 -5.366578 0.096643 
208 0.531629 0.000000 -0.031187 93.420412 0.102613 -11.001100 0.115159 
209 0.531629 0.000000 0.008188 90.944369 1.924455 -16.645680 0.144834 
210 0.631888 0.000000 0.047563 93.525651 0.132271 -18.916188 0.089511 
211 0.671991 0.000000 0.047563 94.199405 0.120619 -18.861838 0.077069 
212 0.631888 0.000000 0.086937 93.880282 0.123930 -19.047205 0.082368 
213 0.571732 0.000000 0.027875 91.609636 0.230440 -21.320871 0.115304 
214 0.551681 0.000000 0.027875 84.278556 2.291786 -26.181251 0.220641 
215 0.591784 0.000000 0.027875 91.790398 0.172270 -19.403972 0.119798 
216 0.571732 0.000000 0.047563 92.916642 0.203846 -20.425898 0.094924 
217 0.561706 0.000000 -0.001656 78.911887 1.943844 -12.960152 0.360117 
218 0.551681 0.000000 -0.001656 84.804624 2.478414 -11.051814 0.267989 
219 0.561706 0.000000 -0.011499 80.071720 2.033066 -11.361959 0.345529 
220 0.571732 0.000000 -0.001656 75.770070 1.718956 -13.130395 0.408353 
221 0.561706 0.000000 0.008188 80.137001 2.072020 -14.599524 0.336062 
222 -14.968384 0.000000 -5.031768 96.660104 -0.000034 -25.675389 -0.000240 
223 -20.101635 0.000000 -5.031768 96.655082 -0.000021 -25.671790 -0.000125 
224 -14.968384 0.000000 -10.071724 96.662305 -0.000025 -25.670318 -0.000257 
225 -14.968384 0.000000 0.008188 96.653145 -0.000036 -25.678419 -0.000121 
226 -7.268507 0.000000 -2.511790 96.688160 0.000238 -25.704505 -0.000932 
227 -9.835133 0.000000 -2.511790 96.668962 -0.000072 -25.690150 -0.000487 
228 -7.268507 0.000000 -5.031768 96.697382 -0.000078 -25.684580 -0.001008 
229 -7.268507 0.000000 0.008188 96.660301 0.000078 -25.716295 -0.000454 
230 -3.418569 0.000000 -1.251801 96.788413 0.000229 -25.821978 -0.003477 
231 -4.701881 0.000000 -1.251801 96.719457 0.000128 -25.763561 -0.001841 
232 -3.418569 0.000000 -2.511790 96.827299 0.000228 -25.743981 -0.003828 
233 -3.418569 0.000000 0.008188 96.678838 0.000251 -25.865051 -0.001580 
234 -1.493599 0.000000 -0.621806 97.157342 -0.000405 -26.410667 -0.013707 
235 -2.135256 0.000000 -0.621806 96.896793 0.003719 -26.094475 -0.006991 
236 -1.493599 0.000000 -1.251801 97.299866 -0.002893 -26.031022 -0.014488 
237 -1.493599 0.000000 0.008188 96.685958 0.000239 -26.584223 -0.005490 
238 -0.531115 0.000000 -0.306809 98.395842 0.006223 -28.443462 -0.049077 
239 -0.851943 0.000000 -0.306809 97.365755 0.007333 -27.211866 -0.022058 
240 -0.531115 0.000000 -0.621806 98.876450 0.010048 -27.062107 -0.050891 
241 -0.531115 0.000000 0.008188 96.350837 0.001077 -28.994866 -0.012419 
242 -0.049872 0.000000 -0.149310 109.341488 0.102490 -34.559777 -0.314995 
243 -0.210286 0.000000 -0.149310 100.545876 0.002546 -33.298036 -0.121823 
244 -0.049872 0.000000 -0.306809 105.858412 0.031934 -28.163069 -0.199916 
245 -0.049872 0.000000 0.008188 84.935711 0.135521 -55.560977 -0.030112 
246 0.190749 0.000000 -0.070561 119.236543 -0.080172 10.067196 -0.431871 
247 0.110542 0.000000 -0.070561 129.224400 -0.096635 -23.506060 -0.725149 
248 0.190749 0.000000 -0.149310 114.779580 0.104432 -11.589784 -0.330869 
249 0.190749 0.000000 0.008188 96.921820 -0.518562 4.347395 0.058699 
250 0.351163 0.000000 0.086937 99.340932 0.217416 -14.807216 -0.008792 
251 0.270956 0.000000 0.086937 97.606860 0.297159 -8.513595 0.040033 
252 0.351163 0.000000 0.165687 93.652046 0.228936 -14.869514 0.100814 
253 0.311059 0.000000 -0.031187 102.866002 0.133152 2.687151 -0.058865 
254 0.270956 0.000000 -0.031187 102.507670 0.063418 3.220661 -0.051820 
255 0.311059 0.000000 -0.070561 104.521449 0.105444 -3.314635 -0.093573 
256 0.351163 0.000000 -0.031187 102.022493 0.172401 1.958685 -0.041246 
257 0.311059 0.000000 0.008188 101.932401 0.137329 -0.219032 -0.039028 
258 -14.968384 0.000000 5.048144 96.645841 -0.000028 -25.676148 0.000032 
259 -20.101635 0.000000 5.048144 96.648658 -0.000018 -25.672142 -0.000002 
260 -14.968384 0.000000 10.088100 96.642813 -0.000017 -25.671554 0.000114 
261 -7.268507 0.000000 2.528166 96.631605 0.000052 -25.706825 0.000149 
262 -9.835133 0.000000 2.528166 96.643367 -0.000061 -25.691302 0.000002 
263 -7.268507 0.000000 5.048144 96.620028 -0.000048 -25.688635 0.000466 
264 -3.418569 0.000000 1.268177 96.569631 0.000317 -25.825431 0.000735 
265 -4.701881 0.000000 1.268177 96.619142 0.000169 -25.766133 0.000085 
266 -3.418569 0.000000 2.528166 96.527949 0.000337 -25.753227 0.001913 
267 -1.493599 0.000000 0.638183 96.242695 0.001301 -26.383190 0.004127 
268 -2.135256 0.000000 0.638183 96.490217 -0.001804 -26.090314 0.000893 
269 -1.493599 0.000000 1.268177 96.154812 0.001624 -25.989443 0.007880 
270 -0.531115 0.000000 0.323185 94.728258 0.001643 -27.923832 0.024682 
271 -0.851943 0.000000 0.323185 95.894516 -0.008305 -27.069538 0.007148 
272 -0.531115 0.000000 0.638183 94.593468 -0.009606 -26.722134 0.033800 
273 -0.049872 0.000000 0.165687 82.338331 0.085001 -27.840950 0.244527 
274 -0.210286 0.000000 0.165687 90.585471 -0.018039 -31.377735 0.080971 
275 -0.049872 0.000000 0.323185 87.757965 -0.009220 -25.727788 0.163662 
276 0.190749 0.000000 0.086937 92.607902 0.602334 1.775632 0.142026 
277 0.110542 0.000000 0.086937 83.343542 0.822932 12.709334 0.289165 
278 0.190749 0.000000 0.165687 88.323061 0.155558 -11.247593 0.207250 
279 0.230852 0.000000 -0.031187 102.455822 0.047908 3.361534 -0.050850 
280 0.190749 0.000000 -0.031187 83.011080 -0.411441 70.994867 -0.193128 
281 0.230852 0.000000 -0.070561 109.120161 0.005778 3.472994 -0.191927 
282 0.230852 0.000000 0.008188 96.475450 -0.196665 2.787242 0.068468 
283 0.030335 0.000000 -0.070561 130.974938 0.088150 -32.834803 -0.823257 
284 -0.049872 0.000000 -0.070561 109.020263 0.110152 -44.848443 -0.389681 
285 0.030335 0.000000 -0.149310 116.467519 0.100391 -28.929556 -0.440161 
286 0.030335 0.000000 0.008188 84.674114 1.219314 -19.192701 0.246045 
287 0.150645 0.000000 -0.031187 146.933389 -0.356138 -0.721316 -1.159007 
288 0.110542 0.000000 -0.031187 88.697200 -0.422085 -75.211402 -0.352413 
289 0.150645 0.000000 -0.070561 154.758181 -0.363248 -0.896038 -1.395103 
290 0.150645 0.000000 0.008188 15.222902 -8.299465 1.304701 0.969768 
291 0.230852 0.000000 0.047563 95.269324 0.452286 -1.803337 0.092030 
292 0.190749 0.000000 0.047563 92.547435 0.607667 1.888712 0.143104 
293 0.270956 0.000000 0.047563 98.600636 0.264883 -6.510514 0.023546 
294 0.230852 0.000000 0.086937 94.800788 0.458670 -2.413443 0.100678 
295 0.210801 0.000000 -0.011499 59.469838 -0.646509 19.625686 0.607775 
296 0.190749 0.000000 -0.011499 39.573770 -0.601951 46.837531 0.623980 
297 0.210801 0.000000 -0.031187 102.488850 0.050101 3.362660 -0.051527 
298 0.230852 0.000000 -0.011499 96.417027 -0.251898 3.547991 0.069111 
299 0.210801 0.000000 0.008188 90.921799 -0.680515 4.027936 0.171654 
300 0.030335 0.000000 0.086937 63.463304 0.173902 -14.753589 0.575471 
301 -0.049872 0.000000 0.086937 76.572137 0.113409 -34.543647 0.294343 
302 0.030335 0.000000 0.165687 79.201258 0.118182 -20.177987 0.332000 
303 0.070438 0.000000 -0.031187 126.253874 0.125147 6.002392 -0.597609 
304 0.030335 0.000000 -0.031187 156.572483 0.939415 -12.241826 -1.466569 
305 0.070438 0.000000 -0.070561 129.067428 0.008225 -22.824796 -0.717937 
306 0.070438 0.000000 0.008188 120.453256 -0.047378 6.383179 -0.454973 
307 0.070438 0.000000 0.047563 63.205746 0.958096 19.506219 0.562362 
308 0.030335 0.000000 0.047563 38.887807 1.072625 17.335720 0.818606 
309 0.110542 0.000000 0.047563 76.738595 0.894000 15.785971 0.386119 
310 0.070438 0.000000 0.086937 69.726301 0.990864 19.052944 0.477425 
311 0.090490 0.000000 -0.011499 107.489683 -0.468290 7.431430 -0.160948 
312 0.070438 0.000000 -0.011499 127.562916 0.152839 4.692552 -0.629434 
313 0.090490 0.000000 -0.031187 113.078865 -0.266711 6.867279 -0.283406 
314 0.110542 0.000000 -0.011499 48.930592 -0.421493 -56.946772 0.436268 
315 0.090490 0.000000 0.008188 112.563049 -0.282053 6.901140 -0.271815 
316 -0.370701 0.000000 -0.149310 98.250952 -0.017237 -30.742751 -0.059837 
317 -0.531115 0.000000 -0.149310 97.490898 0.006434 -28.923501 -0.034104 
318 -0.370701 0.000000 -0.306809 99.545029 0.008215 -29.211485 -0.076252 
319 -0.370701 0.000000 0.008188 95.879830 0.010127 -31.097271 -0.015998 
320 -0.130079 0.000000 -0.070561 100.080703 -0.056373 -38.627003 -0.150820 
321 -0.210286 0.000000 -0.070561 98.073609 -0.007037 -34.824233 -0.083116 
322 -0.130079 0.000000 -0.149310 103.488989 -0.031716 -34.669130 -0.191192 
323 -0.130079 0.000000 0.008188 92.775512 0.097354 -39.417183 -0.016102 
324 -0.009769 0.000000 -0.031187 126.805174 0.162209 -65.826013 -1.041264 
325 -0.049872 0.000000 -0.031187 102.200118 0.123808 -53.930305 -0.335336 
326 -0.009769 0.000000 -0.070561 120.915833 0.114675 -44.115776 -0.656685 
327 -0.009769 0.000000 0.008188 58.991717 1.770155 -84.684753 -0.065466 
328 -0.370701 0.000000 0.165687 93.950246 -0.001812 -29.898928 0.027941 
329 -0.531115 0.000000 0.165687 95.314664 0.005469 -28.631303 0.009536 
330 -0.370701 0.000000 0.323185 93.520317 0.014740 -28.131212 0.046259 
331 -0.130079 0.000000 0.086937 87.679384 0.000369 -35.127310 0.107840 
332 -0.210286 0.000000 0.086937 91.934029 -0.024648 -33.316899 0.043812 
333 -0.130079 0.000000 0.165687 87.322134 0.019919 -30.819439 0.142501 
334 -0.009769 0.000000 0.047563 53.139360 0.186069 -37.943646 0.573645 
335 -0.049872 0.000000 0.047563 75.452622 0.130319 -43.654085 0.240121 
336 -0.009769 0.000000 0.086937 67.590975 0.143133 -28.034532 0.464550 
337 0.010283 0.000000 -0.011499 125.784130 1.630843 -73.036764 -1.115868 
338 -0.009769 0.000000 -0.011499 103.478380 1.837334 -101.021025 -1.091640 
339 0.010283 0.000000 -0.031187 159.142241 1.453178 -56.707093 -1.854406 
340 0.030335 0.000000 -0.011499 157.125041 1.053504 -21.746630 -1.516230 
341 0.010283 0.000000 0.008188 40.748733 1.594834 -56.347532 0.516195 
342 -0.089976 0.000000 -0.031187 97.729939 0.102979 -44.762970 -0.155488 
343 -0.130079 0.000000 -0.031187 96.688971 0.097288 -39.668186 -0.092233 
344 -0.089976 0.000000 -0.070561 102.829467 0.099831 -41.621552 -0.230626 
345 -0.089976 0.000000 0.008188 90.531197 0.103108 -44.639408 -0.018859 
346 -0.029821 0.000000 -0.011499 96.986272 0.159092 -70.123755 -0.432370 
347 -0.049872 0.000000 -0.011499 94.309902 0.131201 -56.922564 -0.213455 
348 -0.029821 0.000000 -0.031187 109.483929 0.136725 -61.001340 -0.570791 
349 -0.029821 0.000000 0.008188 77.158428 0.173521 -68.102084 -0.059135 
350 0.010283 0.000000 0.027875 4.688755 1.358265 -12.114080 0.982942 
351 -0.009769 0.000000 0.027875 -10.708016 1.632923 -53.676846 0.700147 
352 0.030335 0.000000 0.027875 28.788543 1.133553 12.828402 0.900537 
353 0.010283 0.000000 0.047563 42.144502 0.272965 -22.867501 0.770084 
354 0.000257 0.000000 -0.001656 73.782178 1.878518 -104.137143 -0.629188 
355 -0.009769 0.000000 -0.001656 65.342799 1.778731 -86.845108 -0.181492 
356 0.000257 0.000000 -0.011499 112.006583 1.710484 -83.884476 -0.958501 
357 0.010283 0.000000 -0.001656 103.609674 1.655212 -73.754289 -0.617740 
358 0.000257 0.000000 0.008188 16.370400 1.721989 -73.304632 0.435548 
359 0.050386 0.000000 0.027875 50.770416 1.030536 19.017341 0.705964 
360 0.050386 0.000000 0.008188 143.178968 0.595700 1.316032 -1.050230 
361 0.070438 0.000000 0.027875 60.200302 1.003566 19.732137 0.598556 
362 0.050386 0.000000 0.047563 52.260085 1.024512 19.300177 0.689534 
363 0.311059 0.000000 0.047563 99.834142 0.193535 -8.542275 -0.003986 
364 0.351163 0.000000 0.047563 99.710461 0.229499 -13.029919 -0.011201 
365 0.311059 0.000000 0.086937 98.922983 0.223374 -12.017448 0.006977 
366 0.471473 0.000000 0.047563 98.597399 0.564497 -23.820993 -0.028921 
367 0.431370 0.000000 0.047563 99.276182 0.447019 -19.930302 -0.025318 
368 0.471473 0.000000 0.086937 95.895628 0.228990 -18.674250 0.045525 
369 0.531629 0.000000 0.027875 93.252511 1.810037 -27.454939 0.054692 
370 0.511577 0.000000 0.027875 96.257217 1.131913 -23.835110 0.016515 
371 0.531629 0.000000 0.047563 94.924487 0.255031 -21.518285 0.052624 
372 -4.701881 0.000000 -15.111679 96.677361 -0.000012 -25.652631 -0.000457 
373 -9.835133 0.000000 -15.111679 96.668095 -0.000018 -25.662989 -0.000331 
374 -4.701881 0.000000 -20.151635 96.666846 -0.000007 -25.655961 -0.000271 
375 0.431370 0.000000 -15.111679 96.684306 0.000004 -25.633172 -0.000491 
376 -2.135256 0.000000 -7.551746 96.755552 0.000259 -25.616210 -0.001783 
377 -4.701881 0.000000 -7.551746 96.720160 -0.000043 -25.655840 -0.001301 
378 -2.135256 0.000000 -10.071724 96.715361 -0.000004 -25.628083 -0.001066 
379 0.431370 0.000000 -7.551746 96.781132 0.000139 -25.543135 -0.001904 
380 -0.851943 0.000000 -3.771779 97.036976 0.003618 -25.496337 -0.006624 
381 -2.135256 0.000000 -3.771779 96.912869 -0.001259 -25.635490 -0.004928 
382 -0.851943 0.000000 -5.031768 96.895415 -0.001366 -25.530006 -0.004050 
383 0.431370 0.000000 -3.771779 97.131292 0.002759 -25.254409 -0.007227 
384 -0.210286 0.000000 -1.881795 97.952363 -0.005013 -25.208945 -0.023016 
385 -0.851943 0.000000 -1.881795 97.562505 0.000460 -25.617636 -0.017471 
386 -0.210286 0.000000 -2.511790 97.517597 0.002922 -25.257682 -0.014763 
387 0.431370 0.000000 -1.881795 98.104891 -0.004247 -24.549491 -0.022725 
388 0.110542 0.000000 -0.936804 100.297134 0.024950 -24.400222 -0.065489 
389 -0.210286 0.000000 -0.936804 99.526156 0.035048 -25.627878 -0.056225 
390 0.110542 0.000000 -1.251801 99.167349 0.013894 -24.625072 -0.044056 
391 0.431370 0.000000 -0.936804 100.218730 0.024065 -22.975394 -0.057166 
392 0.270956 0.000000 -0.464308 104.222847 0.044430 -20.922789 -0.130017 
393 0.110542 0.000000 -0.464308 104.841615 0.022324 -23.720915 -0.155445 
394 0.270956 0.000000 -0.621806 102.386819 0.065793 -22.434401 -0.098637 
395 0.431370 0.000000 -0.464308 102.427454 0.052797 -19.383654 -0.086711 
396 0.190749 0.000000 -0.228060 110.586704 0.105422 -17.271255 -0.252773 
397 0.110542 0.000000 -0.228060 111.919855 0.098953 -21.780323 -0.300045 
398 0.190749 0.000000 -0.306809 108.309058 0.058302 -19.703547 -0.211909 
399 0.270956 0.000000 -0.228060 108.345668 0.114575 -14.120434 -0.193818 
400 0.150645 0.000000 -0.109936 122.934357 0.049784 -11.195900 -0.523821 
401 0.110542 0.000000 -0.109936 124.079286 0.058113 -18.538390 -0.573934 
402 0.150645 0.000000 -0.149310 117.470642 0.098134 -15.082026 -0.402683 
403 0.190749 0.000000 -0.109936 117.546818 0.063088 -5.500241 -0.384751 
404 0.130593 0.000000 -0.050874 143.626091 -0.358753 -38.600849 -1.211861 
405 0.110542 0.000000 -0.050874 116.571200 -0.369479 -66.954316 -0.807186 
406 0.130593 0.000000 -0.070561 139.342975 -0.356134 -50.258104 -1.194247 
407 0.150645 0.000000 -0.050874 148.862461 -0.357670 -0.146775 -1.216018 
408 0.130593 0.000000 -0.031187 129.484031 -0.367953 -49.904022 -0.925666 
409 -0.049872 0.000000 -0.464308 103.562721 -0.003176 -26.371557 -0.142070 
410 -0.210286 0.000000 -0.464308 101.608252 0.022622 -27.778857 -0.109590 
411 -0.049872 0.000000 -0.621806 101.999897 0.037518 -25.637636 -0.106127 
412 0.030335 0.000000 -0.228060 110.586032 0.096689 -26.728493 -0.294369 
413 -0.049872 0.000000 -0.228060 107.488582 -0.026554 -30.282064 -0.247080 
414 0.030335 0.000000 -0.306809 107.868824 0.005545 -25.885190 -0.230573 
415 0.070438 0.000000 -0.109936 123.631715 0.083835 -24.353122 -0.587788 
416 0.030335 0.000000 -0.109936 121.627304 0.097471 -30.908246 -0.574853 
417 0.070438 0.000000 -0.149310 118.331686 0.095848 -24.388706 -0.459721 
418 0.090490 0.000000 -0.050874 122.264055 -0.206396 -23.809875 -0.551545 
419 0.070438 0.000000 -0.050874 129.951510 -0.079106 -18.706632 -0.723734 
420 0.090490 0.000000 -0.070561 127.288148 -0.053015 -22.545875 -0.671059 
421 0.150645 0.000000 0.047563 87.169061 0.777790 8.409788 0.233023 
422 0.150645 0.000000 0.086937 87.412243 0.768235 8.137785 0.229229 
423 0.130593 0.000000 -0.011499 139.342975 -0.356134 -50.258104 -1.194247 
424 0.150645 0.000000 -0.011499 154.758181 -0.363248 -0.896038 -1.395103 
425 0.130593 0.000000 0.008188 16.434620 -8.290974 -1.604763 0.965859 
426 0.120568 0.000000 -0.041030 118.434473 -0.360778 -65.824662 -0.835974 
427 0.110542 0.000000 -0.041030 103.650703 -0.392794 -71.140977 -0.580466 
428 0.120568 0.000000 -0.050874 125.256253 -0.364243 -54.911129 -0.870449 
429 0.130593 0.000000 -0.041030 132.021115 -0.364424 -49.258252 -0.985608 
430 0.120568 0.000000 -0.031187 110.105693 -0.388273 -62.920490 -0.608240 
431 0.170697 0.000000 -0.050874 138.676450 -0.343468 36.689475 -1.057739 
432 0.170697 0.000000 -0.070561 134.062014 -0.338000 46.938722 -1.017598 
433 0.190749 0.000000 -0.050874 110.585412 -0.355163 62.693216 -0.615970 
434 0.170697 0.000000 -0.031187 120.232450 -0.354854 50.155623 -0.697155 
435 2.035511 0.000000 -0.306809 97.082567 0.015402 -23.175869 0.003785 
436 2.035511 0.000000 -0.621806 97.704122 -0.008574 -21.581407 -0.001185 
437 2.356339 0.000000 -0.306809 97.213786 0.059890 -22.731586 0.003275 
438 2.035511 0.000000 0.008188 97.239061 0.006307 -21.441507 0.008483 
439 5.564621 0.000000 -15.111679 96.684535 0.000021 -25.610191 -0.000378 
440 5.564621 0.000000 -20.151635 96.669964 0.000007 -25.637294 -0.000235 
441 10.697873 0.000000 -15.111679 96.682206 0.000031 -25.589441 -0.000227 
442 15.831124 0.000000 -15.111679 96.682442 0.000036 -25.568244 -0.000123 
443 15.831124 0.000000 -20.151635 96.668305 0.000015 -25.619236 -0.000111 
444 20.964375 0.000000 -15.111679 96.686734 0.000044 -25.540918 -0.000066 
445 -14.968384 0.000000 -15.111679 96.661188 -0.000017 -25.666732 -0.000217 
446 -20.101635 0.000000 -15.111679 96.657012 -0.000014 -25.667673 -0.000141 
447 -14.968384 0.000000 -20.151635 96.659187 -0.000011 -25.664928 -0.000169 
448 2.997996 0.000000 -7.551746 96.780471 0.000320 -25.458680 -0.001460 
449 2.997996 0.000000 -10.071724 96.726763 0.000062 -25.556736 -0.000921 
450 5.564621 0.000000 -7.551746 96.769760 0.000380 -25.385201 -0.000879 
451 8.131247 0.000000 -7.551746 96.767897 0.000221 -25.314205 -0.000483 
452 8.131247 0.000000 -10.071724 96.719229 0.000094 -25.489892 -0.000434 
453 10.697873 0.000000 -7.551746 96.779561 0.000265 -25.227207 -0.000270 
454 -7.268507 0.000000 -7.551746 96.693296 -0.000051 -25.670204 -0.000855 
455 -9.835133 0.000000 -7.551746 96.676926 -0.000046 -25.673757 -0.000557 
456 -7.268507 0.000000 -10.071724 96.685554 -0.000034 -25.662900 -0.000668 
457 1.714683 0.000000 -3.771779 97.113064 0.002939 -24.988433 -0.005537 
458 1.714683 0.000000 -5.031768 96.930007 0.004154 -25.281625 -0.003459 
459 2.997996 0.000000 -3.771779 97.045873 0.001075 -24.788831 -0.003239 
460 4.281308 0.000000 -3.771779 97.017123 0.001817 -24.616958 -0.001832 
461 4.281308 0.000000 -5.031768 96.891725 0.003207 -25.070451 -0.001653 
462 5.564621 0.000000 -3.771779 97.024182 0.003286 -24.433386 -0.001068 
463 -3.418569 0.000000 -3.771779 96.814366 0.000198 -25.687061 -0.003285 
464 -4.701881 0.000000 -3.771779 96.752885 0.000114 -25.699279 -0.002157 
465 -3.418569 0.000000 -5.031768 96.786210 0.000153 -25.657415 -0.002587 
466 1.073026 0.000000 -1.881795 97.956161 -0.002512 -23.955397 -0.016927 
467 1.073026 0.000000 -2.511790 97.562048 0.003720 -24.556512 -0.012138 
468 1.714683 0.000000 -1.881795 97.686205 0.003608 -23.616108 -0.010032 
469 2.356339 0.000000 -1.881795 97.545147 0.004272 -23.371925 -0.006130 
470 2.356339 0.000000 -2.511790 97.374922 0.009702 -24.077393 -0.006160 
471 2.997996 0.000000 -1.881795 97.468529 0.008631 -23.184572 -0.003764 
472 -1.493599 0.000000 -1.881795 97.258451 0.003924 -25.792096 -0.012444 
473 -2.135256 0.000000 -1.881795 97.044153 0.008391 -25.832418 -0.008488 
474 -1.493599 0.000000 -2.511790 97.170593 0.011990 -25.673680 -0.010126 
475 0.752198 0.000000 -0.936804 99.455689 0.060760 -22.135907 -0.038144 
476 0.752198 0.000000 -1.251801 98.913607 0.022912 -23.180933 -0.032126 
477 1.073026 0.000000 -0.936804 98.722714 0.009975 -21.874412 -0.022466 
478 1.393855 0.000000 -0.936804 98.314566 0.017548 -21.768258 -0.013961 
479 1.393855 0.000000 -1.251801 98.217905 0.007954 -22.584224 -0.015680 
480 1.714683 0.000000 -0.936804 98.011200 0.006504 -21.798713 -0.008138 
481 -0.531115 0.000000 -0.936804 98.550398 0.019773 -26.138156 -0.039538 
482 -0.851943 0.000000 -0.936804 97.992629 0.009056 -26.349946 -0.029688 
483 -0.531115 0.000000 -1.251801 98.356706 0.012345 -25.791716 -0.033925 
484 0.591784 0.000000 -0.464308 100.837153 0.010697 -18.916738 -0.052597 
485 0.591784 0.000000 -0.621806 100.594643 0.046554 -20.603213 -0.054378 
486 0.752198 0.000000 -0.464308 99.680927 0.032228 -19.196355 -0.030479 
487 0.912612 0.000000 -0.464308 98.931908 0.039362 -19.688772 -0.017517 
488 0.912612 0.000000 -0.621806 99.379255 0.019835 -20.315730 -0.028897 
489 1.073026 0.000000 -0.464308 98.580392 0.008627 -19.912930 -0.011462 
490 0.351163 0.000000 -0.228060 105.092106 0.095035 -13.518764 -0.122712 
491 0.351163 0.000000 -0.306809 104.886270 0.104290 -16.339423 -0.126812 
492 0.431370 0.000000 -0.228060 102.697333 0.129527 -13.634040 -0.073265 
493 2.035511 0.000000 -0.936804 97.829098 0.000329 -21.845936 -0.004778 
494 2.035511 0.000000 -1.251801 97.802837 0.001111 -22.434064 -0.006868 
495 2.356339 0.000000 -0.936804 97.715283 0.000836 -21.912481 -0.002843 
496 2.035511 0.000000 0.323185 96.972796 0.002900 -21.632987 0.012829 
497 2.356339 0.000000 0.323185 97.084361 0.000911 -21.870704 0.009630 
498 2.035511 0.000000 0.638183 96.679700 0.005553 -22.162632 0.016185 
499 0.391266 0.000000 -0.031187 101.291228 0.205449 1.336475 -0.026174 
500 0.391266 0.000000 -0.070561 100.837244 0.195160 -5.695266 -0.020062 
501 0.391266 0.000000 0.008188 100.251756 0.294569 -3.463279 -0.006250 
502 -0.370701 0.000000 -0.464308 99.844589 0.024879 -27.871322 -0.074575 
503 -0.531115 0.000000 -0.464308 98.801364 0.012473 -27.682050 -0.052801 
504 -0.370701 0.000000 -0.621806 99.744063 0.013893 -26.963013 -0.067588 
505 -0.130079 0.000000 -0.228060 104.040092 0.039507 -31.429377 -0.181215 
506 -0.210286 0.000000 -0.228060 101.817021 0.000828 -31.598677 -0.136518 
507 -0.130079 0.000000 -0.306809 104.210389 0.014508 -29.738644 -0.174419 
508 0.230852 0.000000 -0.109936 111.980060 0.086680 -4.633027 -0.256101 
509 0.230852 0.000000 -0.149310 111.642668 0.098635 -9.773434 -0.255962 
510 0.270956 0.000000 -0.109936 108.431423 0.101707 -5.441823 -0.178700 
511 0.391266 0.000000 0.047563 99.709236 0.311070 -17.765131 -0.025763 
512 0.391266 0.000000 0.086937 99.718905 0.216207 -17.275814 -0.024236 
513 0.210801 0.000000 -0.050874 105.556812 -0.182425 16.707925 -0.142143 
514 0.210801 0.000000 -0.070561 112.416969 -0.043177 7.062487 -0.268746 
515 0.230852 0.000000 -0.050874 101.595219 -0.009236 3.332193 -0.033269 
516 -0.009769 0.000000 -0.109936 116.279708 0.104312 -36.428592 -0.484802 
517 -0.049872 0.000000 -0.109936 109.899958 0.095978 -38.359911 -0.354949 
518 -0.009769 0.000000 -0.149310 113.130463 0.097525 -32.487884 -0.385397 
519 0.170697 0.000000 -0.011499 108.521789 -0.367946 60.893482 -0.548513 
520 0.170697 0.000000 0.008188 91.883664 0.738391 3.138021 0.154700 
521 0.050386 0.000000 -0.011499 148.959565 0.744791 -4.745115 -1.221202 
522 0.050386 0.000000 -0.031187 143.241180 0.597216 1.275600 -1.052002 
523 0.090490 0.000000 0.027875 72.187450 0.881304 17.908311 0.446749 
524 0.110542 0.000000 0.027875 79.424051 0.866754 14.535462 0.347979 
525 0.090490 0.000000 0.047563 70.537446 0.947116 17.971071 0.470061 
526 -0.089976 0.000000 -0.109936 105.163506 0.100080 -37.899646 -0.249576 
527 -0.130079 0.000000 -0.109936 102.261917 -0.050123 -36.584711 -0.179594 
528 -0.089976 0.000000 -0.149310 105.876273 0.093664 -34.859339 -0.242497 
529 -0.089976 0.000000 0.047563 85.186971 0.098330 -40.552952 0.109863 
530 -0.130079 0.000000 0.047563 89.477947 -0.021315 -37.783332 0.056612 
531 -0.089976 0.000000 0.086937 83.459665 0.095411 -35.781741 0.175414 
532 -0.029821 0.000000 0.027875 66.582774 0.163562 -54.832562 0.256010 
533 -0.049872 0.000000 0.027875 78.160560 0.134732 -50.079511 0.138295 
534 -0.029821 0.000000 0.047563 66.118977 0.149658 -43.479983 0.373775 
535 0.130593 0.000000 0.027875 83.346362 0.816868 12.708326 0.289122 
536 0.150645 0.000000 0.027875 85.301641 0.793833 10.518264 0.261237 
537 0.130593 0.000000 0.047563 84.315181 0.839688 11.610975 0.275543 
538 0.170697 0.000000 0.027875 91.885809 0.622095 3.121163 0.154687 
539 0.190749 0.000000 0.027875 91.885824 0.621246 3.121040 0.154687 
540 0.170697 0.000000 0.047563 88.267222 0.749002 7.179702 0.215679 
541 0.511577 0.000000 -0.228060 100.949828 0.109928 -14.220908 -0.039311 
542 0.511577 0.000000 -0.306809 101.506542 0.073464 -16.276133 -0.056850 
543 0.591784 0.000000 -0.228060 99.345785 0.066924 -15.868135 -0.012139 
544 0.671991 0.000000 -0.228060 98.539578 0.064675 -17.044929 -0.000058 
545 0.671991 0.000000 -0.306809 99.474206 0.070187 -17.375301 -0.019702 
546 0.752198 0.000000 -0.228060 98.117089 0.056165 -17.937542 0.005128 
547 0.311059 0.000000 -0.109936 105.964865 0.115262 -6.345287 -0.126883 
548 0.311059 0.000000 -0.149310 106.811704 0.118990 -8.857716 -0.148721 
549 0.351163 0.000000 -0.109936 104.087587 0.202784 -6.670782 -0.087877 
550 0.391266 0.000000 -0.109936 102.159873 0.178770 -7.797174 -0.049747 
551 0.391266 0.000000 -0.149310 102.967972 0.150709 -10.030648 -0.070304 
552 0.431370 0.000000 -0.109936 100.388535 0.137705 -9.112671 -0.016092 
553 0.210801 0.000000 0.027875 96.826495 0.349256 0.295356 0.062442 
554 0.230852 0.000000 0.027875 99.639925 0.195060 -1.104093 0.007063 
555 0.210801 0.000000 0.047563 94.146865 0.528271 -1.143271 0.113478 
556 0.050386 0.000000 -0.050874 137.152563 0.019669 -22.111728 -0.929975 
557 0.030335 0.000000 -0.050874 140.046707 0.085651 -32.129898 -1.064542 
558 0.050386 0.000000 -0.070561 131.157549 0.052299 -26.508442 -0.790500 
559 0.010283 0.000000 -0.050874 135.132432 0.119359 -44.327039 -1.022567 
560 -0.009769 0.000000 -0.050874 124.051106 0.126505 -51.590763 -0.805030 
561 0.010283 0.000000 -0.070561 127.261512 0.109033 -39.572410 -0.776148 
562 0.471473 0.000000 -0.109936 98.980561 0.096081 -10.256359 0.009765 
563 0.471473 0.000000 -0.149310 100.178891 0.131759 -11.544016 -0.016909 
564 0.511577 0.000000 -0.109936 97.840207 0.132082 -11.568080 0.029346 
565 0.551681 0.000000 -0.109936 97.090035 0.108004 -12.803651 0.040958 
566 0.551681 0.000000 -0.149310 98.411963 0.107006 -13.509055 0.013258 
567 0.591784 0.000000 -0.109936 96.605151 0.090083 -14.476696 0.045786 
568 0.631888 0.000000 -0.109936 96.412078 0.061391 -16.109862 0.044518 
569 0.631888 0.000000 -0.149310 97.425702 0.055920 -16.052224 0.025056 
570 0.671991 0.000000 -0.109936 96.458043 0.048114 -17.065250 0.040462 
571 -0.029821 0.000000 -0.050874 113.611895 0.122250 -51.979942 -0.560959 
572 -0.049872 0.000000 -0.050874 106.840117 0.116418 -49.254595 -0.384084 
573 -0.029821 0.000000 -0.070561 114.300087 0.113203 -45.536861 -0.513813 
1 19 21 3 22 
2 20 19 22 9 
3 28 20 9 30 
4 29 28 30 4 
5 35 37 19 38 
6 36 35 38 20 
7 44 36 20 46 
8 45 44 46 28 
9 51 53 35 54 
10 52 51 54 36 
11 60 52 36 62 
12 61 60 62 44 
13 67 69 51 70 
14 68 67 70 52 
15 76 68 52 78 
16 77 76 78 60 
17 83 85 67 86 
18 84 83 86 68 
19 92 84 68 94 
20 93 92 94 76 
21 99 101 83 102 
22 100 99 102 84 
23 108 100 84 110 
24 109 108 110 92 
25 115 117 99 118 
26 116 115 118 100 
27 10 125 124 26 
28 125 13 126 124 
29 124 126 8 127 
30 26 124 127 14 
31 23 129 128 42 
32 129 26 130 128 
33 128 130 14 131 
34 42 128 131 27 
35 39 133 132 58 
36 133 42 134 132 
37 132 134 27 135 
38 58 132 135 43 
39 137 58 138 136 
40 136 138 43 139 
41 71 141 140 90 
42 141 74 142 140 
43 140 142 59 143 
44 90 140 143 75 
45 87 145 144 106 
46 145 90 146 144 
47 144 146 75 147 
48 106 144 147 91 
49 149 106 150 148 
50 148 150 91 151 
51 152 116 100 154 
52 153 152 154 108 
53 155 157 115 158 
54 156 155 158 116 
55 119 161 159 160 
56 161 122 162 159 
57 14 127 164 37 
58 127 8 165 164 
59 164 165 21 166 
60 37 164 166 19 
61 27 131 167 53 
62 131 14 168 167 
63 167 168 37 169 
64 53 167 169 35 
65 43 135 170 69 
66 135 27 171 170 
67 170 171 53 172 
68 69 170 172 51 
69 139 43 174 173 
70 173 174 69 175 
71 85 173 175 67 
72 75 143 176 101 
73 143 59 177 176 
74 176 177 85 178 
75 101 176 178 83 
76 91 147 179 117 
77 147 75 180 179 
78 179 180 101 181 
79 117 179 181 99 
80 151 91 183 182 
81 182 183 117 184 
82 157 182 184 115 
83 122 186 185 162 
84 186 148 187 185 
85 185 187 151 188 
86 162 185 188 107 
87 189 191 157 192 
88 190 189 192 155 
89 159 195 193 194 
90 195 162 196 193 
91 193 196 107 197 
92 120 204 202 203 
93 204 119 160 202 
94 202 160 123 205 
95 203 202 205 5 
96 160 208 206 207 
97 208 159 194 206 
98 206 194 163 209 
99 207 206 209 123 
100 107 188 210 191 
101 188 151 211 210 
102 210 211 182 212 
103 191 210 212 157 
104 163 197 213 214 
105 197 107 215 213 
106 213 215 191 216 
107 214 213 216 189 
108 194 219 217 218 
109 219 193 220 217 
110 217 220 197 221 
111 218 217 221 163 
112 16 224 222 223 
113 224 15 32 222 
114 222 32 18 225 
115 223 222 225 6 
116 32 228 226 227 
117 228 31 48 226 
118 226 48 34 229 
119 227 226 229 18 
120 48 232 230 231 
121 232 47 64 230 
122 230 64 50 233 
123 231 230 233 34 
124 64 236 234 235 
125 236 63 80 234 
126 234 80 66 237 
127 235 234 237 50 
128 80 240 238 239 
129 239 238 241 66 
130 250 156 116 252 
131 251 250 252 152 
132 199 255 253 254 
133 255 198 256 253 
134 253 256 201 257 
135 254 253 257 114 
136 6 225 258 259 
137 225 18 45 258 
138 258 45 28 260 
139 259 258 260 29 
140 18 229 261 262 
141 229 34 61 261 
142 261 61 44 263 
143 262 261 263 45 
144 34 233 264 265 
145 233 50 77 264 
146 264 77 60 266 
147 265 264 266 61 
148 50 237 267 268 
149 237 66 93 267 
150 267 93 76 269 
151 268 267 269 77 
152 66 241 270 271 
153 270 109 92 272 
154 271 270 272 93 
155 273 153 108 275 
156 274 273 275 109 
157 276 251 152 278 
158 277 276 278 153 
159 281 199 254 279 
160 279 254 114 282 
161 282 114 293 291 
162 291 293 251 294 
163 292 291 294 276 
164 280 297 295 296 
165 297 279 298 295 
166 295 298 282 299 
167 296 295 299 249 
168 300 277 153 302 
169 301 300 302 273 
170 307 309 277 310 
171 308 307 310 300 
172 303 313 311 312 
173 313 288 314 311 
174 311 314 98 315 
175 312 311 315 306 
176 238 318 316 317 
177 318 96 243 316 
178 316 243 82 319 
179 317 316 319 241 
180 243 322 320 321 
181 321 320 323 82 
182 241 319 328 329 
183 319 82 274 328 
184 328 274 109 330 
185 329 328 330 270 
186 82 323 331 332 
187 331 301 273 333 
188 332 331 333 274 
189 334 308 300 336 
190 335 334 336 301 
191 324 339 337 338 
192 339 304 340 337 
193 337 340 286 341 
194 320 344 342 343 
195 344 284 325 342 
196 342 325 245 345 
197 343 342 345 323 
198 325 348 346 347 
199 348 324 338 346 
200 346 338 327 349 
201 347 346 349 245 
202 327 341 350 351 
203 341 286 352 350 
204 350 352 308 353 
205 351 350 353 334 
206 338 356 354 355 
207 356 337 357 354 
208 354 357 341 358 
209 355 354 358 327 
210 286 360 359 352 
211 360 306 361 359 
212 359 361 307 362 
213 352 359 362 308 
214 114 257 363 293 
215 257 201 364 363 
216 363 364 250 365 
217 293 363 365 251 
218 5 205 366 367 
219 205 123 190 366 
220 366 190 155 368 
221 367 366 368 156 
222 123 209 369 370 
223 209 163 214 369 
224 369 214 189 371 
225 370 369 371 190 
226 17 374 372 373 
227 374 7 375 372 
228 372 375 11 33 
229 373 372 33 15 
230 33 378 376 377 
231 378 11 379 376 
232 376 379 24 49 
233 377 376 49 31 
234 49 382 380 381 
235 382 24 383 380 
236 380 383 40 65 
237 381 380 65 47 
238 65 386 384 385 
239 386 40 387 384 
240 384 387 56 81 
241 385 384 81 63 
242 81 390 388 389 
243 390 56 391 388 
244 388 391 72 97 
245 389 388 97 79 
246 97 394 392 393 
247 394 72 395 392 
248 392 395 88 113 
249 393 392 113 95 
250 95 398 396 397 
251 398 113 399 396 
252 396 399 111 248 
253 397 396 248 112 
254 112 402 400 401 
255 402 248 403 400 
256 400 403 246 289 
257 401 400 289 247 
258 247 406 404 405 
259 406 289 407 404 
260 404 407 287 408 
261 79 411 409 410 
262 411 97 393 409 
263 409 393 95 244 
264 410 409 244 96 
265 244 414 412 413 
266 414 95 397 412 
267 412 397 112 285 
268 413 412 285 242 
269 285 417 415 416 
270 417 112 401 415 
271 415 401 247 305 
272 416 415 305 283 
273 305 420 418 419 
274 420 247 405 418 
275 418 405 288 313 
276 419 418 313 303 
277 421 292 276 422 
278 309 421 422 277 
279 288 408 423 314 
280 408 287 424 423 
281 423 424 290 425 
282 314 423 425 98 
283 405 428 426 427 
284 428 404 429 426 
285 426 429 408 430 
286 427 426 430 288 
287 289 432 431 407 
288 432 246 433 431 
289 431 433 280 434 
290 407 431 434 287 
291 74 436 435 142 
292 436 136 437 435 
293 435 437 139 438 
294 142 435 438 59 
295 7 440 439 375 
296 440 12 441 439 
297 439 441 10 25 
298 375 439 25 11 
299 12 443 442 441 
300 443 2 444 442 
301 442 444 13 125 
302 441 442 125 10 
303 1 447 445 446 
304 447 17 373 445 
305 445 373 15 224 
306 446 445 224 16 
307 11 449 448 379 
308 449 25 450 448 
309 448 450 23 41 
310 379 448 41 24 
311 25 452 451 450 
312 452 10 453 451 
313 451 453 26 129 
314 450 451 129 23 
315 15 456 454 455 
316 456 33 377 454 
317 454 377 31 228 
318 455 454 228 32 
319 24 458 457 383 
320 458 41 459 457 
321 457 459 39 57 
322 383 457 57 40 
323 41 461 460 459 
324 461 23 462 460 
325 460 462 42 133 
326 459 460 133 39 
327 31 465 463 464 
328 465 49 381 463 
329 463 381 47 232 
330 464 463 232 48 
331 40 467 466 387 
332 467 57 468 466 
333 466 468 55 73 
334 387 466 73 56 
335 57 470 469 468 
336 470 39 471 469 
337 469 471 58 137 
338 468 469 137 55 
339 47 474 472 473 
340 474 65 385 472 
341 472 385 63 236 
342 473 472 236 64 
343 56 476 475 391 
344 476 73 477 475 
345 475 477 71 89 
346 391 475 89 72 
347 73 479 478 477 
348 479 55 480 478 
349 478 480 74 141 
350 477 478 141 71 
351 63 483 481 482 
352 483 81 389 481 
353 481 389 79 240 
354 482 481 240 80 
355 72 485 484 395 
356 485 89 486 484 
357 484 486 87 105 
358 395 484 105 88 
359 89 488 487 486 
360 488 71 489 487 
361 487 489 90 145 
362 486 487 145 87 
363 113 491 490 399 
364 491 88 492 490 
365 490 492 104 200 
366 399 490 200 111 
367 55 494 493 480 
368 494 137 495 493 
369 493 495 136 436 
370 480 493 436 74 
371 59 438 496 177 
372 438 139 497 496 
373 496 497 173 498 
374 177 496 498 85 
375 198 500 499 256 
376 500 120 203 499 
377 499 203 5 501 
378 256 499 501 201 
379 240 504 502 503 
380 504 79 410 502 
381 502 410 96 318 
382 503 502 318 238 
383 96 507 505 506 
384 507 244 413 505 
385 505 413 242 322 
386 506 505 322 243 
387 248 509 508 403 
388 509 111 510 508 
389 508 510 199 281 
390 403 508 281 246 
391 201 501 511 364 
392 501 5 367 511 
393 511 367 156 512 
394 364 511 512 250 
395 246 514 513 433 
396 514 281 515 513 
397 513 515 279 297 
398 433 513 297 280 
399 242 518 516 517 
400 518 285 416 516 
401 516 416 283 326 
402 517 516 326 284 
403 287 434 519 424 
404 434 280 296 519 
405 519 296 249 520 
406 424 519 520 290 
407 304 522 521 340 
408 522 303 312 521 
409 521 312 306 360 
410 340 521 360 286 
411 306 315 523 361 
412 315 98 524 523 
413 523 524 309 525 
414 361 523 525 307 
415 322 528 526 527 
416 528 242 517 526 
417 526 517 284 344 
418 527 526 344 320 
419 323 345 529 530 
420 345 245 335 529 
421 529 335 301 531 
422 530 529 531 331 
423 245 349 532 533 
424 349 327 351 532 
425 532 351 334 534 
426 533 532 534 335 
427 98 425 535 524 
428 425 290 536 535 
429 535 536 421 537 
430 524 535 537 309 
431 290 520 538 536 
432 520 249 539 538 
433 538 539 292 540 
434 536 538 540 421 
435 88 542 541 492 
436 542 105 543 541 
437 541 543 103 121 
438 492 541 121 104 
439 105 545 544 543 
440 545 87 546 544 
441 544 546 106 149 
442 543 544 149 103 
443 111 548 547 510 
444 548 200 549 547 
445 547 549 198 255 
446 510 547 255 199 
447 200 551 550 549 
448 551 104 552 550 
449 550 552 120 500 
450 549 550 500 198 
451 249 299 553 539 
452 299 282 554 553 
453 553 554 291 555 
454 539 553 555 292 
455 283 558 556 557 
456 558 305 419 556 
457 556 419 303 522 
458 557 556 522 304 
459 326 561 559 560 
460 561 283 557 559 
461 559 557 304 339 
462 560 559 339 324 
463 104 563 562 552 
464 563 121 564 562 
465 562 564 119 204 
466 552 562 204 120 
467 121 566 565 564 
468 566 103 567 565 
469 565 567 122 161 
470 564 565 161 119 
471 103 569 568 567 
472 569 149 570 568 
473 568 570 148 186 
474 567 568 186 122 
475 284 573 571 572 
476 573 326 560 571 
477 571 560 324 348 
478 572 571 348 325 
