2 0.000000 100.000000 5791.461216
573 478 
1 -20.101635 0.000000 -20.151635 99.102858 -0.000009 -13.385692 -0.000055 
2 20.964375 0.000000 -20.151635 99.104861 0.000010 -13.365766 -0.000042 
3 20.964375 0.000000 20.168012 99.098858 0.000008 -13.373824 0.000056 
4 -20.101635 0.000000 20.168012 99.097898 -0.000005 -13.385876 0.000042 
5 0.431370 0.000000 0.008188 98.403686 0.431418 -4.992454 0.029160 
6 -20.101635 0.000000 0.008188 99.100502 -0.000020 -13.388800 -0.000017 
7 0.431370 0.000000 -20.151635 99.108336 -0.000001 -13.377273 -0.000141 
8 20.964375 0.000000 0.008188 99.166920 -0.001127 -12.883259 -0.000006 
9 0.431370 0.000000 20.168012 99.093818 0.000009 -13.379058 0.000142 
10 10.697873 0.000000 -10.071724 99.118436 0.000064 -13.310825 -0.000164 
11 0.431370 0.000000 -10.071724 99.132347 0.000022 -13.354333 -0.000556 
12 10.697873 0.000000 -20.151635 99.106876 0.000009 -13.369958 -0.000093 
13 20.964375 0.000000 -10.071724 99.115543 0.000064 -13.283841 -0.000035 
14 10.697873 0.000000 0.008188 99.214588 -0.003034 -12.505768 0.000007 
15 -9.835133 0.000000 -10.071724 99.110956 -0.000031 -13.386920 -0.000219 
16 -20.101635 0.000000 -10.071724 99.102930 -0.000017 -13.387339 -0.000061 
17 -9.835133 0.000000 -20.151635 99.105733 -0.000010 -13.383725 -0.000107 
18 -9.835133 0.000000 0.008188 99.101336 -0.000067 -13.399201 -0.000061 
19 10.697873 0.000000 10.088100 99.095005 0.000028 -13.340176 0.000222 
20 0.431370 0.000000 10.088100 99.075296 0.000047 -13.360770 0.000558 
21 20.964375 0.000000 10.088100 99.101958 0.000001 -13.348282 0.000063 
22 10.697873 0.000000 20.168012 99.096184 0.000013 -13.374358 0.000107 
23 5.564621 0.000000 -5.031768 99.165790 0.000067 -13.131158 -0.000628 
24 0.431370 0.000000 -5.031768 99.220275 0.001109 -13.275449 -0.002090 
25 5.564621 0.000000 -10.071724 99.126467 0.000062 -13.326391 -0.000365 
26 10.697873 0.000000 -5.031768 99.150695 0.000383 -13.059457 -0.000141 
27 5.564621 0.000000 0.008188 99.187013 -0.001952 -12.605465 0.000304 
28 -9.835133 0.000000 10.088100 99.091229 -0.000015 -13.387491 0.000170 
29 -20.101635 0.000000 10.088100 99.097999 -0.000012 -13.387464 0.000036 
30 -9.835133 0.000000 20.168012 99.095524 -0.000002 -13.384276 0.000094 
31 -4.701881 0.000000 -5.031768 99.142066 -0.000452 -13.392722 -0.000851 
32 -9.835133 0.000000 -5.031768 99.111100 -0.000056 -13.393511 -0.000240 
33 -4.701881 0.000000 -10.071724 99.122261 -0.000026 -13.379293 -0.000423 
34 -4.701881 0.000000 0.008188 99.102459 -0.000106 -13.440068 -0.000193 
35 5.564621 0.000000 5.048144 99.078666 0.000058 -13.218597 0.000869 
36 0.431370 0.000000 5.048144 99.006268 0.000754 -13.295130 0.002100 
37 10.697873 0.000000 5.048144 99.106261 -0.000043 -13.246005 0.000249 
38 5.564621 0.000000 10.088100 99.084498 0.000052 -13.342438 0.000424 
39 2.997996 0.000000 -2.511790 99.295378 0.001916 -12.734661 -0.002174 
40 0.431370 0.000000 -2.511790 99.502163 0.007012 -13.068945 -0.007148 
41 2.997996 0.000000 -5.031768 99.196689 0.000720 -13.180136 -0.001370 
42 5.564621 0.000000 -2.511790 99.221726 0.001070 -12.658100 -0.000518 
43 2.997996 0.000000 0.008188 99.028957 0.005030 -13.334698 0.001545 
44 -4.701881 0.000000 5.048144 99.064848 0.000517 -13.393718 0.000676 
45 -9.835133 0.000000 5.048144 99.091529 -0.000039 -13.393780 0.000148 
46 -4.701881 0.000000 10.088100 99.081890 0.000004 -13.381121 0.000372 
47 -2.135256 0.000000 -2.511790 99.261600 0.001565 -13.429976 -0.003323 
48 -4.701881 0.000000 -2.511790 99.141421 -0.000093 -13.418745 -0.000908 
49 -2.135256 0.000000 -5.031768 99.184663 0.000047 -13.364789 -0.001621 
50 -2.135256 0.000000 0.008188 99.090513 0.000547 -13.604000 -0.000400 
51 2.997996 0.000000 2.528166 99.008893 0.000307 -12.883041 0.003127 
52 0.431370 0.000000 2.528166 98.779893 -0.002732 -13.109937 0.007066 
53 5.564621 0.000000 2.528166 99.110659 -0.000095 -12.945888 0.000948 
54 2.997996 0.000000 5.048144 99.039867 0.000406 -13.228726 0.001611 
55 1.714683 0.000000 -1.251801 99.552828 -0.000546 -12.251281 -0.006086 
56 0.431370 0.000000 -1.251801 100.228631 0.015164 -12.666817 -0.020623 
57 1.714683 0.000000 -2.511790 99.426442 0.002978 -12.813163 -0.004979 
58 2.997996 0.000000 -1.251801 99.311514 0.000551 -12.373170 -0.001587 
59 1.714683 0.000000 0.008188 98.745849 0.029771 -14.263578 0.004581 
60 -2.135256 0.000000 2.528166 98.957618 -0.001104 -13.423993 0.002719 
61 -4.701881 0.000000 2.528166 99.065335 -0.000024 -13.418015 0.000602 
62 -2.135256 0.000000 5.048144 99.029672 0.000151 -13.369139 0.001439 
63 -0.851943 0.000000 -1.251801 99.664637 0.003150 -13.608328 -0.011823 
64 -2.135256 0.000000 -1.251801 99.255408 0.000991 -13.543422 -0.003506 
65 -0.851943 0.000000 -2.511790 99.419226 0.001955 -13.341920 -0.006219 
66 -0.851943 0.000000 0.008188 98.917739 -0.000755 -14.141817 0.001529 
67 1.714683 0.000000 1.268177 98.752020 0.010036 -12.360944 0.009525 
68 0.431370 0.000000 1.268177 98.398758 0.008105 -12.773207 0.015453 
69 2.997996 0.000000 1.268177 99.040647 -0.000806 -12.434814 0.003633 
70 1.714683 0.000000 2.528166 98.864369 0.000487 -12.909768 0.005917 
71 1.073026 0.000000 -0.621806 99.844560 0.027236 -11.739872 -0.010676 
72 0.431370 0.000000 -0.621806 101.205698 0.034550 -11.558273 -0.037619 
73 1.073026 0.000000 -1.251801 99.883665 0.017038 -12.268910 -0.012727 
74 1.714683 0.000000 -0.621806 99.361374 -0.001733 -12.441555 -0.002748 
75 1.073026 0.000000 0.008188 98.226177 0.076370 -15.060771 0.012479 
76 -0.851943 0.000000 1.268177 98.570583 0.001713 -13.522310 0.010099 
77 -2.135256 0.000000 1.268177 98.948690 0.000195 -13.526766 0.002618 
78 -0.851943 0.000000 2.528166 98.826411 0.000513 -13.338301 0.005543 
79 -0.210286 0.000000 -0.621806 100.906052 0.033965 -14.013020 -0.037840 
80 -0.851943 0.000000 -0.621806 99.495110 0.011095 -13.876154 -0.009182 
81 -0.210286 0.000000 -1.251801 100.184488 0.005572 -13.355191 -0.021529 
82 -0.210286 0.000000 0.008188 96.825317 -0.005130 -18.146687 0.029556 
83 1.073026 0.000000 0.638183 98.297229 0.008091 -12.022124 0.019312 
84 0.431370 0.000000 0.638183 98.139739 0.020333 -12.236365 0.021886 
85 1.714683 0.000000 0.638183 98.777212 0.007293 -12.127109 0.009600 
86 1.073026 0.000000 1.268177 98.448607 0.000077 -12.427889 0.015342 
87 0.752198 0.000000 -0.306809 99.118072 0.045142 -11.643188 0.004004 
88 0.431370 0.000000 -0.306809 101.457308 0.101829 -9.017802 -0.037492 
89 0.752198 0.000000 -0.621806 100.139506 0.024544 -11.613250 -0.016279 
90 1.073026 0.000000 -0.306809 99.075997 0.001538 -12.926634 0.001685 
91 0.752198 0.000000 0.008188 97.012872 0.115341 -15.360688 0.035254 
92 -0.210286 0.000000 0.638183 97.348461 0.012859 -13.384966 0.034412 
93 -0.851943 0.000000 0.638183 98.590347 -0.005767 -13.676680 0.009289 
94 -0.210286 0.000000 1.268177 98.325299 -0.006739 -13.226446 0.015720 
95 0.110542 0.000000 -0.306809 104.927666 0.031196 -12.228897 -0.115936 
96 -0.210286 0.000000 -0.306809 101.444496 -0.013254 -15.937729 -0.054500 
97 0.110542 0.000000 -0.621806 101.831523 0.033006 -12.887682 -0.053575 
98 0.110542 0.000000 0.008188 21.216006 -8.342041 -2.400104 0.947453 
99 0.752198 0.000000 0.323185 98.180748 0.030513 -12.834723 0.019581 
100 0.431370 0.000000 0.323185 98.216362 0.086361 -11.694036 0.021679 
101 1.073026 0.000000 0.323185 98.376117 0.030702 -12.455100 0.016701 
102 0.752198 0.000000 0.638183 98.155498 0.028557 -12.209077 0.021644 
103 0.591784 0.000000 -0.149310 97.559316 0.083182 -10.623388 0.036932 
104 0.431370 0.000000 -0.149310 99.236885 0.111663 -6.682157 0.010738 
105 0.591784 0.000000 -0.306809 99.675738 0.070336 -10.417813 -0.004379 
106 0.752198 0.000000 -0.149310 97.963279 0.042406 -13.153949 0.023017 
107 0.591784 0.000000 0.008188 74.620081 1.451243 -13.197954 0.425555 
108 0.110542 0.000000 0.323185 95.777021 0.064355 -10.139890 0.072394 
109 -0.210286 0.000000 0.323185 96.133043 0.018987 -13.913680 0.056485 
110 0.110542 0.000000 0.638183 97.558316 0.015292 -12.438653 0.032765 
111 0.270956 0.000000 -0.149310 103.877706 0.093387 -4.441528 -0.081031 
112 0.110542 0.000000 -0.149310 110.807767 0.093342 -10.731090 -0.239353 
113 0.270956 0.000000 -0.306809 103.385209 0.059294 -9.518645 -0.077911 
114 0.270956 0.000000 0.008188 98.781222 0.103959 1.533907 0.023991 
115 0.591784 0.000000 0.165687 98.001468 0.114507 -14.675059 0.018034 
116 0.431370 0.000000 0.165687 100.497430 0.182321 -13.660778 -0.028638 
117 0.752198 0.000000 0.165687 97.657740 0.079715 -13.497117 0.028079 
118 0.591784 0.000000 0.323185 98.199983 0.082621 -12.648728 0.019677 
119 0.511577 0.000000 -0.070561 95.215229 0.122429 -8.425041 0.086306 
120 0.431370 0.000000 -0.070561 96.808653 0.152705 -5.375680 0.059916 
121 0.511577 0.000000 -0.149310 97.847763 0.127877 -8.975953 0.034523 
122 0.591784 0.000000 -0.070561 95.263279 0.089309 -11.607349 0.079017 
123 0.511577 0.000000 0.008188 95.829127 1.241362 -13.672157 0.062831 
124 15.831124 0.000000 -5.031768 99.159832 0.000506 -12.956906 -0.000055 
125 15.831124 0.000000 -10.071724 99.115466 0.000061 -13.298497 -0.000073 
126 20.964375 0.000000 -5.031768 99.178686 0.000718 -12.808233 -0.000046 
127 15.831124 0.000000 0.008188 99.190581 -0.001922 -12.701944 -0.000011 
128 8.131247 0.000000 -2.511790 99.215458 0.000789 -12.579496 -0.000195 
129 8.131247 0.000000 -5.031768 99.152830 0.000089 -13.097336 -0.000282 
130 10.697873 0.000000 -2.511790 99.218754 -0.000097 -12.522779 -0.000118 
131 8.131247 0.000000 0.008188 99.216014 -0.003115 -12.467801 0.000074 
132 4.281308 0.000000 -1.251801 99.239253 -0.002471 -12.513016 -0.000500 
133 4.281308 0.000000 -2.511790 99.241659 0.001490 -12.695645 -0.001009 
134 5.564621 0.000000 -1.251801 99.195090 -0.008175 -12.726943 -0.000164 
135 4.281308 0.000000 0.008188 99.139006 0.000225 -12.832003 0.000680 
136 2.356339 0.000000 -0.621806 99.193461 -0.014785 -12.958293 -0.000726 
137 2.356339 0.000000 -1.251801 99.374233 0.002100 -12.340857 -0.002753 
138 2.997996 0.000000 -0.621806 99.086623 -0.022498 -13.544542 -0.000161 
139 2.356339 0.000000 0.008188 98.927705 0.012428 -13.764037 0.002386 
140 1.393855 0.000000 -0.306809 98.979272 -0.001830 -13.747597 0.001411 
141 1.393855 0.000000 -0.621806 99.468388 0.007502 -12.214107 -0.004314 
142 1.714683 0.000000 -0.306809 98.885457 -0.019187 -14.583037 0.000900 
143 1.393855 0.000000 0.008188 98.563654 0.048889 -14.654960 0.007044 
144 0.912612 0.000000 -0.149310 98.280486 0.015619 -14.462126 0.013179 
145 0.912612 0.000000 -0.306809 99.079481 0.032673 -12.443007 0.002843 
146 1.073026 0.000000 -0.149310 98.461460 -0.018146 -15.143131 0.007603 
147 0.912612 0.000000 0.008188 97.829704 0.110863 -15.459686 0.019033 
148 0.671991 0.000000 -0.070561 96.501265 0.052562 -14.045744 0.049022 
149 0.671991 0.000000 -0.149310 97.680809 0.051441 -12.250724 0.030838 
150 0.752198 0.000000 -0.070561 97.281668 0.018416 -14.767518 0.031820 
151 0.671991 0.000000 0.008188 96.066857 0.104338 -15.512812 0.053050 
152 0.270956 0.000000 0.165687 101.926087 0.128533 -8.628000 -0.046339 
153 0.110542 0.000000 0.165687 95.340187 0.134383 -3.452652 0.089831 
154 0.270956 0.000000 0.323185 97.918886 0.113741 -10.359221 0.030457 
155 0.511577 0.000000 0.086937 99.345518 0.194531 -18.060787 -0.019576 
156 0.431370 0.000000 0.086937 105.685643 0.435036 -22.869862 -0.169267 
157 0.591784 0.000000 0.086937 96.852997 0.145510 -16.436066 0.034933 
158 0.511577 0.000000 0.165687 98.850383 0.141514 -14.131547 0.002888 
159 0.551681 0.000000 -0.031187 92.830318 0.114638 -10.230972 0.127785 
160 0.511577 0.000000 -0.031187 93.125534 0.113435 -8.784143 0.125046 
161 0.551681 0.000000 -0.070561 94.978795 0.102025 -9.905529 0.088090 
162 0.591784 0.000000 -0.031187 93.366032 0.106160 -12.977219 0.111436 
163 0.551681 0.000000 0.008188 86.635664 2.386077 -18.490681 0.214666 
164 15.831124 0.000000 5.048144 99.110490 -0.000062 -13.271650 0.000097 
165 20.964375 0.000000 5.048144 99.110422 -0.000058 -13.290774 0.000048 
166 15.831124 0.000000 10.088100 99.099988 0.000010 -13.343930 0.000113 
167 8.131247 0.000000 2.528166 99.130401 -0.000488 -13.012134 0.000385 
168 10.697873 0.000000 2.528166 99.133293 -0.000406 -13.065598 0.000188 
169 8.131247 0.000000 5.048144 99.098189 0.000240 -13.230992 0.000449 
170 4.281308 0.000000 1.268177 99.132323 -0.001902 -12.539520 0.001554 
171 5.564621 0.000000 1.268177 99.163392 -0.001583 -12.626793 0.000719 
172 4.281308 0.000000 2.528166 99.078825 -0.000205 -12.909185 0.001674 
173 2.356339 0.000000 0.638183 98.995910 0.004536 -12.243749 0.004990 
174 2.997996 0.000000 0.638183 99.094111 -0.000916 -12.306046 0.002892 
175 2.356339 0.000000 1.268177 98.953776 0.002063 -12.416122 0.005399 
176 1.393855 0.000000 0.323185 98.651997 0.013944 -12.417145 0.011360 
177 1.714683 0.000000 0.323185 98.827348 0.009795 -12.416133 0.007899 
178 1.393855 0.000000 0.638183 98.621799 0.016415 -12.130711 0.012659 
179 0.912612 0.000000 0.165687 98.092127 0.068103 -13.553182 0.019424 
180 1.073026 0.000000 0.165687 98.342452 0.040512 -13.199933 0.015452 
181 0.912612 0.000000 0.323185 98.291618 0.036948 -12.717491 0.017702 
182 0.671991 0.000000 0.086937 96.877892 0.107818 -15.004096 0.038954 
183 0.752198 0.000000 0.086937 97.311041 0.100294 -14.296680 0.032616 
184 0.671991 0.000000 0.165687 97.623467 0.099040 -14.076125 0.027151 
185 0.631888 0.000000 -0.031187 95.110147 0.085541 -14.425088 0.074597 
186 0.631888 0.000000 -0.070561 95.899326 0.059368 -13.178381 0.062965 
187 0.671991 0.000000 -0.031187 96.130018 0.077763 -14.786083 0.054039 
188 0.631888 0.000000 0.008188 95.025483 0.110553 -15.518590 0.072932 
189 0.551681 0.000000 0.047563 96.737718 0.225525 -19.646249 0.025579 
190 0.511577 0.000000 0.047563 100.638065 1.048164 -28.056483 -0.091629 
191 0.591784 0.000000 0.047563 95.304459 0.168594 -17.463989 0.061204 
192 0.551681 0.000000 0.086937 97.690147 0.175715 -17.050346 0.016589 
193 0.571732 0.000000 -0.011499 78.499569 1.848139 -13.670189 0.364753 
194 0.551681 0.000000 -0.011499 83.831091 2.170997 -12.250939 0.281755 
195 0.571732 0.000000 -0.031187 92.678949 0.115103 -11.617639 0.127563 
196 0.591784 0.000000 -0.011499 92.202752 0.138594 -14.199363 0.129701 
197 0.571732 0.000000 0.008188 76.892289 1.690463 -13.913579 0.389113 
198 0.351163 0.000000 -0.070561 99.135885 0.217029 -2.271185 0.016687 
199 0.270956 0.000000 -0.070561 101.132172 0.079606 0.914706 -0.022856 
200 0.351163 0.000000 -0.149310 101.309029 0.165898 -5.059348 -0.028914 
201 0.351163 0.000000 0.008188 100.131668 0.184491 -2.180450 -0.003114 
202 0.471473 0.000000 -0.031187 95.258735 0.623095 -1.373211 0.092350 
203 0.431370 0.000000 -0.031187 96.722569 0.396673 -0.130494 0.064457 
204 0.471473 0.000000 -0.070561 95.871814 0.100074 -6.877204 0.076129 
205 0.471473 0.000000 0.008188 97.479058 0.637077 -8.585109 0.042372 
206 0.531629 0.000000 -0.011499 91.469258 1.890945 -8.066945 0.156472 
207 0.511577 0.000000 -0.011499 94.331129 1.127366 -5.479866 0.107034 
208 0.531629 0.000000 -0.031187 92.994970 0.108091 -9.783206 0.125621 
209 0.531629 0.000000 0.008188 92.439334 1.846745 -17.160883 0.115706 
210 0.631888 0.000000 0.047563 95.845791 0.129615 -16.026516 0.055672 
211 0.671991 0.000000 0.047563 96.405540 0.117186 -15.506568 0.046550 
212 0.631888 0.000000 0.086937 96.738017 0.120235 -15.675831 0.039601 
213 0.571732 0.000000 0.027875 93.884158 0.228758 -20.192666 0.077797 
214 0.551681 0.000000 0.027875 86.652118 2.206919 -26.912338 0.176227 
215 0.591784 0.000000 0.027875 93.897607 0.170318 -17.700650 0.086990 
216 0.571732 0.000000 0.047563 95.646223 0.197269 -18.852766 0.049633 
217 0.561706 0.000000 -0.001656 79.852398 1.877372 -13.225460 0.344516 
218 0.551681 0.000000 -0.001656 85.455109 2.393128 -11.286560 0.256431 
219 0.561706 0.000000 -0.011499 80.747194 1.963457 -11.571608 0.334213 
220 0.571732 0.000000 -0.001656 76.703161 1.661179 -13.374262 0.393499 
221 0.561706 0.000000 0.008188 81.199602 2.000475 -14.918236 0.318007 
222 -14.968384 0.000000 -5.031768 99.104194 -0.000032 -13.390152 -0.000094 
223 -20.101635 0.000000 -5.031768 99.102053 -0.000020 -13.388333 -0.000046 
224 -14.968384 0.000000 -10.071724 99.105393 -0.000024 -13.387741 -0.000111 
225 -14.968384 0.000000 0.008188 99.100754 -0.000034 -13.391505 -0.000029 
226 -7.268507 0.000000 -2.511790 99.115621 -0.000272 -13.404917 -0.000360 
227 -9.835133 0.000000 -2.511790 99.107529 -0.000066 -13.397428 -0.000179 
228 -7.268507 0.000000 -5.031768 99.120649 -0.000072 -13.395270 -0.000434 
229 -7.268507 0.000000 0.008188 99.101890 -0.000135 -13.410048 -0.000101 
230 -3.418569 0.000000 -1.251801 99.155039 -0.000114 -13.463350 -0.001298 
231 -4.701881 0.000000 -1.251801 99.126825 -0.000113 -13.433796 -0.000659 
232 -3.418569 0.000000 -2.511790 99.176444 -0.000069 -13.426887 -0.001625 
233 -3.418569 0.000000 0.008188 99.101476 -0.000103 -13.481201 -0.000285 
234 -1.493599 0.000000 -0.621806 99.311666 -0.000216 -13.808826 -0.005349 
235 -2.135256 0.000000 -0.621806 99.193181 0.002590 -13.607747 -0.002446 
236 -1.493599 0.000000 -1.251801 99.384230 -0.003039 -13.593691 -0.006201 
237 -1.493599 0.000000 0.008188 99.063474 0.000334 -13.884294 -0.000635 
238 -0.531115 0.000000 -0.306809 99.698050 0.006804 -14.828136 -0.015957 
239 -0.851943 0.000000 -0.306809 99.271598 0.007535 -14.079971 -0.005310 
240 -0.531115 0.000000 -0.621806 100.006422 0.010267 -14.159143 -0.020177 
241 -0.531115 0.000000 0.008188 98.638502 0.001960 -15.003576 0.004534 
242 -0.049872 0.000000 -0.149310 104.792933 0.097739 -19.085847 -0.134584 
243 -0.210286 0.000000 -0.149310 100.282132 0.004881 -17.703943 -0.036994 
244 -0.049872 0.000000 -0.306809 103.282073 0.031031 -15.103735 -0.089531 
245 -0.049872 0.000000 0.008188 86.999541 0.128797 -29.174274 0.157993 
246 0.190749 0.000000 -0.070561 111.148310 -0.106870 11.819949 -0.249367 
247 0.110542 0.000000 -0.070561 117.460144 -0.125530 -17.261574 -0.409486 
248 0.190749 0.000000 -0.149310 108.196591 0.097063 -5.378103 -0.173544 
249 0.190749 0.000000 0.008188 95.049202 -0.506455 4.224864 0.094754 
250 0.351163 0.000000 0.086937 107.957240 0.197473 -16.048033 -0.191234 
251 0.270956 0.000000 0.086937 108.402276 0.276011 -9.392994 -0.183936 
252 0.351163 0.000000 0.165687 101.658841 0.218766 -11.462998 -0.046597 
253 0.311059 0.000000 -0.031187 98.534936 0.140943 2.573576 0.028422 
254 0.270956 0.000000 -0.031187 97.493558 0.073025 3.061473 0.048563 
255 0.311059 0.000000 -0.070561 100.059748 0.109268 -1.251670 -0.001353 
256 0.351163 0.000000 -0.031187 98.183722 0.178894 1.881824 0.035638 
257 0.311059 0.000000 0.008188 100.346381 0.139577 -0.541049 -0.006971 
258 -14.968384 0.000000 5.048144 99.097275 -0.000026 -13.390277 0.000043 
259 -20.101635 0.000000 5.048144 99.098933 -0.000017 -13.388398 0.000015 
260 -14.968384 0.000000 10.088100 99.095941 -0.000015 -13.387982 0.000076 
261 -7.268507 0.000000 2.528166 99.088328 0.000046 -13.404963 0.000181 
262 -9.835133 0.000000 2.528166 99.095151 -0.000055 -13.397526 0.000066 
263 -7.268507 0.000000 5.048144 99.083326 -0.000041 -13.395711 0.000305 
264 -3.418569 0.000000 1.268177 99.051089 -0.000012 -13.459813 0.000772 
265 -4.701881 0.000000 1.268177 99.078785 -0.000068 -13.432884 0.000295 
266 -3.418569 0.000000 2.528166 99.033658 0.000058 -13.424599 0.001211 
267 -1.493599 0.000000 0.638183 98.848816 0.001365 -13.765242 0.003943 
268 -2.135256 0.000000 0.638183 98.996589 -0.001757 -13.593882 0.001488 
269 -1.493599 0.000000 1.268177 98.843161 0.002772 -13.526251 0.004707 
270 -0.531115 0.000000 0.323185 97.978939 0.002090 -14.349894 0.019421 
271 -0.851943 0.000000 0.323185 98.655626 -0.007787 -13.914343 0.007346 
272 -0.531115 0.000000 0.638183 98.083634 -0.009172 -13.766307 0.019009 
273 -0.049872 0.000000 0.165687 91.011294 0.080557 -11.916260 0.157494 
274 -0.210286 0.000000 0.165687 95.206158 -0.016641 -15.675619 0.069006 
275 -0.049872 0.000000 0.323185 94.779063 -0.009442 -12.431634 0.086238 
276 0.190749 0.000000 0.086937 106.581873 0.580548 2.129250 -0.136457 
277 0.110542 0.000000 0.086937 100.741623 0.795689 15.460975 -0.038855 
278 0.190749 0.000000 0.165687 100.081914 0.146185 -5.071306 -0.004213 
279 0.230852 0.000000 -0.031187 97.255484 0.057909 3.190172 0.053119 
280 0.190749 0.000000 -0.031187 77.272248 -0.476182 66.463743 -0.038866 
281 0.230852 0.000000 -0.070561 102.735653 -0.004699 5.441556 -0.058422 
282 0.230852 0.000000 0.008188 92.931571 -0.190357 2.565346 0.135711 
283 0.030335 0.000000 -0.070561 117.254593 0.078560 -19.795782 -0.414052 
284 -0.049872 0.000000 -0.070561 103.505422 0.103863 -25.310643 -0.135401 
285 0.030335 0.000000 -0.149310 109.132258 0.093771 -16.225963 -0.217314 
286 0.030335 0.000000 0.008188 85.007439 1.150281 -3.409967 0.276078 
287 0.150645 0.000000 -0.031187 134.789537 -0.420154 0.071201 -0.816840 
288 0.110542 0.000000 -0.031187 79.940404 -0.504000 -67.284105 -0.091787 
289 0.150645 0.000000 -0.070561 142.002132 -0.423287 -0.249742 -1.016485 
290 0.150645 0.000000 0.008188 16.041447 -8.007539 0.897471 0.967775 
291 0.230852 0.000000 0.047563 106.649018 0.433232 -1.994145 -0.137818 
292 0.190749 0.000000 0.047563 106.554730 0.585869 2.257455 -0.135935 
293 0.270956 0.000000 0.047563 106.396099 0.248640 -7.275452 -0.137312 
294 0.230852 0.000000 0.086937 107.542036 0.437512 -2.625680 -0.157238 
295 0.210801 0.000000 -0.011499 56.280552 -0.652639 18.423407 0.649265 
296 0.190749 0.000000 -0.011499 37.095017 -0.635453 43.895385 0.669675 
297 0.210801 0.000000 -0.031187 97.284700 0.060062 3.191161 0.052550 
298 0.230852 0.000000 -0.011499 91.539626 -0.243074 3.367190 0.160910 
299 0.210801 0.000000 0.008188 86.126440 -0.670522 3.811756 0.256726 
300 0.030335 0.000000 0.086937 81.055541 0.159080 0.672702 0.342952 
301 -0.049872 0.000000 0.086937 85.693351 0.106320 -14.661096 0.244169 
302 0.030335 0.000000 0.165687 90.961286 0.110579 -6.657264 0.168171 
303 0.070438 0.000000 -0.031187 111.550859 0.064788 5.319870 -0.247190 
304 0.030335 0.000000 -0.031187 133.362935 0.878772 -10.118728 -0.788883 
305 0.070438 0.000000 -0.070561 115.958486 -0.008110 -14.455715 -0.365534 
306 0.070438 0.000000 0.008188 106.809735 -0.112602 5.679571 -0.144059 
307 0.070438 0.000000 0.047563 85.159856 0.917372 26.868837 0.202502 
308 0.030335 0.000000 0.047563 64.828839 1.017576 30.825379 0.484598 
309 0.110542 0.000000 0.047563 95.764781 0.862065 20.045463 0.042654 
310 0.070438 0.000000 0.086937 90.462762 0.952599 24.889336 0.119610 
311 0.090490 0.000000 -0.011499 96.363994 -0.539795 6.667253 0.066924 
312 0.070438 0.000000 -0.011499 112.370087 0.091195 4.193039 -0.264463 
313 0.090490 0.000000 -0.031187 100.782292 -0.338120 6.136863 -0.019485 
314 0.110542 0.000000 -0.011499 44.004986 -0.501676 -51.155005 0.544648 
315 0.090490 0.000000 0.008188 100.360691 -0.353894 6.168850 -0.011045 
316 -0.370701 0.000000 -0.149310 99.399945 -0.014407 -16.099020 -0.013953 
317 -0.531115 0.000000 -0.149310 99.214244 0.007236 -15.045526 -0.006983 
318 -0.370701 0.000000 -0.306809 100.229286 0.009272 -15.387524 -0.028269 
319 -0.370701 0.000000 0.008188 98.115146 0.011080 -16.034390 0.011632 
320 -0.130079 0.000000 -0.070561 99.229352 -0.052309 -20.702102 -0.027504 
321 -0.210286 0.000000 -0.070561 98.738979 -0.004271 -18.363959 -0.008662 
322 -0.130079 0.000000 -0.149310 101.675102 -0.028087 -18.727271 -0.068854 
323 -0.130079 0.000000 0.008188 94.820637 0.093092 -20.228271 0.059986 
324 -0.009769 0.000000 -0.031187 112.024610 0.160428 -40.625281 -0.419995 
325 -0.049872 0.000000 -0.031187 98.163203 0.117266 -30.305940 -0.055448 
326 -0.009769 0.000000 -0.070561 110.606396 0.107153 -25.978103 -0.290865 
327 -0.009769 0.000000 0.008188 54.088526 1.678255 -48.270908 0.474153 
328 -0.370701 0.000000 0.165687 97.299354 0.000284 -15.190924 0.030207 
329 -0.531115 0.000000 0.165687 98.175471 0.006098 -14.732349 0.014453 
330 -0.370701 0.000000 0.323185 97.391908 0.014945 -14.213618 0.031279 
331 -0.130079 0.000000 0.086937 92.647491 -0.000413 -17.084630 0.112456 
332 -0.210286 0.000000 0.086937 95.577978 -0.022335 -16.803567 0.058249 
333 -0.130079 0.000000 0.165687 93.377058 0.017960 -14.676215 0.106533 
334 -0.009769 0.000000 0.047563 68.890362 0.178823 -12.789051 0.509053 
335 -0.049872 0.000000 0.047563 83.044917 0.122781 -20.177993 0.269638 
336 -0.009769 0.000000 0.086937 81.024049 0.132892 -8.821454 0.335727 
337 0.010283 0.000000 -0.011499 103.585071 1.544214 -50.595998 -0.329221 
338 -0.009769 0.000000 -0.011499 82.842396 1.743231 -68.332085 -0.153518 
339 0.010283 0.000000 -0.031187 129.708991 1.373655 -43.839772 -0.874823 
340 0.030335 0.000000 -0.011499 132.586361 0.989008 -17.307530 -0.787967 
341 0.010283 0.000000 0.008188 46.590295 1.509670 -23.641583 0.726814 
342 -0.089976 0.000000 -0.031187 96.870390 0.097707 -24.098996 0.003536 
343 -0.130079 0.000000 -0.031187 97.066189 0.093097 -20.863842 0.014285 
344 -0.089976 0.000000 -0.070561 100.345428 0.094943 -22.756608 -0.058708 
345 -0.089976 0.000000 0.008188 92.523482 0.097626 -23.114721 0.090511 
346 -0.029821 0.000000 -0.011499 92.429629 0.154783 -40.189360 -0.015844 
347 -0.049872 0.000000 -0.011499 92.765000 0.124683 -31.268333 0.041693 
348 -0.029821 0.000000 -0.031187 101.694472 0.130861 -35.665587 -0.161382 
349 -0.029821 0.000000 0.008188 79.741253 0.169397 -36.334610 0.232110 
350 0.010283 0.000000 0.027875 31.438011 1.283244 15.625037 0.876586 
351 -0.009769 0.000000 0.027875 10.088332 1.545560 -12.690750 0.973478 
352 0.030335 0.000000 0.027875 55.846463 1.073007 29.531593 0.600791 
353 0.010283 0.000000 0.047563 63.886953 0.269168 -0.900850 0.591757 
354 0.000257 0.000000 -0.001656 61.185922 1.782932 -65.773959 0.192689 
355 -0.009769 0.000000 -0.001656 58.226878 1.686551 -51.003172 0.400546 
356 0.000257 0.000000 -0.011499 92.022540 1.621051 -56.708149 -0.168659 
357 0.010283 0.000000 -0.001656 88.203359 1.567988 -47.606080 -0.004863 
358 0.000257 0.000000 0.008188 25.462435 1.632105 -32.266057 0.830790 
359 0.050386 0.000000 0.027875 74.837851 0.981926 29.420641 0.353276 
360 0.050386 0.000000 0.008188 124.652158 0.542575 1.215743 -0.553993 
361 0.070438 0.000000 0.027875 82.700783 0.960083 27.769640 0.238851 
362 0.050386 0.000000 0.047563 76.101943 0.976707 29.306851 0.334865 
363 0.311059 0.000000 0.047563 106.118102 0.179381 -9.438491 -0.135017 
364 0.351163 0.000000 0.047563 106.782115 0.211511 -14.142117 -0.160246 
365 0.311059 0.000000 0.086937 108.484704 0.201570 -13.158010 -0.194210 
366 0.471473 0.000000 0.047563 103.989942 0.542689 -25.103160 -0.144437 
367 0.431370 0.000000 0.047563 104.735619 0.428067 -21.147965 -0.141697 
368 0.471473 0.000000 0.086937 100.942967 0.220192 -17.499661 -0.049577 
369 0.531629 0.000000 0.027875 96.634176 1.733076 -28.441028 -0.015006 
370 0.511577 0.000000 0.027875 99.768231 1.080271 -24.826803 -0.057124 
371 0.531629 0.000000 0.047563 98.285777 0.252434 -20.724677 -0.008967 
372 -4.701881 0.000000 -15.111679 99.112103 -0.000012 -13.379716 -0.000223 
373 -9.835133 0.000000 -15.111679 99.108069 -0.000017 -13.384355 -0.000155 
374 -4.701881 0.000000 -20.151635 99.107408 -0.000007 -13.381096 -0.000133 
375 0.431370 0.000000 -15.111679 99.114650 0.000002 -13.371167 -0.000250 
376 -2.135256 0.000000 -7.551746 99.146837 -0.000738 -13.364495 -0.000870 
377 -4.701881 0.000000 -7.551746 99.131259 -0.000042 -13.382038 -0.000609 
378 -2.135256 0.000000 -10.071724 99.128793 -0.000007 -13.369096 -0.000525 
379 0.431370 0.000000 -7.551746 99.156380 -0.000566 -13.332236 -0.000974 
380 -0.851943 0.000000 -3.771779 99.270996 0.000538 -13.317103 -0.003208 
381 -2.135256 0.000000 -3.771779 99.216780 0.000080 -13.377549 -0.002293 
382 -0.851943 0.000000 -5.031768 99.208452 0.000162 -13.327926 -0.001995 
383 0.431370 0.000000 -3.771779 99.313814 0.001128 -13.210404 -0.003775 
384 -0.210286 0.000000 -1.881795 99.696177 -0.005040 -13.222261 -0.011416 
385 -0.851943 0.000000 -1.881795 99.500493 0.000460 -13.391995 -0.007969 
386 -0.210286 0.000000 -2.511790 99.495890 0.002901 -13.222889 -0.007428 
387 0.431370 0.000000 -1.881795 99.752751 -0.004469 -12.930154 -0.011780 
388 0.110542 0.000000 -0.936804 100.723069 0.023971 -12.953142 -0.031292 
389 -0.210286 0.000000 -0.936804 100.337879 0.034416 -13.494436 -0.024979 
390 0.110542 0.000000 -1.251801 100.245795 0.013140 -13.017140 -0.021867 
391 0.431370 0.000000 -0.936804 100.667531 0.022576 -12.331023 -0.028601 
392 0.270956 0.000000 -0.464308 102.436328 0.041181 -11.342547 -0.062186 
393 0.110542 0.000000 -0.464308 102.909561 0.020642 -12.727554 -0.075237 
394 0.270956 0.000000 -0.621806 101.587347 0.062670 -12.132242 -0.046718 
395 0.431370 0.000000 -0.464308 101.279042 0.047842 -10.807065 -0.037424 
396 0.190749 0.000000 -0.228060 105.691594 0.100533 -9.097764 -0.125349 
397 0.110542 0.000000 -0.228060 106.642805 0.093924 -11.710876 -0.150984 
398 0.190749 0.000000 -0.306809 104.462135 0.057570 -10.612916 -0.102498 
399 0.270956 0.000000 -0.228060 104.157198 0.112093 -7.447628 -0.090420 
400 0.150645 0.000000 -0.109936 114.141551 0.035281 -5.379783 -0.305724 
401 0.110542 0.000000 -0.109936 114.368839 0.044469 -10.816841 -0.319724 
402 0.150645 0.000000 -0.149310 110.118591 0.089849 -7.714896 -0.218563 
403 0.190749 0.000000 -0.109936 110.058680 0.051320 -0.964387 -0.211385 
404 0.130593 0.000000 -0.050874 130.802784 -0.428748 -34.496843 -0.829958 
405 0.110542 0.000000 -0.050874 105.411426 -0.452321 -59.993541 -0.471100 
406 0.130593 0.000000 -0.070561 126.571505 -0.430012 -45.065922 -0.805147 
407 0.150645 0.000000 -0.050874 136.584956 -0.420740 0.557315 -0.865594 
408 0.130593 0.000000 -0.031187 117.637683 -0.443310 -44.624791 -0.583019 
409 -0.049872 0.000000 -0.464308 102.298363 -0.003172 -14.059554 -0.066263 
410 -0.210286 0.000000 -0.464308 101.391294 0.023063 -14.771493 -0.049839 
411 -0.049872 0.000000 -0.621806 101.636837 0.036945 -13.650666 -0.051639 
412 0.030335 0.000000 -0.228060 105.867017 0.092057 -14.524601 -0.141880 
413 -0.049872 0.000000 -0.228060 104.160617 -0.022587 -16.446368 -0.111992 
414 0.030335 0.000000 -0.306809 104.481550 0.007468 -13.950668 -0.111102 
415 0.070438 0.000000 -0.109936 113.474522 0.072754 -14.254813 -0.307967 
416 0.030335 0.000000 -0.109936 111.969612 0.088935 -17.883876 -0.285704 
417 0.070438 0.000000 -0.149310 110.415206 0.088244 -13.643450 -0.237767 
418 0.090490 0.000000 -0.050874 109.466992 -0.236955 -18.032069 -0.230823 
419 0.070438 0.000000 -0.050874 115.358027 -0.096551 -12.274718 -0.345815 
420 0.090490 0.000000 -0.070561 115.004310 -0.074988 -15.437087 -0.346430 
421 0.150645 0.000000 0.047563 103.208688 0.752578 10.162184 -0.075587 
422 0.150645 0.000000 0.086937 103.365998 0.743236 9.828043 -0.078167 
423 0.130593 0.000000 -0.011499 126.571505 -0.430012 -45.065922 -0.805147 
424 0.150645 0.000000 -0.011499 142.002132 -0.423287 -0.249742 -1.016485 
425 0.130593 0.000000 0.008188 17.209929 -7.996817 -2.237343 0.963486 
426 0.120568 0.000000 -0.041030 107.117583 -0.445208 -58.957210 -0.495033 
427 0.110542 0.000000 -0.041030 93.592100 -0.475557 -63.696844 -0.281700 
428 0.120568 0.000000 -0.050874 113.640529 -0.443281 -49.113825 -0.532653 
429 0.130593 0.000000 -0.041030 119.956163 -0.439492 -44.062997 -0.633122 
430 0.120568 0.000000 -0.031187 99.686198 -0.468454 -56.275519 -0.310449 
431 0.170697 0.000000 -0.050874 128.093467 -0.407188 34.447503 -0.759473 
432 0.170697 0.000000 -0.070561 124.087344 -0.402734 43.913347 -0.732621 
433 0.190749 0.000000 -0.050874 102.685297 -0.420894 58.638287 -0.398290 
434 0.170697 0.000000 -0.031187 111.309494 -0.419513 47.019410 -0.460080 
435 2.035511 0.000000 -0.306809 98.714522 -0.022265 -15.699877 0.000896 
436 2.035511 0.000000 -0.621806 99.261543 -0.010015 -12.704129 -0.001425 
437 2.356339 0.000000 -0.306809 98.573660 0.174929 -16.681774 0.000492 
438 2.035511 0.000000 0.008188 98.852828 0.017971 -14.093760 0.002948 
439 5.564621 0.000000 -15.111679 99.113472 0.000016 -13.361945 -0.000202 
440 5.564621 0.000000 -20.151635 99.108008 0.000005 -13.373225 -0.000124 
441 10.697873 0.000000 -15.111679 99.110612 0.000021 -13.355441 -0.000128 
442 15.831124 0.000000 -15.111679 99.108466 0.000021 -13.351026 -0.000074 
443 15.831124 0.000000 -20.151635 99.105705 0.000010 -13.367601 -0.000063 
444 20.964375 0.000000 -15.111679 99.107405 0.000020 -13.347136 -0.000042 
445 -14.968384 0.000000 -15.111679 99.104974 -0.000016 -13.385999 -0.000098 
446 -20.101635 0.000000 -15.111679 99.103095 -0.000013 -13.386375 -0.000062 
447 -14.968384 0.000000 -20.151635 99.104098 -0.000011 -13.385105 -0.000078 
448 2.997996 0.000000 -7.551746 99.151510 -0.000756 -13.297917 -0.000786 
449 2.997996 0.000000 -10.071724 99.130974 0.000048 -13.338807 -0.000487 
450 5.564621 0.000000 -7.551746 99.140205 -0.000224 -13.274285 -0.000499 
451 8.131247 0.000000 -7.551746 99.131673 0.000138 -13.258721 -0.000288 
452 8.131247 0.000000 -10.071724 99.121813 0.000065 -13.317566 -0.000249 
453 10.697873 0.000000 -7.551746 99.127276 0.000133 -13.245649 -0.000166 
454 -7.268507 0.000000 -7.551746 99.119199 -0.000048 -13.388287 -0.000386 
455 -9.835133 0.000000 -7.551746 99.111836 -0.000043 -13.389664 -0.000244 
456 -7.268507 0.000000 -10.071724 99.115843 -0.000032 -13.384653 -0.000310 
457 1.714683 0.000000 -3.771779 99.292439 0.002852 -13.097922 -0.003054 
458 1.714683 0.000000 -5.031768 99.214102 0.000690 -13.221845 -0.001826 
459 2.997996 0.000000 -3.771779 99.238942 0.000800 -13.030653 -0.001817 
460 4.281308 0.000000 -3.771779 99.206313 0.000496 -12.992509 -0.001070 
461 4.281308 0.000000 -5.031768 99.178825 0.001147 -13.151699 -0.000941 
462 5.564621 0.000000 -3.771779 99.187738 0.000930 -12.962854 -0.000624 
463 -3.418569 0.000000 -3.771779 99.172588 -0.000035 -13.399228 -0.001474 
464 -4.701881 0.000000 -3.771779 99.144993 -0.000067 -13.403597 -0.000939 
465 -3.418569 0.000000 -5.031768 99.160651 -0.000019 -13.384361 -0.001198 
466 1.073026 0.000000 -1.881795 99.654957 -0.002970 -12.683438 -0.009198 
467 1.073026 0.000000 -2.511790 99.493233 0.003506 -12.916922 -0.006575 
468 1.714683 0.000000 -1.881795 99.482950 0.002883 -12.583029 -0.005519 
469 2.356339 0.000000 -1.881795 99.399472 0.003442 -12.514873 -0.003688 
470 2.356339 0.000000 -2.511790 99.369985 0.009125 -12.743249 -0.003678 
471 2.997996 0.000000 -1.881795 99.336306 0.007613 -12.490201 -0.002371 
472 -1.493599 0.000000 -1.881795 99.373595 0.001455 -13.469828 -0.005655 
473 -2.135256 0.000000 -1.881795 99.274537 0.006471 -13.480347 -0.003715 
474 -1.493599 0.000000 -2.511790 99.336343 0.008856 -13.406685 -0.004745 
475 0.752198 0.000000 -0.936804 100.208483 0.057989 -12.063984 -0.018728 
476 0.752198 0.000000 -1.251801 100.091427 0.021386 -12.399545 -0.017204 
477 1.073026 0.000000 -0.936804 99.839599 0.007457 -12.057047 -0.011332 
478 1.393855 0.000000 -0.936804 99.684394 0.014612 -12.061981 -0.008247 
479 1.393855 0.000000 -1.251801 99.694987 0.006324 -12.237096 -0.008884 
480 1.714683 0.000000 -0.936804 99.514323 0.003703 -12.172130 -0.005126 
481 -0.531115 0.000000 -0.936804 99.841492 0.019407 -13.655873 -0.015481 
482 -0.851943 0.000000 -0.936804 99.697955 0.008985 -13.799483 -0.013011 
483 -0.531115 0.000000 -1.251801 99.887000 0.012087 -13.534753 -0.016060 
484 0.591784 0.000000 -0.464308 100.353710 0.005879 -10.958146 -0.019095 
485 0.591784 0.000000 -0.621806 100.533921 0.042159 -11.506638 -0.023947 
486 0.752198 0.000000 -0.464308 99.913198 0.026416 -11.336191 -0.011116 
487 0.912612 0.000000 -0.464308 99.656877 0.033131 -11.756056 -0.006970 
488 0.912612 0.000000 -0.621806 100.092105 0.015566 -11.572998 -0.015236 
489 1.073026 0.000000 -0.464308 99.591278 0.003371 -11.931585 -0.006079 
490 0.351163 0.000000 -0.228060 101.950664 0.091687 -7.599089 -0.045169 
491 0.351163 0.000000 -0.306809 102.253963 0.098339 -9.078065 -0.053829 
492 0.431370 0.000000 -0.228060 100.563990 0.122426 -8.108039 -0.017887 
493 2.035511 0.000000 -0.936804 99.406710 -0.002144 -12.275761 -0.003239 
494 2.035511 0.000000 -1.251801 99.457981 -0.000540 -12.278360 -0.004265 
495 2.356339 0.000000 -0.936804 99.324408 -0.001043 -12.402883 -0.001917 
496 2.035511 0.000000 0.323185 98.957232 0.008096 -12.544477 0.005010 
497 2.356339 0.000000 0.323185 99.019236 0.005689 -12.490928 0.003917 
498 2.035511 0.000000 0.638183 98.910701 0.007767 -12.195337 0.006795 
499 0.391266 0.000000 -0.031187 97.874610 0.210828 1.291014 0.041885 
500 0.391266 0.000000 -0.070561 97.938765 0.194037 -3.773790 0.039372 
501 0.391266 0.000000 0.008188 99.460758 0.290321 -3.772874 0.009324 
502 -0.370701 0.000000 -0.464308 100.461569 0.025117 -14.666237 -0.030763 
503 -0.531115 0.000000 -0.464308 99.936597 0.012809 -14.449190 -0.019610 
504 -0.370701 0.000000 -0.621806 100.415326 0.014080 -14.142030 -0.028323 
505 -0.130079 0.000000 -0.228060 102.264088 0.037979 -16.887490 -0.074313 
506 -0.210286 0.000000 -0.228060 101.077340 0.002397 -16.766995 -0.049776 
507 -0.130079 0.000000 -0.306809 102.515644 0.015477 -15.931515 -0.076327 
508 0.230852 0.000000 -0.109936 105.726154 0.079439 -0.718162 -0.117854 
509 0.230852 0.000000 -0.149310 105.877065 0.093104 -4.396112 -0.122929 
510 0.270956 0.000000 -0.109936 103.163336 0.098473 -1.893367 -0.064627 
511 0.391266 0.000000 0.047563 106.107338 0.293395 -19.012734 -0.162034 
512 0.391266 0.000000 0.086937 107.498791 0.197632 -18.605874 -0.190221 
513 0.210801 0.000000 -0.050874 98.892800 -0.210621 17.035458 -0.007004 
514 0.210801 0.000000 -0.070561 105.332148 -0.061347 8.902904 -0.117413 
515 0.230852 0.000000 -0.050874 96.494231 0.001828 3.164385 0.067885 
516 -0.009769 0.000000 -0.109936 108.541745 0.097478 -20.766585 -0.221257 
517 -0.049872 0.000000 -0.109936 104.723865 0.090670 -21.375134 -0.142399 
518 -0.009769 0.000000 -0.149310 107.036663 0.091889 -18.099878 -0.178446 
519 0.170697 0.000000 -0.011499 100.718077 -0.433090 56.976865 -0.339068 
520 0.170697 0.000000 0.008188 106.262238 0.715750 3.665312 -0.130561 
521 0.050386 0.000000 -0.011499 128.384343 0.688269 -3.841095 -0.649777 
522 0.050386 0.000000 -0.031187 124.695561 0.544073 1.180831 -0.555067 
523 0.090490 0.000000 0.027875 92.348622 0.847464 23.230045 0.093138 
524 0.110542 0.000000 0.027875 97.783467 0.836402 18.176094 0.010732 
525 0.090490 0.000000 0.047563 90.977281 0.910683 23.644346 0.116325 
526 -0.089976 0.000000 -0.109936 102.124270 0.095586 -20.708416 -0.085821 
527 -0.130079 0.000000 -0.109936 100.730805 -0.045982 -19.706988 -0.053506 
528 -0.089976 0.000000 -0.149310 102.849895 0.089668 -18.961237 -0.093764 
529 -0.089976 0.000000 0.047563 89.981017 0.092922 -19.850053 0.150938 
530 -0.130079 0.000000 0.047563 93.197498 -0.020710 -18.903018 0.095690 
531 -0.089976 0.000000 0.086937 89.890335 0.090403 -16.726740 0.163994 
532 -0.029821 0.000000 0.027875 74.966135 0.157348 -26.072666 0.370027 
533 -0.049872 0.000000 0.027875 83.587121 0.127551 -24.701153 0.240303 
534 -0.029821 0.000000 0.047563 76.794784 0.141537 -18.548235 0.375850 
535 0.130593 0.000000 0.027875 100.744338 0.789711 15.460793 -0.038908 
536 0.150645 0.000000 0.027875 102.008839 0.767781 12.762412 -0.056927 
537 0.130593 0.000000 0.047563 101.365822 0.812596 14.102726 -0.047458 
538 0.170697 0.000000 0.027875 106.254390 0.600587 3.659949 -0.130375 
539 0.190749 0.000000 0.027875 106.254333 0.599746 3.659910 -0.130374 
540 0.170697 0.000000 0.047563 103.918525 0.724582 8.648864 -0.087439 
541 0.511577 0.000000 -0.228060 99.662350 0.102873 -8.910949 -0.001200 
542 0.511577 0.000000 -0.306809 100.336894 0.067089 -9.718980 -0.016196 
543 0.591784 0.000000 -0.228060 98.867673 0.060345 -10.396161 0.011710 
544 0.671991 0.000000 -0.228060 98.636652 0.057974 -11.399045 0.014087 
545 0.671991 0.000000 -0.306809 99.362610 0.063274 -10.952408 0.000711 
546 0.752198 0.000000 -0.228060 98.585683 0.050269 -12.204272 0.013192 
547 0.311059 0.000000 -0.109936 101.558993 0.113926 -3.020766 -0.032337 
548 0.311059 0.000000 -0.149310 102.513699 0.115815 -4.570476 -0.052996 
549 0.351163 0.000000 -0.109936 100.401229 0.199641 -3.681800 -0.009400 
550 0.391266 0.000000 -0.109936 99.219560 0.175466 -4.820359 0.013221 
551 0.391266 0.000000 -0.149310 100.059186 0.146848 -6.069125 -0.004870 
552 0.431370 0.000000 -0.109936 98.111334 0.133988 -6.122046 0.033667 
553 0.210801 0.000000 0.027875 104.035817 0.338142 0.211706 -0.082361 
554 0.230852 0.000000 0.027875 102.599646 0.190207 -1.522940 -0.052904 
555 0.210801 0.000000 0.047563 107.263135 0.506538 -1.187193 -0.150705 
556 0.050386 0.000000 -0.050874 120.777060 0.010176 -13.569000 -0.477122 
557 0.030335 0.000000 -0.050874 122.790386 0.079697 -19.829694 -0.547070 
558 0.050386 0.000000 -0.070561 117.386389 0.040183 -16.146455 -0.404027 
559 0.010283 0.000000 -0.050874 119.210722 0.113723 -27.308578 -0.495697 
560 -0.009769 0.000000 -0.050874 111.802356 0.120061 -31.045222 -0.346359 
561 0.010283 0.000000 -0.070561 114.734831 0.100759 -23.670547 -0.372439 
562 0.471473 0.000000 -0.109936 97.335526 0.092340 -7.233718 0.047346 
563 0.471473 0.000000 -0.149310 98.484266 0.124857 -7.634287 0.024255 
564 0.511577 0.000000 -0.109936 96.787607 0.125038 -8.461900 0.056054 
565 0.551681 0.000000 -0.109936 96.565487 0.102353 -9.591639 0.058310 
566 0.551681 0.000000 -0.149310 97.719283 0.100452 -9.502656 0.036063 
567 0.591784 0.000000 -0.109936 96.581374 0.085715 -10.936022 0.055243 
568 0.631888 0.000000 -0.109936 96.771272 0.057586 -12.270426 0.048475 
569 0.631888 0.000000 -0.149310 97.550012 0.051140 -11.612764 0.034914 
570 0.671991 0.000000 -0.109936 97.092892 0.043160 -12.999490 0.040398 
571 -0.029821 0.000000 -0.050874 105.392512 0.115480 -30.281467 -0.202456 
572 -0.049872 0.000000 -0.050874 101.647098 0.109919 -27.851589 -0.110786 
573 -0.029821 0.000000 -0.070561 106.538182 0.106311 -26.255592 -0.203975 
1 19 21 3 22 
2 20 19 22 9 
3 28 20 9 30 
4 29 28 30 4 
5 35 37 19 38 
6 36 35 38 20 
7 44 36 20 46 
8 45 44 46 28 
9 51 53 35 54 
10 52 51 54 36 
11 60 52 36 62 
12 61 60 62 44 
13 67 69 51 70 
14 68 67 70 52 
15 76 68 52 78 
16 77 76 78 60 
17 83 85 67 86 
18 84 83 86 68 
19 92 84 68 94 
20 93 92 94 76 
21 99 101 83 102 
22 100 99 102 84 
23 108 100 84 110 
24 109 108 110 92 
25 115 117 99 118 
26 116 115 118 100 
27 10 125 124 26 
28 125 13 126 124 
29 124 126 8 127 
30 26 124 127 14 
31 23 129 128 42 
32 129 26 130 128 
33 128 130 14 131 
34 42 128 131 27 
35 39 133 132 58 
36 133 42 134 132 
37 132 134 27 135 
38 58 132 135 43 
39 137 58 138 136 
40 136 138 43 139 
41 71 141 140 90 
42 141 74 142 140 
43 140 142 59 143 
44 90 140 143 75 
45 87 145 144 106 
46 145 90 146 144 
47 144 146 75 147 
48 106 144 147 91 
49 149 106 150 148 
50 148 150 91 151 
51 152 116 100 154 
52 153 152 154 108 
53 155 157 115 158 
54 156 155 158 116 
55 119 161 159 160 
56 161 122 162 159 
57 14 127 164 37 
58 127 8 165 164 
59 164 165 21 166 
60 37 164 166 19 
61 27 131 167 53 
62 131 14 168 167 
63 167 168 37 169 
64 53 167 169 35 
65 43 135 170 69 
66 135 27 171 170 
67 170 171 53 172 
68 69 170 172 51 
69 139 43 174 173 
70 173 174 69 175 
71 85 173 175 67 
72 75 143 176 101 
73 143 59 177 176 
74 176 177 85 178 
75 101 176 178 83 
76 91 147 179 117 
77 147 75 180 179 
78 179 180 101 181 
79 117 179 181 99 
80 151 91 183 182 
81 182 183 117 184 
82 157 182 184 115 
83 122 186 185 162 
84 186 148 187 185 
85 185 187 151 188 
86 162 185 188 107 
87 189 191 157 192 
88 190 189 192 155 
89 159 195 193 194 
90 195 162 196 193 
91 193 196 107 197 
92 120 204 202 203 
93 204 119 160 202 
94 202 160 123 205 
95 203 202 205 5 
96 160 208 206 207 
97 208 159 194 206 
98 206 194 163 209 
99 207 206 209 123 
100 107 188 210 191 
101 188 151 211 210 
102 210 211 182 212 
103 191 210 212 157 
104 163 197 213 214 
105 197 107 215 213 
106 213 215 191 216 
107 214 213 216 189 
108 194 219 217 218 
109 219 193 220 217 
110 217 220 197 221 
111 218 217 221 163 
112 16 224 222 223 
113 224 15 32 222 
114 222 32 18 225 
115 223 222 225 6 
116 32 228 226 227 
117 228 31 48 226 
118 226 48 34 229 
119 227 226 229 18 
120 48 232 230 231 
121 232 47 64 230 
122 230 64 50 233 
123 231 230 233 34 
124 64 236 234 235 
125 236 63 80 234 
126 234 80 66 237 
127 235 234 237 50 
128 80 240 238 239 
129 239 238 241 66 
130 250 156 116 252 
131 251 250 252 152 
132 199 255 253 254 
133 255 198 256 253 
134 253 256 201 257 
135 254 253 257 114 
136 6 225 258 259 
137 225 18 45 258 
138 258 45 28 260 
139 259 258 260 29 
140 18 229 261 262 
141 229 34 61 261 
142 261 61 44 263 
143 262 261 263 45 
144 34 233 264 265 
145 233 50 77 264 
146 264 77 60 266 
147 265 264 266 61 
148 50 237 267 268 
149 237 66 93 267 
150 267 93 76 269 
151 268 267 269 77 
152 66 241 270 271 
153 270 109 92 272 
154 271 270 272 93 
155 273 153 108 275 
156 274 273 275 109 
157 276 251 152 278 
158 277 276 278 153 
159 281 199 254 279 
160 279 254 114 282 
161 282 114 293 291 
162 291 293 251 294 
163 292 291 294 276 
164 280 297 295 296 
165 297 279 298 295 
166 295 298 282 299 
167 296 295 299 249 
168 300 277 153 302 
169 301 300 302 273 
170 307 309 277 310 
171 308 307 310 300 
172 303 313 311 312 
173 313 288 314 311 
174 311 314 98 315 
175 312 311 315 306 
176 238 318 316 317 
177 318 96 243 316 
178 316 243 82 319 
179 317 316 319 241 
180 243 322 320 321 
181 321 320 323 82 
182 241 319 328 329 
183 319 82 274 328 
184 328 274 109 330 
185 329 328 330 270 
186 82 323 331 332 
187 331 301 273 333 
188 332 331 333 274 
189 334 308 300 336 
190 335 334 336 301 
191 324 339 337 338 
192 339 304 340 337 
193 337 340 286 341 
194 320 344 342 343 
195 344 284 325 342 
196 342 325 245 345 
197 343 342 345 323 
198 325 348 346 347 
199 348 324 338 346 
200 346 338 327 349 
201 347 346 349 245 
202 327 341 350 351 
203 341 286 352 350 
204 350 352 308 353 
205 351 350 353 334 
206 338 356 354 355 
207 356 337 357 354 
208 354 357 341 358 
209 355 354 358 327 
210 286 360 359 352 
211 360 306 361 359 
212 359 361 307 362 
213 352 359 362 308 
214 114 257 363 293 
215 257 201 364 363 
216 363 364 250 365 
217 293 363 365 251 
218 5 205 366 367 
219 205 123 190 366 
220 366 190 155 368 
221 367 366 368 156 
222 123 209 369 370 
223 209 163 214 369 
224 369 214 189 371 
225 370 369 371 190 
226 17 374 372 373 
227 374 7 375 372 
228 372 375 11 33 
229 373 372 33 15 
230 33 378 376 377 
231 378 11 379 376 
232 376 379 24 49 
233 377 376 49 31 
234 49 382 380 381 
235 382 24 383 380 
236 380 383 40 65 
237 381 380 65 47 
238 65 386 384 385 
239 386 40 387 384 
240 384 387 56 81 
241 385 384 81 63 
242 81 390 388 389 
243 390 56 391 388 
244 388 391 72 97 
245 389 388 97 79 
246 97 394 392 393 
247 394 72 395 392 
248 392 395 88 113 
249 393 392 113 95 
250 95 398 396 397 
251 398 113 399 396 
252 396 399 111 248 
253 397 396 248 112 
254 112 402 400 401 
255 402 248 403 400 
256 400 403 246 289 
257 401 400 289 247 
258 247 406 404 405 
259 406 289 407 404 
260 404 407 287 408 
261 79 411 409 410 
262 411 97 393 409 
263 409 393 95 244 
264 410 409 244 96 
265 244 414 412 413 
266 414 95 397 412 
267 412 397 112 285 
268 413 412 285 242 
269 285 417 415 416 
270 417 112 401 415 
271 415 401 247 305 
272 416 415 305 283 
273 305 420 418 419 
274 420 247 405 418 
275 418 405 288 313 
276 419 418 313 303 
277 421 292 276 422 
278 309 421 422 277 
279 288 408 423 314 
280 408 287 424 423 
281 423 424 290 425 
282 314 423 425 98 
283 405 428 426 427 
284 428 404 429 426 
285 426 429 408 430 
286 427 426 430 288 
287 289 432 431 407 
288 432 246 433 431 
289 431 433 280 434 
290 407 431 434 287 
291 74 436 435 142 
292 436 136 437 435 
293 435 437 139 438 
294 142 435 438 59 
295 7 440 439 375 
296 440 12 441 439 
297 439 441 10 25 
298 375 439 25 11 
299 12 443 442 441 
300 443 2 444 442 
301 442 444 13 125 
302 441 442 125 10 
303 1 447 445 446 
304 447 17 373 445 
305 445 373 15 224 
306 446 445 224 16 
307 11 449 448 379 
308 449 25 450 448 
309 448 450 23 41 
310 379 448 41 24 
311 25 452 451 450 
312 452 10 453 451 
313 451 453 26 129 
314 450 451 129 23 
315 15 456 454 455 
316 456 33 377 454 
317 454 377 31 228 
318 455 454 228 32 
319 24 458 457 383 
320 458 41 459 457 
321 457 459 39 57 
322 383 457 57 40 
323 41 461 460 459 
324 461 23 462 460 
325 460 462 42 133 
326 459 460 133 39 
327 31 465 463 464 
328 465 49 381 463 
329 463 381 47 232 
330 464 463 232 48 
331 40 467 466 387 
332 467 57 468 466 
333 466 468 55 73 
334 387 466 73 56 
335 57 470 469 468 
336 470 39 471 469 
337 469 471 58 137 
338 468 469 137 55 
339 47 474 472 473 
340 474 65 385 472 
341 472 385 63 236 
342 473 472 236 64 
343 56 476 475 391 
344 476 73 477 475 
345 475 477 71 89 
346 391 475 89 72 
347 73 479 478 477 
348 479 55 480 478 
349 478 480 74 141 
350 477 478 141 71 
351 63 483 481 482 
352 483 81 389 481 
353 481 389 79 240 
354 482 481 240 80 
355 72 485 484 395 
356 485 89 486 484 
357 484 486 87 105 
358 395 484 105 88 
359 89 488 487 486 
360 488 71 489 487 
361 487 489 90 145 
362 486 487 145 87 
363 113 491 490 399 
364 491 88 492 490 
365 490 492 104 200 
366 399 490 200 111 
367 55 494 493 480 
368 494 137 495 493 
369 493 495 136 436 
370 480 493 436 74 
371 59 438 496 177 
372 438 139 497 496 
373 496 497 173 498 
374 177 496 498 85 
375 198 500 499 256 
376 500 120 203 499 
377 499 203 5 501 
378 256 499 501 201 
379 240 504 502 503 
380 504 79 410 502 
381 502 410 96 318 
382 503 502 318 238 
383 96 507 505 506 
384 507 244 413 505 
385 505 413 242 322 
386 506 505 322 243 
387 248 509 508 403 
388 509 111 510 508 
389 508 510 199 281 
390 403 508 281 246 
391 201 501 511 364 
392 501 5 367 511 
393 511 367 156 512 
394 364 511 512 250 
395 246 514 513 433 
396 514 281 515 513 
397 513 515 279 297 
398 433 513 297 280 
399 242 518 516 517 
400 518 285 416 516 
401 516 416 283 326 
402 517 516 326 284 
403 287 434 519 424 
404 434 280 296 519 
405 519 296 249 520 
406 424 519 520 290 
407 304 522 521 340 
408 522 303 312 521 
409 521 312 306 360 
410 340 521 360 286 
411 306 315 523 361 
412 315 98 524 523 
413 523 524 309 525 
414 361 523 525 307 
415 322 528 526 527 
416 528 242 517 526 
417 526 517 284 344 
418 527 526 344 320 
419 323 345 529 530 
420 345 245 335 529 
421 529 335 301 531 
422 530 529 531 331 
423 245 349 532 533 
424 349 327 351 532 
425 532 351 334 534 
426 533 532 534 335 
427 98 425 535 524 
428 425 290 536 535 
429 535 536 421 537 
430 524 535 537 309 
431 290 520 538 536 
432 520 249 539 538 
433 538 539 292 540 
434 536 538 540 421 
435 88 542 541 492 
436 542 105 543 541 
437 541 543 103 121 
438 492 541 121 104 
439 105 545 544 543 
440 545 87 546 544 
441 544 546 106 149 
442 543 544 149 103 
443 111 548 547 510 
444 548 200 549 547 
445 547 549 198 255 
446 510 547 255 199 
447 200 551 550 549 
448 551 104 552 550 
449 550 552 120 500 
450 549 550 500 198 
451 249 299 553 539 
452 299 282 554 553 
453 553 554 291 555 
454 539 553 555 292 
455 283 558 556 557 
456 558 305 419 556 
457 556 419 303 522 
458 557 556 522 304 
459 326 561 559 560 
460 561 283 557 559 
461 559 557 304 339 
462 560 559 339 324 
463 104 563 562 552 
464 563 121 564 562 
465 562 564 119 204 
466 552 562 204 120 
467 121 566 565 564 
468 566 103 567 565 
469 565 567 122 161 
470 564 565 161 119 
471 103 569 568 567 
472 569 149 570 568 
473 568 570 148 186 
474 567 568 186 122 
475 284 573 571 572 
476 573 326 560 571 
477 571 560 324 348 
478 572 571 348 325 
