2 0.000000 100.000000 5791.461216
573 478 
1 -20.101635 0.000000 -20.151635 98.561158 -0.000010 -16.924373 -0.000074 
2 20.964375 0.000000 -20.151635 98.564858 0.000013 -16.896210 -0.000051 
3 20.964375 0.000000 20.168012 98.556155 0.000008 -16.909876 0.000074 
4 -20.101635 0.000000 20.168012 98.554707 -0.000005 -16.924693 0.000052 
5 0.431370 0.000000 0.008188 98.743180 0.437049 -4.920411 0.022538 
6 -20.101635 0.000000 0.008188 98.558166 -0.000021 -16.928451 -0.000028 
7 0.431370 0.000000 -20.151635 98.568574 -0.000001 -16.913121 -0.000182 
8 20.964375 0.000000 0.008188 98.639504 -0.000794 -16.436897 0.000008 
9 0.431370 0.000000 20.168012 98.549577 0.000009 -16.916079 0.000183 
10 10.697873 0.000000 -10.071724 98.585774 0.000082 -16.818610 -0.000202 
11 0.431370 0.000000 -10.071724 98.600889 0.000027 -16.882238 -0.000715 
12 10.697873 0.000000 -20.151635 98.567030 0.000010 -16.902960 -0.000117 
13 20.964375 0.000000 -10.071724 98.587083 0.000110 -16.763219 -0.000042 
14 10.697873 0.000000 0.008188 98.742194 -0.003095 -15.808517 0.000007 
15 -9.835133 0.000000 -10.071724 98.571981 -0.000032 -16.925827 -0.000292 
16 -20.101635 0.000000 -10.071724 98.561295 -0.000017 -16.926517 -0.000084 
17 -9.835133 0.000000 -20.151635 98.564986 -0.000010 -16.921743 -0.000140 
18 -9.835133 0.000000 0.008188 98.559779 -0.000069 -16.941985 -0.000106 
19 10.697873 0.000000 10.088100 98.552036 0.000027 -16.868510 0.000295 
20 0.431370 0.000000 10.088100 98.526201 0.000045 -16.892978 0.000721 
21 20.964375 0.000000 10.088100 98.560651 0.000002 -16.880406 0.000085 
22 10.697873 0.000000 20.168012 98.552708 0.000013 -16.910277 0.000141 
23 5.564621 0.000000 -5.031768 98.657492 -0.000059 -16.566102 -0.000774 
24 0.431370 0.000000 -5.031768 98.719347 0.001246 -16.775107 -0.002691 
25 5.564621 0.000000 -10.071724 98.594554 0.000073 -16.843531 -0.000459 
26 10.697873 0.000000 -5.031768 98.651334 0.000604 -16.421447 -0.000175 
27 5.564621 0.000000 0.008188 98.793440 -0.004217 -15.384538 0.000317 
28 -9.835133 0.000000 10.088100 98.546294 -0.000016 -16.926913 0.000211 
29 -20.101635 0.000000 10.088100 98.554883 -0.000013 -16.926750 0.000042 
30 -9.835133 0.000000 20.168012 98.551693 -0.000002 -16.922682 0.000119 
31 -4.701881 0.000000 -5.031768 98.613653 -0.000224 -16.932574 -0.001136 
32 -9.835133 0.000000 -5.031768 98.572364 -0.000057 -16.934412 -0.000329 
33 -4.701881 0.000000 -10.071724 98.587033 -0.000025 -16.915599 -0.000554 
34 -4.701881 0.000000 0.008188 98.563509 -0.000040 -16.995297 -0.000361 
35 5.564621 0.000000 5.048144 98.534346 0.000005 -16.716568 0.001154 
36 0.431370 0.000000 5.048144 98.438345 0.001061 -16.808502 0.002737 
37 10.697873 0.000000 5.048144 98.568689 -0.000043 -16.758021 0.000338 
38 5.564621 0.000000 10.088100 98.538455 0.000050 -16.870273 0.000557 
39 2.997996 0.000000 -2.511790 98.849378 0.002298 -16.000216 -0.002721 
40 0.431370 0.000000 -2.511790 99.104017 0.007227 -16.485635 -0.009338 
41 2.997996 0.000000 -5.031768 98.692843 0.001686 -16.643168 -0.001727 
42 5.564621 0.000000 -2.511790 98.772589 0.001580 -15.827307 -0.000653 
43 2.997996 0.000000 0.008188 98.675141 0.001730 -15.553228 0.002131 
44 -4.701881 0.000000 5.048144 98.512861 0.000366 -16.935369 0.000841 
45 -9.835133 0.000000 5.048144 98.546865 -0.000040 -16.935082 0.000172 
46 -4.701881 0.000000 10.088100 98.534392 0.000003 -16.918866 0.000473 
47 -2.135256 0.000000 -2.511790 98.772702 0.002122 -16.974811 -0.004419 
48 -4.701881 0.000000 -2.511790 98.613767 -0.000032 -16.966589 -0.001254 
49 -2.135256 0.000000 -5.031768 98.670358 0.000112 -16.894919 -0.002128 
50 -2.135256 0.000000 0.008188 98.558588 0.000656 -17.213564 -0.001010 
51 2.997996 0.000000 2.528166 98.453769 0.000206 -16.271473 0.004209 
52 0.431370 0.000000 2.528166 98.136916 -0.002815 -16.557004 0.009501 
53 5.564621 0.000000 2.528166 98.584648 -0.000794 -16.376717 0.001287 
54 2.997996 0.000000 5.048144 98.483572 0.000340 -16.725073 0.002126 
55 1.714683 0.000000 -1.251801 99.215047 0.000159 -15.236844 -0.007579 
56 0.431370 0.000000 -1.251801 100.069627 0.015780 -15.889897 -0.026642 
57 1.714683 0.000000 -2.511790 99.004066 0.003273 -16.134959 -0.006214 
58 2.997996 0.000000 -1.251801 98.917608 0.000750 -15.307434 -0.001901 
59 1.714683 0.000000 0.008188 98.367672 0.027224 -16.110299 0.006426 
60 -2.135256 0.000000 2.528166 98.377004 -0.001188 -16.974173 0.003384 
61 -4.701881 0.000000 2.528166 98.514223 0.000028 -16.967196 0.000706 
62 -2.135256 0.000000 5.048144 98.467617 0.000191 -16.904069 0.001838 
63 -0.851943 0.000000 -1.251801 99.314009 0.003279 -17.180784 -0.015845 
64 -2.135256 0.000000 -1.251801 98.768957 0.001433 -17.120795 -0.004843 
65 -0.851943 0.000000 -2.511790 98.979692 0.002003 -16.852925 -0.008100 
66 -0.851943 0.000000 0.008188 98.400675 -0.000823 -17.969441 -0.000559 
67 1.714683 0.000000 1.268177 98.145243 0.009571 -15.475610 0.012802 
68 0.431370 0.000000 1.268177 97.550208 0.007934 -16.036868 0.022678 
69 2.997996 0.000000 1.268177 98.526086 -0.001295 -15.622646 0.004854 
70 1.714683 0.000000 2.528166 98.267074 0.000393 -16.299110 0.007792 
71 1.073026 0.000000 -0.621806 99.680720 0.028386 -14.271192 -0.013991 
72 0.431370 0.000000 -0.621806 101.491729 0.035651 -14.320103 -0.050564 
73 1.073026 0.000000 -1.251801 99.630563 0.017853 -15.318024 -0.016089 
74 1.714683 0.000000 -0.621806 99.031957 -0.001673 -15.037896 -0.003347 
75 1.073026 0.000000 0.008188 97.819650 0.075655 -16.552917 0.015731 
76 -0.851943 0.000000 1.268177 97.874964 0.001659 -17.105654 0.012789 
77 -2.135256 0.000000 1.268177 98.369344 -0.000009 -17.107595 0.003080 
78 -0.851943 0.000000 2.528166 98.206921 -0.000905 -16.862137 0.007107 
79 -0.210286 0.000000 -0.621806 101.023450 0.034500 -17.632149 -0.051663 
80 -0.851943 0.000000 -0.621806 99.160416 0.011265 -17.575952 -0.014170 
81 -0.210286 0.000000 -1.251801 99.965285 0.005846 -16.815905 -0.027583 
82 -0.210286 0.000000 0.008188 96.350015 -0.005004 -23.010976 0.018717 
83 1.073026 0.000000 0.638183 97.545600 0.007233 -14.648045 0.027029 
84 0.431370 0.000000 0.638183 96.875597 0.020076 -15.032225 0.038915 
85 1.714683 0.000000 0.638183 98.226700 0.006077 -14.887443 0.012988 
86 1.073026 0.000000 1.268177 97.729625 -0.000359 -15.554500 0.020698 
87 0.752198 0.000000 -0.306809 99.151178 0.046118 -13.538775 -0.001426 
88 0.431370 0.000000 -0.306809 102.140449 0.103640 -10.969524 -0.055301 
89 0.752198 0.000000 -0.621806 100.155506 0.025750 -14.182431 -0.023227 
90 1.073026 0.000000 -0.306809 98.835831 0.001292 -15.022438 0.000580 
91 0.752198 0.000000 0.008188 96.619220 0.140019 -16.347898 0.039745 
92 -0.210286 0.000000 0.638183 96.244948 0.012960 -17.013677 0.044744 
93 -0.851943 0.000000 0.638183 97.886150 -0.005917 -17.385021 0.011606 
94 -0.210286 0.000000 1.268177 97.510861 -0.006945 -16.709638 0.021242 
95 0.110542 0.000000 -0.306809 106.174460 0.031650 -15.262382 -0.150596 
96 -0.210286 0.000000 -0.306809 101.785906 -0.013304 -19.979928 -0.075957 
97 0.110542 0.000000 -0.621806 102.162034 0.033773 -16.117195 -0.069685 
98 0.110542 0.000000 0.008188 21.017675 -8.497732 -2.168110 0.948135 
99 0.752198 0.000000 0.323185 97.254809 0.030264 -14.778596 0.032309 
100 0.431370 0.000000 0.323185 96.587007 0.087241 -13.630109 0.048516 
101 1.073026 0.000000 0.323185 97.734635 0.029825 -14.643153 0.023352 
102 0.752198 0.000000 0.638183 97.199294 0.028114 -14.837815 0.033214 
103 0.591784 0.000000 -0.149310 97.744808 0.083930 -11.852286 0.030547 
104 0.431370 0.000000 -0.149310 100.022112 0.113041 -7.812006 -0.006546 
105 0.591784 0.000000 -0.306809 99.957999 0.071798 -12.300115 -0.014290 
106 0.752198 0.000000 -0.149310 97.844277 0.041756 -14.581250 0.021388 
107 0.591784 0.000000 0.008188 74.455204 1.476012 -13.149043 0.428135 
108 0.110542 0.000000 0.323185 93.503291 0.065314 -13.222873 0.108229 
109 -0.210286 0.000000 0.323185 94.805045 0.019241 -17.984897 0.068855 
110 0.110542 0.000000 0.638183 96.201409 0.015293 -15.696646 0.049890 
111 0.270956 0.000000 -0.149310 105.436090 0.096704 -5.848142 -0.115098 
112 0.110542 0.000000 -0.149310 113.209038 0.098339 -13.309375 -0.299344 
113 0.270956 0.000000 -0.306809 104.455124 0.060214 -11.848756 -0.105127 
114 0.270956 0.000000 0.008188 99.808906 0.110640 1.601943 0.003560 
115 0.591784 0.000000 0.165687 96.976929 0.116737 -15.883054 0.034319 
116 0.431370 0.000000 0.165687 98.808036 0.185889 -14.631893 0.002285 
117 0.752198 0.000000 0.165687 96.923852 0.080708 -14.993546 0.038095 
118 0.591784 0.000000 0.323185 97.006562 0.083387 -14.542207 0.037824 
119 0.511577 0.000000 -0.070561 95.602380 0.123245 -9.048311 0.077830 
120 0.431370 0.000000 -0.070561 97.571841 0.154556 -5.960841 0.044418 
121 0.511577 0.000000 -0.149310 98.308351 0.129289 -10.116628 0.023311 
122 0.591784 0.000000 -0.070561 95.299103 0.089525 -12.406091 0.076416 
123 0.511577 0.000000 0.008188 95.688312 1.261410 -13.559269 0.065830 
124 15.831124 0.000000 -5.031768 98.686489 0.000959 -16.183817 -0.000094 
125 15.831124 0.000000 -10.071724 98.584012 0.000090 -16.794816 -0.000087 
126 20.964375 0.000000 -5.031768 98.749485 0.001285 -15.808860 -0.000138 
127 15.831124 0.000000 0.008188 98.679705 -0.001532 -16.195126 0.000003 
128 8.131247 0.000000 -2.511790 98.785845 0.000922 -15.631791 -0.000300 
129 8.131247 0.000000 -5.031768 98.646600 0.000337 -16.501007 -0.000343 
130 10.697873 0.000000 -2.511790 98.804398 -0.002323 -15.495427 -0.000242 
131 8.131247 0.000000 0.008188 98.777197 -0.003923 -15.571603 0.000059 
132 4.281308 0.000000 -1.251801 98.835881 -0.004037 -15.418243 -0.000625 
133 4.281308 0.000000 -2.511790 98.788365 0.001848 -15.915461 -0.001244 
134 5.564621 0.000000 -1.251801 98.766237 -0.014846 -15.729387 -0.000218 
135 4.281308 0.000000 0.008188 98.770353 -0.002736 -15.368925 0.000821 
136 2.356339 0.000000 -0.621806 98.808194 -0.016992 -15.626567 -0.000725 
137 2.356339 0.000000 -1.251801 98.995521 0.002667 -15.299084 -0.003418 
138 2.997996 0.000000 -0.621806 98.638396 -0.026626 -16.420037 0.000085 
139 2.356339 0.000000 0.008188 98.568572 0.009367 -15.809243 0.003430 
140 1.393855 0.000000 -0.306809 98.640099 -0.003453 -15.976023 0.001490 
141 1.393855 0.000000 -0.621806 99.197070 0.008177 -14.775530 -0.005838 
142 1.714683 0.000000 -0.306809 98.479521 -0.020545 -16.969399 0.001382 
143 1.393855 0.000000 0.008188 98.170288 0.046786 -16.349932 0.009527 
144 0.912612 0.000000 -0.149310 98.023139 0.013989 -16.074510 0.013307 
145 0.912612 0.000000 -0.306809 98.935916 0.033247 -14.449605 0.000289 
146 1.073026 0.000000 -0.149310 98.128404 -0.021065 -16.903352 0.008509 
147 0.912612 0.000000 0.008188 97.423144 0.111999 -16.747496 0.022824 
148 0.671991 0.000000 -0.070561 96.341869 0.052435 -15.076662 0.049094 
149 0.671991 0.000000 -0.149310 97.675614 0.051334 -13.596096 0.027462 
150 0.752198 0.000000 -0.070561 97.038538 0.016091 -15.894031 0.033090 
151 0.671991 0.000000 0.008188 95.679044 0.107161 -16.385774 0.057702 
152 0.270956 0.000000 0.165687 99.247815 0.130793 -9.873939 0.005236 
153 0.110542 0.000000 0.165687 91.793436 0.138004 -6.168870 0.153589 
154 0.270956 0.000000 0.323185 95.837325 0.115343 -12.686146 0.065426 
155 0.511577 0.000000 0.086937 98.231605 0.201511 -18.532643 0.000705 
156 0.431370 0.000000 0.086937 104.031481 0.442211 -22.514997 -0.132967 
157 0.591784 0.000000 0.086937 96.055324 0.149879 -17.224106 0.047668 
158 0.511577 0.000000 0.165687 97.536631 0.144510 -15.173163 0.025636 
159 0.551681 0.000000 -0.031187 92.959506 0.114622 -10.590407 0.124636 
160 0.511577 0.000000 -0.031187 93.486077 0.113782 -9.103837 0.117746 
161 0.551681 0.000000 -0.070561 95.182210 0.102352 -10.580388 0.082839 
162 0.591784 0.000000 -0.031187 93.266934 0.107190 -13.535785 0.111805 
163 0.551681 0.000000 0.008188 86.318015 2.426775 -18.374676 0.220568 
164 15.831124 0.000000 5.048144 98.572928 -0.000055 -16.793750 0.000135 
165 20.964375 0.000000 5.048144 98.572008 -0.000048 -16.819159 0.000068 
166 15.831124 0.000000 10.088100 98.558299 0.000010 -16.874226 0.000152 
167 8.131247 0.000000 2.528166 98.606223 -0.000556 -16.477940 0.000529 
168 10.697873 0.000000 2.528166 98.606816 -0.000384 -16.554751 0.000264 
169 8.131247 0.000000 5.048144 98.559002 0.000049 -16.736005 0.000603 
170 4.281308 0.000000 1.268177 98.637967 -0.002275 -15.801774 0.002086 
171 5.564621 0.000000 1.268177 98.670117 -0.001766 -15.948352 0.000986 
172 4.281308 0.000000 2.528166 98.545332 -0.000278 -16.318848 0.002251 
173 2.356339 0.000000 0.638183 98.511439 0.003206 -15.106976 0.006728 
174 2.997996 0.000000 0.638183 98.633733 -0.002205 -15.249586 0.003884 
175 2.356339 0.000000 1.268177 98.409379 0.001538 -15.564341 0.007335 
176 1.393855 0.000000 0.323185 98.115866 0.012498 -14.744159 0.015589 
177 1.714683 0.000000 0.323185 98.348062 0.008027 -14.866895 0.010663 
178 1.393855 0.000000 0.638183 97.997764 0.015443 -14.823170 0.017671 
179 0.912612 0.000000 0.165687 97.483348 0.068409 -15.262457 0.026405 
180 1.073026 0.000000 0.165687 97.805360 0.039976 -15.083878 0.020659 
181 0.912612 0.000000 0.323185 97.544607 0.036422 -14.795900 0.026613 
182 0.671991 0.000000 0.086937 96.229575 0.110297 -16.086900 0.048107 
183 0.752198 0.000000 0.086937 96.730113 0.102249 -15.544366 0.040165 
184 0.671991 0.000000 0.165687 96.781603 0.100771 -15.452426 0.039453 
185 0.631888 0.000000 -0.031187 94.925031 0.098598 -15.054626 0.076259 
186 0.631888 0.000000 -0.070561 95.815287 0.059406 -14.117869 0.062011 
187 0.671991 0.000000 -0.031187 95.862776 0.079627 -15.725058 0.056304 
188 0.631888 0.000000 0.008188 94.647375 0.113284 -16.276775 0.077693 
189 0.551681 0.000000 0.047563 95.983190 0.233153 -19.956507 0.038891 
190 0.511577 0.000000 0.047563 99.589876 1.067364 -27.765666 -0.069021 
191 0.591784 0.000000 0.047563 94.691021 0.174030 -18.036211 0.070828 
192 0.551681 0.000000 0.086937 96.755539 0.181535 -17.663879 0.032632 
193 0.571732 0.000000 -0.011499 78.326503 1.879314 -13.609853 0.367620 
194 0.551681 0.000000 -0.011499 83.713272 2.206983 -12.189847 0.283862 
195 0.571732 0.000000 -0.031187 92.677907 0.115656 -12.069350 0.126512 
196 0.591784 0.000000 -0.011499 91.995353 0.141157 -14.693655 0.132093 
197 0.571732 0.000000 0.008188 76.714412 1.719149 -13.855355 0.391997 
198 0.351163 0.000000 -0.070561 100.328435 0.221211 -2.801589 -0.007369 
199 0.270956 0.000000 -0.070561 102.803516 0.085636 0.310398 -0.056867 
200 0.351163 0.000000 -0.149310 102.468663 0.168216 -6.240634 -0.053880 
201 0.351163 0.000000 0.008188 100.646636 0.190632 -2.088522 -0.013414 
202 0.471473 0.000000 -0.031187 95.938717 0.629718 -1.382885 0.079345 
203 0.431370 0.000000 -0.031187 97.618273 0.401138 -0.131555 0.047049 
204 0.471473 0.000000 -0.070561 96.446980 0.100369 -7.469713 0.064217 
205 0.471473 0.000000 0.008188 97.601032 0.645103 -8.497539 0.040141 
206 0.531629 0.000000 -0.011499 91.606620 1.921128 -8.029907 0.154006 
207 0.511577 0.000000 -0.011499 94.634681 1.143664 -5.454197 0.101322 
208 0.531629 0.000000 -0.031187 93.247333 0.107610 -10.130645 0.120229 
209 0.531629 0.000000 0.008188 92.124113 1.878259 -17.030431 0.121958 
210 0.631888 0.000000 0.047563 95.292127 0.133399 -16.849288 0.063549 
211 0.671991 0.000000 0.047563 95.882819 0.120182 -16.458139 0.053560 
212 0.631888 0.000000 0.086937 96.032165 0.123235 -16.637837 0.050099 
213 0.571732 0.000000 0.027875 93.346713 0.235294 -20.499215 0.086612 
214 0.551681 0.000000 0.027875 86.056183 2.246323 -26.728799 0.187486 
215 0.591784 0.000000 0.027875 93.406496 0.175391 -18.176907 0.094480 
216 0.571732 0.000000 0.047563 94.976566 0.203848 -19.293980 0.060715 
217 0.561706 0.000000 -0.001656 79.684938 1.908967 -13.163911 0.347338 
218 0.551681 0.000000 -0.001656 85.381244 2.432423 -11.231293 0.257798 
219 0.561706 0.000000 -0.011499 80.660667 1.996002 -11.524509 0.335706 
220 0.571732 0.000000 -0.001656 76.534206 1.689333 -13.319524 0.396225 
221 0.561706 0.000000 0.008188 80.995820 2.034282 -14.842777 0.321523 
222 -14.968384 0.000000 -5.031768 98.563077 -0.000033 -16.930157 -0.000131 
223 -20.101635 0.000000 -5.031768 98.560175 -0.000020 -16.927822 -0.000066 
224 -14.968384 0.000000 -10.071724 98.564580 -0.000024 -16.927000 -0.000150 
225 -14.968384 0.000000 0.008188 98.558628 -0.000035 -16.931967 -0.000049 
226 -7.268507 0.000000 -2.511790 98.578848 -0.000149 -16.949050 -0.000506 
227 -9.835133 0.000000 -2.511790 98.567810 -0.000068 -16.939573 -0.000256 
228 -7.268507 0.000000 -5.031768 98.585140 -0.000073 -16.936517 -0.000588 
229 -7.268507 0.000000 0.008188 98.561069 -0.000094 -16.956006 -0.000179 
230 -3.418569 0.000000 -1.251801 98.634358 -0.000016 -17.024437 -0.001857 
231 -4.701881 0.000000 -1.251801 98.595193 -0.000047 -16.986554 -0.000956 
232 -3.418569 0.000000 -2.511790 98.660939 0.000018 -16.976268 -0.002217 
233 -3.418569 0.000000 0.008188 98.564744 -0.000007 -17.049254 -0.000569 
234 -1.493599 0.000000 -0.621806 98.848556 -0.000183 -17.439858 -0.007519 
235 -2.135256 0.000000 -0.621806 98.690916 0.002894 -17.205687 -0.003593 
236 -1.493599 0.000000 -1.251801 98.941336 -0.003011 -17.177979 -0.008447 
237 -1.493599 0.000000 0.008188 98.536305 0.000330 -17.542854 -0.001716 
238 -0.531115 0.000000 -0.306809 99.473352 0.006882 -18.749990 -0.024651 
239 -0.851943 0.000000 -0.306809 98.876357 0.007616 -17.862466 -0.009560 
240 -0.531115 0.000000 -0.621806 99.831723 0.010426 -17.877284 -0.028597 
241 -0.531115 0.000000 0.008188 98.130754 0.001876 -19.032042 0.000814 
242 -0.049872 0.000000 -0.149310 106.238763 0.100458 -23.546782 -0.184114 
243 -0.210286 0.000000 -0.149310 100.501064 0.004904 -22.194832 -0.059307 
244 -0.049872 0.000000 -0.306809 104.164426 0.031977 -18.868181 -0.120624 
245 -0.049872 0.000000 0.008188 86.524398 0.133092 -36.761712 0.116209 
246 0.190749 0.000000 -0.070561 113.625200 -0.094547 11.327841 -0.303902 
247 0.110542 0.000000 -0.070561 120.992723 -0.112527 -19.105182 -0.500426 
248 0.190749 0.000000 -0.149310 110.230936 0.101783 -7.174168 -0.220234 
249 0.190749 0.000000 0.008188 95.700701 -0.506987 4.265022 0.082293 
250 0.351163 0.000000 0.086937 105.630632 0.201953 -15.713602 -0.140479 
251 0.270956 0.000000 0.086937 105.459594 0.280633 -9.153961 -0.120560 
252 0.351163 0.000000 0.165687 99.499460 0.222522 -12.456313 -0.005535 
253 0.311059 0.000000 -0.031187 99.910902 0.147963 2.609642 0.001098 
254 0.270956 0.000000 -0.031187 99.061413 0.079897 3.111204 0.017715 
255 0.311059 0.000000 -0.070561 101.475184 0.113589 -1.852217 -0.030066 
256 0.351163 0.000000 -0.031187 99.421761 0.185280 1.906468 0.011164 
257 0.311059 0.000000 0.008188 100.937197 0.146045 -0.449456 -0.018854 
258 -14.968384 0.000000 5.048144 98.554073 -0.000026 -16.930421 0.000046 
259 -20.101635 0.000000 5.048144 98.556116 -0.000017 -16.927951 0.000014 
260 -14.968384 0.000000 10.088100 98.552283 -0.000016 -16.927460 0.000091 
261 -7.268507 0.000000 2.528166 98.543237 0.000027 -16.949594 0.000194 
262 -9.835133 0.000000 2.528166 98.551676 -0.000057 -16.939902 0.000061 
263 -7.268507 0.000000 5.048144 98.536460 -0.000044 -16.937749 0.000368 
264 -3.418569 0.000000 1.268177 98.497705 0.000072 -17.022412 0.000844 
265 -4.701881 0.000000 1.268177 98.532276 -0.000007 -16.986400 0.000285 
266 -3.418569 0.000000 2.528166 98.473641 0.000126 -16.976484 0.001474 
267 -1.493599 0.000000 0.638183 98.256471 0.001327 -17.399666 0.004292 
268 -2.135256 0.000000 0.638183 98.434393 -0.001840 -17.193765 0.001504 
269 -1.493599 0.000000 1.268177 98.228027 0.002319 -17.115544 0.005831 
270 -0.531115 0.000000 0.323185 97.195691 0.002008 -18.257243 0.021967 
271 -0.851943 0.000000 0.323185 98.015619 -0.007961 -17.701993 0.007958 
272 -0.531115 0.000000 0.638183 97.233117 -0.009395 -17.495447 0.023963 
273 -0.049872 0.000000 0.165687 88.661408 0.082518 -16.489331 0.186725 
274 -0.210286 0.000000 0.165687 94.022975 -0.016781 -20.191973 0.075196 
275 -0.049872 0.000000 0.323185 92.907892 -0.009390 -16.254197 0.110392 
276 0.190749 0.000000 0.086937 102.730415 0.587808 2.030887 -0.055801 
277 0.110542 0.000000 0.086937 95.905625 0.806190 14.695381 0.058551 
278 0.190749 0.000000 0.165687 96.857277 0.149378 -6.849056 0.057174 
279 0.230852 0.000000 -0.031187 98.875855 0.064717 3.243550 0.021304 
280 0.190749 0.000000 -0.031187 79.043539 -0.453833 67.874829 -0.085508 
281 0.230852 0.000000 -0.070561 104.705298 0.003830 4.879961 -0.098701 
282 0.230852 0.000000 0.008188 94.057579 -0.185253 2.631600 0.114621 
283 0.030335 0.000000 -0.070561 121.330111 0.085628 -23.574424 -0.527676 
284 -0.049872 0.000000 -0.070561 105.221797 0.107627 -30.941561 -0.202902 
285 0.030335 0.000000 -0.149310 111.379830 0.097663 -19.894558 -0.280127 
286 0.030335 0.000000 0.008188 85.025090 1.180778 -7.923975 0.270655 
287 0.150645 0.000000 -0.031187 138.478500 -0.398282 -0.161285 -0.917648 
288 0.110542 0.000000 -0.031187 82.599535 -0.475616 -69.696670 -0.168054 
289 0.150645 0.000000 -0.070561 145.875457 -0.402689 -0.439880 -1.128000 
290 0.150645 0.000000 0.008188 15.771248 -8.153224 0.984892 0.968382 
291 0.230852 0.000000 0.047563 103.540013 0.439516 -1.942403 -0.072450 
292 0.190749 0.000000 0.047563 102.693685 0.593184 2.154941 -0.055099 
293 0.270956 0.000000 0.047563 104.309172 0.253957 -7.066303 -0.093040 
294 0.230852 0.000000 0.086937 104.044882 0.443329 -2.568679 -0.083213 
295 0.210801 0.000000 -0.011499 57.254244 -0.646937 18.819487 0.636736 
296 0.190749 0.000000 -0.011499 37.862457 -0.622477 44.845118 0.655496 
297 0.210801 0.000000 -0.031187 98.906246 0.066885 3.244582 0.020702 
298 0.230852 0.000000 -0.011499 93.043685 -0.238046 3.422727 0.133110 
299 0.210801 0.000000 0.008188 87.583030 -0.669122 3.877216 0.231373 
300 0.030335 0.000000 0.086937 76.141785 0.165709 -3.735340 0.418845 
301 -0.049872 0.000000 0.086937 83.205881 0.109630 -20.368108 0.266191 
302 0.030335 0.000000 0.165687 87.728178 0.113587 -10.535389 0.219276 
303 0.070438 0.000000 -0.031187 115.883208 0.090557 5.520728 -0.345940 
304 0.030335 0.000000 -0.031187 140.168119 0.908801 -10.738516 -0.976324 
305 0.070438 0.000000 -0.070561 119.861120 0.001581 -16.900810 -0.465233 
306 0.070438 0.000000 0.008188 110.825762 -0.086629 5.886341 -0.231701 
307 0.070438 0.000000 0.047563 79.006333 0.933091 24.802842 0.314195 
308 0.030335 0.000000 0.047563 57.508765 1.038803 27.014945 0.596186 
309 0.110542 0.000000 0.047563 90.459196 0.874584 18.855832 0.146083 
310 0.070438 0.000000 0.086937 84.663771 0.967793 23.256297 0.229025 
311 0.090490 0.000000 -0.011499 99.632002 -0.514951 6.891422 0.002571 
312 0.070438 0.000000 -0.011499 116.842493 0.117374 4.340058 -0.367102 
313 0.090490 0.000000 -0.031187 104.396174 -0.311887 6.351149 -0.093900 
314 0.110542 0.000000 -0.011499 45.500626 -0.470326 -52.955516 0.512519 
315 0.090490 0.000000 0.008188 103.946444 -0.327643 6.383661 -0.084572 
316 -0.370701 0.000000 -0.149310 99.216676 -0.014925 -20.316136 -0.025669 
317 -0.531115 0.000000 -0.149310 98.868471 0.007237 -19.042224 -0.013758 
318 -0.370701 0.000000 -0.306809 100.180201 0.009319 -19.369915 -0.041127 
319 -0.370701 0.000000 0.008188 97.619642 0.011176 -20.370287 0.005546 
320 -0.130079 0.000000 -0.070561 99.611870 -0.052441 -25.862862 -0.059141 
321 -0.210286 0.000000 -0.070561 98.689978 -0.004410 -23.102773 -0.027345 
322 -0.130079 0.000000 -0.149310 102.337115 -0.028225 -23.319622 -0.101669 
323 -0.130079 0.000000 0.008188 94.369228 0.095326 -25.748146 0.043147 
324 -0.009769 0.000000 -0.031187 116.386582 0.166025 -47.901116 -0.584038 
325 -0.049872 0.000000 -0.031187 99.447058 0.121463 -37.109649 -0.126686 
326 -0.009769 0.000000 -0.070561 113.699222 0.112326 -31.214435 -0.390187 
327 -0.009769 0.000000 0.008188 55.561395 1.719257 -58.744097 0.345911 
328 -0.370701 0.000000 0.165687 96.484799 -0.000057 -19.423494 0.031341 
329 -0.531115 0.000000 0.165687 97.503530 0.006062 -18.733545 0.014212 
330 -0.370701 0.000000 0.323185 96.428833 0.015060 -18.218278 0.036957 
331 -0.130079 0.000000 0.086937 91.358975 0.000640 -22.271291 0.115753 
332 -0.210286 0.000000 0.086937 94.673912 -0.022605 -21.553715 0.057229 
333 -0.130079 0.000000 0.165687 91.780065 0.019043 -19.316503 0.120329 
334 -0.009769 0.000000 0.047563 64.478997 0.184612 -19.993065 0.544270 
335 -0.049872 0.000000 0.047563 80.987949 0.126776 -26.919208 0.271629 
336 -0.009769 0.000000 0.086937 77.297402 0.137583 -14.326750 0.381984 
337 0.010283 0.000000 -0.011499 110.064276 1.584242 -57.077017 -0.537444 
338 -0.009769 0.000000 -0.011499 88.849252 1.786500 -77.766971 -0.394508 
339 0.010283 0.000000 -0.031187 138.289002 1.411399 -47.574846 -1.138921 
340 0.030335 0.000000 -0.011499 139.770641 1.020655 -18.598761 -0.988279 
341 0.010283 0.000000 0.008188 44.982629 1.546693 -33.021440 0.688376 
342 -0.089976 0.000000 -0.031187 97.249285 0.100642 -30.046920 -0.036025 
343 -0.130079 0.000000 -0.031187 97.094413 0.095347 -26.275577 -0.011774 
344 -0.089976 0.000000 -0.070561 101.194172 0.097696 -28.189861 -0.103494 
345 -0.089976 0.000000 0.008188 92.081548 0.100559 -29.305630 0.066216 
346 -0.029821 0.000000 -0.011499 93.847157 0.159801 -48.808548 -0.118959 
347 -0.049872 0.000000 -0.011499 93.328548 0.128973 -38.651480 -0.020417 
348 -0.029821 0.000000 -0.031187 104.051028 0.135789 -42.967790 -0.267287 
349 -0.029821 0.000000 0.008188 79.101948 0.174468 -45.467754 0.167553 
350 0.010283 0.000000 0.027875 23.837913 1.313324 7.719447 0.937044 
351 -0.009769 0.000000 0.027875 4.158653 1.582385 -24.423751 0.938368 
352 0.030335 0.000000 0.027875 48.194098 1.096476 24.800827 0.706105 
353 0.010283 0.000000 0.047563 57.756926 0.276822 -7.171662 0.661263 
354 0.000257 0.000000 -0.001656 64.867483 1.826262 -76.827864 -0.011365 
355 -0.009769 0.000000 -0.001656 60.337546 1.727856 -61.316477 0.259668 
356 0.000257 0.000000 -0.011499 97.854588 1.662163 -64.551251 -0.374515 
357 0.010283 0.000000 -0.001656 92.722348 1.607637 -55.142842 -0.164075 
358 0.000257 0.000000 0.008188 22.898043 1.671237 -44.040545 0.753332 
359 0.050386 0.000000 0.027875 68.066870 1.000755 26.489845 0.466419 
360 0.050386 0.000000 0.008188 130.108079 0.569081 1.245975 -0.692999 
361 0.070438 0.000000 0.027875 76.388040 0.977054 25.512214 0.351304 
362 0.050386 0.000000 0.047563 69.397186 0.995231 26.489201 0.448136 
363 0.311059 0.000000 0.047563 104.460235 0.184223 -9.194314 -0.099651 
364 0.351163 0.000000 0.047563 104.897513 0.216546 -13.842020 -0.119514 
365 0.311059 0.000000 0.086937 105.890187 0.205976 -12.848835 -0.137787 
366 0.471473 0.000000 0.047563 102.569478 0.551640 -24.765583 -0.113414 
367 0.431370 0.000000 0.047563 103.303772 0.435234 -20.825282 -0.110555 
368 0.471473 0.000000 0.086937 99.606686 0.227951 -17.849334 -0.024014 
369 0.531629 0.000000 0.027875 95.760523 1.764864 -28.185928 0.003236 
370 0.511577 0.000000 0.027875 98.874896 1.099292 -24.568817 -0.038108 
371 0.531629 0.000000 0.047563 97.430401 0.260677 -20.938710 0.006882 
372 -4.701881 0.000000 -15.111679 98.573501 -0.000012 -16.916346 -0.000290 
373 -9.835133 0.000000 -15.111679 98.568100 -0.000017 -16.922529 -0.000204 
374 -4.701881 0.000000 -20.151635 98.567247 -0.000007 -16.918241 -0.000173 
375 0.431370 0.000000 -15.111679 98.577075 0.000003 -16.904910 -0.000322 
376 -2.135256 0.000000 -7.551746 98.619839 -0.000463 -16.895459 -0.001133 
377 -4.701881 0.000000 -7.551746 98.599059 -0.000040 -16.919002 -0.000803 
378 -2.135256 0.000000 -10.071724 98.595830 -0.000004 -16.902003 -0.000682 
379 0.431370 0.000000 -7.551746 98.633159 0.000105 -16.852210 -0.001250 
380 -0.851943 0.000000 -3.771779 98.786416 0.001398 -16.828384 -0.004195 
381 -2.135256 0.000000 -3.771779 98.713607 0.000176 -16.910602 -0.003034 
382 -0.851943 0.000000 -5.031768 98.702311 0.000239 -16.845572 -0.002592 
383 0.431370 0.000000 -3.771779 98.842055 0.002354 -16.684502 -0.004812 
384 -0.210286 0.000000 -1.881795 99.346722 -0.004898 -16.679867 -0.014799 
385 -0.851943 0.000000 -1.881795 99.098244 0.000545 -16.916561 -0.010663 
386 -0.210286 0.000000 -2.511790 99.081049 0.003020 -16.694201 -0.009575 
387 0.431370 0.000000 -1.881795 99.426407 -0.004207 -16.285448 -0.015083 
388 0.110542 0.000000 -0.936804 100.744569 0.024655 -16.256517 -0.041374 
389 -0.210286 0.000000 -0.936804 100.252370 0.035007 -16.993272 -0.033931 
390 0.110542 0.000000 -1.251801 100.082016 0.013612 -16.367160 -0.028429 
391 0.431370 0.000000 -0.936804 100.677437 0.023371 -15.406555 -0.037331 
392 0.270956 0.000000 -0.464308 103.086864 0.042245 -14.108621 -0.082596 
393 0.110542 0.000000 -0.464308 103.605472 0.021341 -15.898936 -0.098687 
394 0.270956 0.000000 -0.621806 101.955317 0.063980 -15.106685 -0.062310 
395 0.431370 0.000000 -0.464308 101.741220 0.049224 -13.286193 -0.052780 
396 0.190749 0.000000 -0.228060 107.237775 0.103192 -11.458436 -0.163125 
397 0.110542 0.000000 -0.228060 108.300107 0.096635 -14.617932 -0.194261 
398 0.190749 0.000000 -0.306809 105.705938 0.058397 -13.237390 -0.134898 
399 0.270956 0.000000 -0.228060 105.497456 0.113754 -9.375984 -0.121764 
400 0.150645 0.000000 -0.109936 116.819040 0.043107 -7.067359 -0.369664 
401 0.110542 0.000000 -0.109936 117.306065 0.051981 -13.060474 -0.393129 
402 0.150645 0.000000 -0.149310 112.375543 0.094836 -9.846341 -0.272522 
403 0.190749 0.000000 -0.109936 112.356977 0.058409 -2.275234 -0.262927 
404 0.130593 0.000000 -0.050874 134.686870 -0.405027 -35.735236 -0.941772 
405 0.110542 0.000000 -0.050874 108.790698 -0.424310 -62.102170 -0.569228 
406 0.130593 0.000000 -0.070561 130.437134 -0.405079 -46.634115 -0.918875 
407 0.150645 0.000000 -0.050874 140.314348 -0.399173 0.351163 -0.968840 
408 0.130593 0.000000 -0.031187 121.226696 -0.417735 -46.222244 -0.683258 
409 -0.049872 0.000000 -0.464308 102.805094 -0.002982 -17.609061 -0.087897 
410 -0.210286 0.000000 -0.464308 101.599837 0.023376 -18.520610 -0.066554 
411 -0.049872 0.000000 -0.621806 101.885899 0.037610 -17.107579 -0.067341 
412 0.030335 0.000000 -0.228060 107.364011 0.094517 -18.045272 -0.185267 
413 -0.049872 0.000000 -0.228060 105.258260 -0.022804 -20.434793 -0.149688 
414 0.030335 0.000000 -0.306809 105.596287 0.007585 -17.392507 -0.145308 
415 0.070438 0.000000 -0.109936 116.534201 0.079323 -17.182369 -0.387546 
416 0.030335 0.000000 -0.109936 114.882415 0.094211 -21.649580 -0.366668 
417 0.070438 0.000000 -0.149310 112.831507 0.092721 -16.750053 -0.301152 
418 0.090490 0.000000 -0.050874 113.273340 -0.222477 -19.760467 -0.322138 
419 0.070438 0.000000 -0.050874 119.678532 -0.085160 -14.174151 -0.452386 
420 0.090490 0.000000 -0.070561 118.674851 -0.063788 -17.526220 -0.439089 
421 0.150645 0.000000 0.047563 98.763251 0.762267 9.674957 0.015163 
422 0.150645 0.000000 0.086937 98.945253 0.752783 9.358120 0.012170 
423 0.130593 0.000000 -0.011499 130.437134 -0.405079 -46.634115 -0.918875 
424 0.150645 0.000000 -0.011499 145.875457 -0.402689 -0.439880 -1.128000 
425 0.130593 0.000000 0.008188 16.953395 -8.145566 -2.096274 0.964184 
426 0.120568 0.000000 -0.041030 110.543938 -0.416789 -61.036033 -0.594553 
427 0.110542 0.000000 -0.041030 96.641244 -0.447273 -65.956904 -0.369004 
428 0.120568 0.000000 -0.050874 117.159147 -0.416560 -50.868161 -0.631401 
429 0.130593 0.000000 -0.041030 123.610698 -0.414057 -45.634189 -0.736226 
430 0.120568 0.000000 -0.031187 102.845305 -0.441058 -58.292028 -0.397531 
431 0.170697 0.000000 -0.050874 131.321619 -0.385339 35.139907 -0.848033 
432 0.170697 0.000000 -0.070561 127.134796 -0.380537 44.845228 -0.817450 
433 0.190749 0.000000 -0.050874 105.109374 -0.398264 59.892476 -0.463525 
434 0.170697 0.000000 -0.031187 114.039161 -0.397270 47.990896 -0.530821 
435 2.035511 0.000000 -0.306809 98.251155 -0.017902 -18.237750 0.001409 
436 2.035511 0.000000 -0.621806 98.900070 -0.010938 -15.331521 -0.001628 
437 2.356339 0.000000 -0.306809 98.189591 0.112493 -18.613966 0.001231 
438 2.035511 0.000000 0.008188 98.486430 0.015078 -16.044907 0.004298 
439 5.564621 0.000000 -15.111679 98.575931 0.000019 -16.892281 -0.000256 
440 5.564621 0.000000 -20.151635 98.568310 0.000006 -16.907603 -0.000158 
441 10.697873 0.000000 -15.111679 98.572684 0.000026 -16.882732 -0.000160 
442 15.831124 0.000000 -15.111679 98.570432 0.000028 -16.875358 -0.000091 
443 15.831124 0.000000 -20.151635 98.565720 0.000012 -16.899339 -0.000079 
444 20.964375 0.000000 -15.111679 98.569688 0.000029 -16.867992 -0.000051 
445 -14.968384 0.000000 -15.111679 98.563983 -0.000016 -16.924737 -0.000131 
446 -20.101635 0.000000 -15.111679 98.561485 -0.000013 -16.925259 -0.000083 
447 -14.968384 0.000000 -20.151635 98.562806 -0.000011 -16.923584 -0.000103 
448 2.997996 0.000000 -7.551746 98.628190 -0.000436 -16.805410 -0.000994 
449 2.997996 0.000000 -10.071724 98.599698 0.000057 -16.861113 -0.000620 
450 5.564621 0.000000 -7.551746 98.615210 -0.000020 -16.770874 -0.000622 
451 8.131247 0.000000 -7.551746 98.606003 0.000177 -16.745250 -0.000355 
452 8.131247 0.000000 -10.071724 98.589297 0.000080 -16.830040 -0.000310 
453 10.697873 0.000000 -7.551746 98.602434 0.000185 -16.720678 -0.000202 
454 -7.268507 0.000000 -7.551746 98.583016 -0.000048 -16.927444 -0.000515 
455 -9.835133 0.000000 -7.551746 98.573217 -0.000043 -16.929389 -0.000328 
456 -7.268507 0.000000 -10.071724 98.578479 -0.000032 -16.922765 -0.000410 
457 1.714683 0.000000 -3.771779 98.817682 0.002998 -16.532678 -0.003826 
458 1.714683 0.000000 -5.031768 98.713241 0.001686 -16.701977 -0.002326 
459 2.997996 0.000000 -3.771779 98.755634 0.000948 -16.434335 -0.002276 
460 4.281308 0.000000 -3.771779 98.717976 0.000719 -16.370755 -0.001324 
461 4.281308 0.000000 -5.031768 98.672031 0.001325 -16.600297 -0.001174 
462 5.564621 0.000000 -3.771779 98.699079 0.001766 -16.314604 -0.000767 
463 -3.418569 0.000000 -3.771779 98.654720 0.000035 -16.940329 -0.001973 
464 -4.701881 0.000000 -3.771779 98.617897 -0.000015 -16.946772 -0.001268 
465 -3.418569 0.000000 -5.031768 98.638374 0.000033 -16.921263 -0.001586 
466 1.073026 0.000000 -1.881795 99.308003 -0.002589 -15.944707 -0.011631 
467 1.073026 0.000000 -2.511790 99.085321 0.003748 -16.280944 -0.008297 
468 1.714683 0.000000 -1.881795 99.100535 0.003375 -15.784840 -0.007008 
469 2.356339 0.000000 -1.881795 98.992224 0.003971 -15.679092 -0.004529 
470 2.356339 0.000000 -2.511790 98.933992 0.009518 -16.033358 -0.004500 
471 2.997996 0.000000 -1.881795 98.916010 0.008191 -15.624776 -0.002851 
472 -1.493599 0.000000 -1.881795 98.922438 0.002153 -17.021333 -0.007537 
473 -2.135256 0.000000 -1.881795 98.791616 0.007023 -17.040050 -0.005015 
474 -1.493599 0.000000 -2.511790 98.871262 0.009741 -16.942549 -0.006258 
475 0.752198 0.000000 -0.936804 100.124486 0.059300 -14.979750 -0.024931 
476 0.752198 0.000000 -1.251801 99.890403 0.022165 -15.518327 -0.021891 
477 1.073026 0.000000 -0.936804 99.643586 0.008318 -14.906796 -0.015106 
478 1.393855 0.000000 -0.936804 99.407901 0.015548 -14.889293 -0.010362 
479 1.393855 0.000000 -1.251801 99.396631 0.007082 -15.243298 -0.011205 
480 1.714683 0.000000 -0.936804 99.191349 0.004424 -14.988389 -0.006358 
481 -0.531115 0.000000 -0.936804 99.621100 0.019760 -17.253756 -0.022206 
482 -0.851943 0.000000 -0.936804 99.361105 0.009148 -17.416604 -0.017597 
483 -0.531115 0.000000 -1.251801 99.599046 0.012344 -17.068612 -0.021131 
484 0.591784 0.000000 -0.464308 100.618867 0.006794 -13.262949 -0.030006 
485 0.591784 0.000000 -0.621806 100.681062 0.043499 -14.139133 -0.033659 
486 0.752198 0.000000 -0.464308 99.966736 0.027588 -13.617057 -0.017877 
487 0.912612 0.000000 -0.464308 99.562789 0.034365 -14.063647 -0.011054 
488 0.912612 0.000000 -0.621806 100.007571 0.016616 -14.112025 -0.020066 
489 1.073026 0.000000 -0.464308 99.409054 0.004039 -14.260163 -0.008551 
490 0.351163 0.000000 -0.228060 102.986010 0.092959 -9.311342 -0.069283 
491 0.351163 0.000000 -0.306809 103.143631 0.100260 -11.176904 -0.076354 
492 0.431370 0.000000 -0.228060 101.305820 0.124437 -9.707565 -0.035712 
493 2.035511 0.000000 -0.936804 99.053928 -0.001707 -15.089647 -0.003938 
494 2.035511 0.000000 -1.251801 99.095516 0.000111 -15.248486 -0.005244 
495 2.356339 0.000000 -0.936804 98.954173 -0.000980 -15.214538 -0.002341 
496 2.035511 0.000000 0.323185 98.506778 0.006155 -15.074221 0.006918 
497 2.356339 0.000000 0.323185 98.585975 0.003641 -15.089417 0.005312 
498 2.035511 0.000000 0.638183 98.401688 0.006475 -15.011398 0.009177 
499 0.391266 0.000000 -0.031187 98.994319 0.216686 1.305889 0.019837 
500 0.391266 0.000000 -0.070561 98.901859 0.197232 -4.334099 0.019960 
501 0.391266 0.000000 0.008188 99.829263 0.295832 -3.688947 0.002042 
502 -0.370701 0.000000 -0.464308 100.432383 0.025412 -18.471336 -0.042785 
503 -0.531115 0.000000 -0.464308 99.760100 0.012960 -18.261631 -0.028556 
504 -0.370701 0.000000 -0.621806 100.370814 0.014321 -17.837046 -0.039246 
505 -0.130079 0.000000 -0.228060 102.916965 0.039249 -21.077510 -0.103616 
506 -0.210286 0.000000 -0.228060 101.433753 0.002433 -21.039145 -0.073145 
507 -0.130079 0.000000 -0.306809 103.146115 0.015729 -19.910358 -0.103554 
508 0.230852 0.000000 -0.109936 107.663249 0.085221 -1.848808 -0.159480 
509 0.230852 0.000000 -0.149310 107.673486 0.097093 -5.950599 -0.162900 
510 0.270956 0.000000 -0.109936 104.813360 0.102859 -2.920250 -0.099438 
511 0.391266 0.000000 0.047563 104.410726 0.299235 -18.679487 -0.125061 
512 0.391266 0.000000 0.086937 105.409242 0.202254 -18.248948 -0.144417 
513 0.210801 0.000000 -0.050874 100.938988 -0.197278 16.971343 -0.047674 
514 0.210801 0.000000 -0.070561 107.509171 -0.051126 8.383931 -0.162851 
515 0.230852 0.000000 -0.050874 98.083964 0.008238 3.216672 0.036919 
516 -0.009769 0.000000 -0.109936 110.901361 0.101604 -25.286553 -0.293853 
517 -0.049872 0.000000 -0.109936 106.347478 0.093766 -26.271288 -0.199998 
518 -0.009769 0.000000 -0.149310 108.926609 0.095117 -22.250746 -0.236011 
519 0.170697 0.000000 -0.011499 103.112141 -0.410668 58.190196 -0.401838 
520 0.170697 0.000000 0.008188 102.294411 0.724623 3.519387 -0.047706 
521 0.050386 0.000000 -0.011499 134.430369 0.716342 -4.104396 -0.808888 
522 0.050386 0.000000 -0.031187 130.156914 0.570591 1.209440 -0.694261 
523 0.090490 0.000000 0.027875 86.715771 0.860418 21.741638 0.200694 
524 0.110542 0.000000 0.027875 92.670165 0.848191 17.160509 0.111704 
525 0.090490 0.000000 0.047563 85.262998 0.925005 22.056135 0.224289 
526 -0.089976 0.000000 -0.109936 103.135167 0.098103 -25.661096 -0.129536 
527 -0.130079 0.000000 -0.109936 101.310143 -0.046207 -24.567703 -0.086732 
528 -0.089976 0.000000 -0.149310 103.859074 0.091876 -23.542170 -0.134095 
529 -0.089976 0.000000 0.047563 88.736031 0.095638 -25.800470 0.146024 
530 -0.130079 0.000000 0.047563 92.265876 -0.019962 -24.331926 0.089497 
531 -0.089976 0.000000 0.086937 88.178744 0.092771 -22.201660 0.173159 
532 -0.029821 0.000000 0.027875 72.666431 0.162350 -34.329701 0.354104 
533 -0.049872 0.000000 0.027875 82.147915 0.131748 -31.992790 0.222816 
534 -0.029821 0.000000 0.047563 73.846208 0.146322 -25.700776 0.388619 
535 0.130593 0.000000 0.027875 95.908375 0.800128 14.694963 0.058500 
536 0.150645 0.000000 0.027875 97.371492 0.777775 12.138188 0.037085 
537 0.130593 0.000000 0.047563 96.629700 0.823278 13.409559 0.048221 
538 0.170697 0.000000 0.027875 102.289418 0.607920 3.510711 -0.047582 
539 0.190749 0.000000 0.027875 102.289381 0.607067 3.510648 -0.047581 
540 0.170697 0.000000 0.047563 99.584742 0.733821 8.240524 0.001443 
541 0.511577 0.000000 -0.228060 100.157000 0.104387 -10.449379 -0.014063 
542 0.511577 0.000000 -0.306809 100.799242 0.068471 -11.617558 -0.029546 
543 0.591784 0.000000 -0.228060 99.124815 0.061275 -11.983623 0.003066 
544 0.671991 0.000000 -0.228060 98.723914 0.058779 -13.039440 0.008356 
545 0.671991 0.000000 -0.306809 99.512882 0.064498 -12.817194 -0.006710 
546 0.752198 0.000000 -0.228060 98.561501 0.050712 -13.873964 0.009314 
547 0.311059 0.000000 -0.109936 102.959314 0.117273 -3.984423 -0.061651 
548 0.311059 0.000000 -0.149310 103.883425 0.118518 -5.811772 -0.082556 
549 0.351163 0.000000 -0.109936 101.593024 0.202866 -4.549365 -0.034188 
550 0.391266 0.000000 -0.109936 100.194919 0.177850 -5.684527 -0.007137 
551 0.391266 0.000000 -0.149310 101.025352 0.148677 -7.217392 -0.025823 
552 0.431370 0.000000 -0.109936 98.893692 0.135535 -6.990436 0.017115 
553 0.210801 0.000000 0.027875 102.115997 0.344470 0.235843 -0.042785 
554 0.230852 0.000000 0.027875 101.893575 0.196051 -1.405267 -0.038431 
555 0.210801 0.000000 0.047563 103.658251 0.513162 -1.176371 -0.074668 
556 0.050386 0.000000 -0.050874 125.612100 0.019309 -16.066237 -0.603652 
557 0.030335 0.000000 -0.050874 127.878821 0.087245 -23.403119 -0.690071 
558 0.050386 0.000000 -0.070561 121.477665 0.048431 -19.159285 -0.512390 
559 0.010283 0.000000 -0.050874 123.912968 0.120175 -32.233875 -0.639346 
560 -0.009769 0.000000 -0.050874 115.447019 0.125614 -36.977502 -0.469537 
561 0.010283 0.000000 -0.070561 118.465850 0.106828 -28.268461 -0.483327 
562 0.471473 0.000000 -0.109936 97.933859 0.092750 -8.110264 0.034317 
563 0.471473 0.000000 -0.149310 99.096931 0.126583 -8.767681 0.010291 
564 0.511577 0.000000 -0.109936 97.213074 0.126204 -9.361929 0.046196 
565 0.551681 0.000000 -0.109936 96.836100 0.103168 -10.522167 0.051204 
566 0.551681 0.000000 -0.149310 98.038663 0.101473 -10.664577 0.027468 
567 0.591784 0.000000 -0.109936 96.704614 0.086374 -11.962021 0.050512 
568 0.631888 0.000000 -0.109936 96.780729 0.057860 -13.384668 0.045434 
569 0.631888 0.000000 -0.149310 97.628525 0.051125 -12.902097 0.030220 
570 0.671991 0.000000 -0.109936 97.019822 0.042542 -14.180186 0.038607 
571 -0.029821 0.000000 -0.050874 107.880072 0.120206 -36.538210 -0.297317 
572 -0.049872 0.000000 -0.050874 103.267499 0.113932 -34.018380 -0.182144 
573 -0.029821 0.000000 -0.070561 108.899106 0.110706 -31.816354 -0.287131 
1 19 21 3 22 
2 20 19 22 9 
3 28 20 9 30 
4 29 28 30 4 
5 35 37 19 38 
6 36 35 38 20 
7 44 36 20 46 
8 45 44 46 28 
9 51 53 35 54 
10 52 51 54 36 
11 60 52 36 62 
12 61 60 62 44 
13 67 69 51 70 
14 68 67 70 52 
15 76 68 52 78 
16 77 76 78 60 
17 83 85 67 86 
18 84 83 86 68 
19 92 84 68 94 
20 93 92 94 76 
21 99 101 83 102 
22 100 99 102 84 
23 108 100 84 110 
24 109 108 110 92 
25 115 117 99 118 
26 116 115 118 100 
27 10 125 124 26 
28 125 13 126 124 
29 124 126 8 127 
30 26 124 127 14 
31 23 129 128 42 
32 129 26 130 128 
33 128 130 14 131 
34 42 128 131 27 
35 39 133 132 58 
36 133 42 134 132 
37 132 134 27 135 
38 58 132 135 43 
39 137 58 138 136 
40 136 138 43 139 
41 71 141 140 90 
42 141 74 142 140 
43 140 142 59 143 
44 90 140 143 75 
45 87 145 144 106 
46 145 90 146 144 
47 144 146 75 147 
48 106 144 147 91 
49 149 106 150 148 
50 148 150 91 151 
51 152 116 100 154 
52 153 152 154 108 
53 155 157 115 158 
54 156 155 158 116 
55 119 161 159 160 
56 161 122 162 159 
57 14 127 164 37 
58 127 8 165 164 
59 164 165 21 166 
60 37 164 166 19 
61 27 131 167 53 
62 131 14 168 167 
63 167 168 37 169 
64 53 167 169 35 
65 43 135 170 69 
66 135 27 171 170 
67 170 171 53 172 
68 69 170 172 51 
69 139 43 174 173 
70 173 174 69 175 
71 85 173 175 67 
72 75 143 176 101 
73 143 59 177 176 
74 176 177 85 178 
75 101 176 178 83 
76 91 147 179 117 
77 147 75 180 179 
78 179 180 101 181 
79 117 179 181 99 
80 151 91 183 182 
81 182 183 117 184 
82 157 182 184 115 
83 122 186 185 162 
84 186 148 187 185 
85 185 187 151 188 
86 162 185 188 107 
87 189 191 157 192 
88 190 189 192 155 
89 159 195 193 194 
90 195 162 196 193 
91 193 196 107 197 
92 120 204 202 203 
93 204 119 160 202 
94 202 160 123 205 
95 203 202 205 5 
96 160 208 206 207 
97 208 159 194 206 
98 206 194 163 209 
99 207 206 209 123 
100 107 188 210 191 
101 188 151 211 210 
102 210 211 182 212 
103 191 210 212 157 
104 163 197 213 214 
105 197 107 215 213 
106 213 215 191 216 
107 214 213 216 189 
108 194 219 217 218 
109 219 193 220 217 
110 217 220 197 221 
111 218 217 221 163 
112 16 224 222 223 
113 224 15 32 222 
114 222 32 18 225 
115 223 222 225 6 
116 32 228 226 227 
117 228 31 48 226 
118 226 48 34 229 
119 227 226 229 18 
120 48 232 230 231 
121 232 47 64 230 
122 230 64 50 233 
123 231 230 233 34 
124 64 236 234 235 
125 236 63 80 234 
126 234 80 66 237 
127 235 234 237 50 
128 80 240 238 239 
129 239 238 241 66 
130 250 156 116 252 
131 251 250 252 152 
132 199 255 253 254 
133 255 198 256 253 
134 253 256 201 257 
135 254 253 257 114 
136 6 225 258 259 
137 225 18 45 258 
138 258 45 28 260 
139 259 258 260 29 
140 18 229 261 262 
141 229 34 61 261 
142 261 61 44 263 
143 262 261 263 45 
144 34 233 264 265 
145 233 50 77 264 
146 264 77 60 266 
147 265 264 266 61 
148 50 237 267 268 
149 237 66 93 267 
150 267 93 76 269 
151 268 267 269 77 
152 66 241 270 271 
153 270 109 92 272 
154 271 270 272 93 
155 273 153 108 275 
156 274 273 275 109 
157 276 251 152 278 
158 277 276 278 153 
159 281 199 254 279 
160 279 254 114 282 
161 282 114 293 291 
162 291 293 251 294 
163 292 291 294 276 
164 280 297 295 296 
165 297 279 298 295 
166 295 298 282 299 
167 296 295 299 249 
168 300 277 153 302 
169 301 300 302 273 
170 307 309 277 310 
171 308 307 310 300 
172 303 313 311 312 
173 313 288 314 311 
174 311 314 98 315 
175 312 311 315 306 
176 238 318 316 317 
177 318 96 243 316 
178 316 243 82 319 
179 317 316 319 241 
180 243 322 320 321 
181 321 320 323 82 
182 241 319 328 329 
183 319 82 274 328 
184 328 274 109 330 
185 329 328 330 270 
186 82 323 331 332 
187 331 301 273 333 
188 332 331 333 274 
189 334 308 300 336 
190 335 334 336 301 
191 324 339 337 338 
192 339 304 340 337 
193 337 340 286 341 
194 320 344 342 343 
195 344 284 325 342 
196 342 325 245 345 
197 343 342 345 323 
198 325 348 346 347 
199 348 324 338 346 
200 346 338 327 349 
201 347 346 349 245 
202 327 341 350 351 
203 341 286 352 350 
204 350 352 308 353 
205 351 350 353 334 
206 338 356 354 355 
207 356 337 357 354 
208 354 357 341 358 
209 355 354 358 327 
210 286 360 359 352 
211 360 306 361 359 
212 359 361 307 362 
213 352 359 362 308 
214 114 257 363 293 
215 257 201 364 363 
216 363 364 250 365 
217 293 363 365 251 
218 5 205 366 367 
219 205 123 190 366 
220 366 190 155 368 
221 367 366 368 156 
222 123 209 369 370 
223 209 163 214 369 
224 369 214 189 371 
225 370 369 371 190 
226 17 374 372 373 
227 374 7 375 372 
228 372 375 11 33 
229 373 372 33 15 
230 33 378 376 377 
231 378 11 379 376 
232 376 379 24 49 
233 377 376 49 31 
234 49 382 380 381 
235 382 24 383 380 
236 380 383 40 65 
237 381 380 65 47 
238 65 386 384 385 
239 386 40 387 384 
240 384 387 56 81 
241 385 384 81 63 
242 81 390 388 389 
243 390 56 391 388 
244 388 391 72 97 
245 389 388 97 79 
246 97 394 392 393 
247 394 72 395 392 
248 392 395 88 113 
249 393 392 113 95 
250 95 398 396 397 
251 398 113 399 396 
252 396 399 111 248 
253 397 396 248 112 
254 112 402 400 401 
255 402 248 403 400 
256 400 403 246 289 
257 401 400 289 247 
258 247 406 404 405 
259 406 289 407 404 
260 404 407 287 408 
261 79 411 409 410 
262 411 97 393 409 
263 409 393 95 244 
264 410 409 244 96 
265 244 414 412 413 
266 414 95 397 412 
267 412 397 112 285 
268 413 412 285 242 
269 285 417 415 416 
270 417 112 401 415 
271 415 401 247 305 
272 416 415 305 283 
273 305 420 418 419 
274 420 247 405 418 
275 418 405 288 313 
276 419 418 313 303 
277 421 292 276 422 
278 309 421 422 277 
279 288 408 423 314 
280 408 287 424 423 
281 423 424 290 425 
282 314 423 425 98 
283 405 428 426 427 
284 428 404 429 426 
285 426 429 408 430 
286 427 426 430 288 
287 289 432 431 407 
288 432 246 433 431 
289 431 433 280 434 
290 407 431 434 287 
291 74 436 435 142 
292 436 136 437 435 
293 435 437 139 438 
294 142 435 438 59 
295 7 440 439 375 
296 440 12 441 439 
297 439 441 10 25 
298 375 439 25 11 
299 12 443 442 441 
300 443 2 444 442 
301 442 444 13 125 
302 441 442 125 10 
303 1 447 445 446 
304 447 17 373 445 
305 445 373 15 224 
306 446 445 224 16 
307 11 449 448 379 
308 449 25 450 448 
309 448 450 23 41 
310 379 448 41 24 
311 25 452 451 450 
312 452 10 453 451 
313 451 453 26 129 
314 450 451 129 23 
315 15 456 454 455 
316 456 33 377 454 
317 454 377 31 228 
318 455 454 228 32 
319 24 458 457 383 
320 458 41 459 457 
321 457 459 39 57 
322 383 457 57 40 
323 41 461 460 459 
324 461 23 462 460 
325 460 462 42 133 
326 459 460 133 39 
327 31 465 463 464 
328 465 49 381 463 
329 463 381 47 232 
330 464 463 232 48 
331 40 467 466 387 
332 467 57 468 466 
333 466 468 55 73 
334 387 466 73 56 
335 57 470 469 468 
336 470 39 471 469 
337 469 471 58 137 
338 468 469 137 55 
339 47 474 472 473 
340 474 65 385 472 
341 472 385 63 236 
342 473 472 236 64 
343 56 476 475 391 
344 476 73 477 475 
345 475 477 71 89 
346 391 475 89 72 
347 73 479 478 477 
348 479 55 480 478 
349 478 480 74 141 
350 477 478 141 71 
351 63 483 481 482 
352 483 81 389 481 
353 481 389 79 240 
354 482 481 240 80 
355 72 485 484 395 
356 485 89 486 484 
357 484 486 87 105 
358 395 484 105 88 
359 89 488 487 486 
360 488 71 489 487 
361 487 489 90 145 
362 486 487 145 87 
363 113 491 490 399 
364 491 88 492 490 
365 490 492 104 200 
366 399 490 200 111 
367 55 494 493 480 
368 494 137 495 493 
369 493 495 136 436 
370 480 493 436 74 
371 59 438 496 177 
372 438 139 497 496 
373 496 497 173 498 
374 177 496 498 85 
375 198 500 499 256 
376 500 120 203 499 
377 499 203 5 501 
378 256 499 501 201 
379 240 504 502 503 
380 504 79 410 502 
381 502 410 96 318 
382 503 502 318 238 
383 96 507 505 506 
384 507 244 413 505 
385 505 413 242 322 
386 506 505 322 243 
387 248 509 508 403 
388 509 111 510 508 
389 508 510 199 281 
390 403 508 281 246 
391 201 501 511 364 
392 501 5 367 511 
393 511 367 156 512 
394 364 511 512 250 
395 246 514 513 433 
396 514 281 515 513 
397 513 515 279 297 
398 433 513 297 280 
399 242 518 516 517 
400 518 285 416 516 
401 516 416 283 326 
402 517 516 326 284 
403 287 434 519 424 
404 434 280 296 519 
405 519 296 249 520 
406 424 519 520 290 
407 304 522 521 340 
408 522 303 312 521 
409 521 312 306 360 
410 340 521 360 286 
411 306 315 523 361 
412 315 98 524 523 
413 523 524 309 525 
414 361 523 525 307 
415 322 528 526 527 
416 528 242 517 526 
417 526 517 284 344 
418 527 526 344 320 
419 323 345 529 530 
420 345 245 335 529 
421 529 335 301 531 
422 530 529 531 331 
423 245 349 532 533 
424 349 327 351 532 
425 532 351 334 534 
426 533 532 534 335 
427 98 425 535 524 
428 425 290 536 535 
429 535 536 421 537 
430 524 535 537 309 
431 290 520 538 536 
432 520 249 539 538 
433 538 539 292 540 
434 536 538 540 421 
435 88 542 541 492 
436 542 105 543 541 
437 541 543 103 121 
438 492 541 121 104 
439 105 545 544 543 
440 545 87 546 544 
441 544 546 106 149 
442 543 544 149 103 
443 111 548 547 510 
444 548 200 549 547 
445 547 549 198 255 
446 510 547 255 199 
447 200 551 550 549 
448 551 104 552 550 
449 550 552 120 500 
450 549 550 500 198 
451 249 299 553 539 
452 299 282 554 553 
453 553 554 291 555 
454 539 553 555 292 
455 283 558 556 557 
456 558 305 419 556 
457 556 419 303 522 
458 557 556 522 304 
459 326 561 559 560 
460 561 283 557 559 
461 559 557 304 339 
462 560 559 339 324 
463 104 563 562 552 
464 563 121 564 562 
465 562 564 119 204 
466 552 562 204 120 
467 121 566 565 564 
468 566 103 567 565 
469 565 567 122 161 
470 564 565 161 119 
471 103 569 568 567 
472 569 149 570 568 
473 568 570 148 186 
474 567 568 186 122 
475 284 573 571 572 
476 573 326 560 571 
477 571 560 324 348 
478 572 571 348 325 
