2 0.000000 100.000000 5791.461216
573 478 
1 -20.101635 0.000000 -20.151635 96.170622 -0.000006 27.393266 0.000082 
2 20.964375 0.000000 -20.151635 96.174068 0.000001 27.369500 0.000146 
3 20.964375 0.000000 20.168012 96.199533 -0.000020 27.321089 -0.000079 
4 -20.101635 0.000000 20.168012 96.182784 -0.000004 27.392222 -0.000146 
5 0.431370 0.000000 0.008188 87.355939 0.386891 -5.448841 0.233910 
6 -20.101635 0.000000 0.008188 96.177535 -0.000012 27.400097 -0.000088 
7 0.431370 0.000000 -20.151635 96.161898 -0.000003 27.378419 0.000331 
8 20.964375 0.000000 0.008188 96.290079 0.000002 26.971964 0.000073 
9 0.431370 0.000000 20.168012 96.198718 0.000002 27.369130 -0.000326 
10 10.697873 0.000000 -10.071724 96.170275 0.000015 27.303350 0.000581 
11 0.431370 0.000000 -10.071724 96.121743 0.000008 27.338416 0.001322 
12 10.697873 0.000000 -20.151635 96.167914 0.000002 27.369057 0.000267 
13 20.964375 0.000000 -10.071724 96.183746 0.000001 27.329658 0.000178 
14 10.697873 0.000000 0.008188 96.574867 0.000301 25.920359 0.000143 
15 -9.835133 0.000000 -10.071724 96.156193 -0.000018 27.398048 0.000333 
16 -20.101635 0.000000 -10.071724 96.171191 -0.000010 27.397089 0.000050 
17 -9.835133 0.000000 -20.151635 96.165350 -0.000007 27.389852 0.000202 
18 -9.835133 0.000000 0.008188 96.183502 -0.000030 27.425709 -0.000344 
19 10.697873 0.000000 10.088100 96.267785 -0.000084 27.122975 -0.000314 
20 0.431370 0.000000 10.088100 96.267138 0.000038 27.303640 -0.001285 
21 20.964375 0.000000 10.088100 96.371984 -0.000360 26.709337 -0.000095 
22 10.697873 0.000000 20.168012 96.198718 -0.000005 27.345317 -0.000196 
23 5.564621 0.000000 -5.031768 96.154867 0.000071 27.047511 0.002267 
24 0.431370 0.000000 -5.031768 95.966431 0.000070 27.181602 0.005160 
25 5.564621 0.000000 -10.071724 96.145853 0.000022 27.301521 0.001060 
26 10.697873 0.000000 -5.031768 96.208101 0.000038 27.147263 0.000703 
27 5.564621 0.000000 0.008188 97.288712 0.000164 23.201413 -0.000340 
28 -9.835133 0.000000 10.088100 96.204950 -0.000006 27.394136 -0.000583 
29 -20.101635 0.000000 10.088100 96.183281 -0.000008 27.396272 -0.000178 
30 -9.835133 0.000000 20.168012 96.190562 -0.000002 27.386844 -0.000266 
31 -4.701881 0.000000 -5.031768 96.097926 -0.001917 27.415030 0.001360 
32 -9.835133 0.000000 -5.031768 96.158206 -0.000029 27.413388 0.000211 
33 -4.701881 0.000000 -10.071724 96.135110 -0.000015 27.384101 0.000815 
34 -4.701881 0.000000 0.008188 96.202882 -0.000032 27.527908 -0.001278 
35 5.564621 0.000000 5.048144 96.500666 0.000535 26.460970 -0.001256 
36 0.431370 0.000000 5.048144 96.524591 0.010054 27.061979 -0.004935 
37 10.697873 0.000000 5.048144 96.752641 -0.000694 25.394589 -0.000596 
38 5.564621 0.000000 10.088100 96.266042 -0.000002 27.212653 -0.000768 
39 2.997996 0.000000 -2.511790 96.062934 0.001181 26.133195 0.008897 
40 0.431370 0.000000 -2.511790 95.337069 0.006580 26.609296 0.020279 
41 2.997996 0.000000 -5.031768 96.059534 -0.000542 27.039138 0.004145 
42 5.564621 0.000000 -2.511790 96.289293 -0.009801 26.475846 0.002740 
43 2.997996 0.000000 0.008188 98.709445 0.000504 17.122392 -0.003673 
44 -4.701881 0.000000 5.048144 96.291702 0.003450 27.401646 -0.002294 
45 -9.835133 0.000000 5.048144 96.206780 -0.000015 27.410449 -0.000708 
46 -4.701881 0.000000 10.088100 96.235686 0.000012 27.372874 -0.001058 
47 -2.135256 0.000000 -2.511790 95.864512 0.000530 27.471327 0.005532 
48 -4.701881 0.000000 -2.511790 96.103663 -0.000070 27.476824 0.000911 
49 -2.135256 0.000000 -5.031768 96.015060 -0.000029 27.358845 0.003260 
50 -2.135256 0.000000 0.008188 96.249640 0.003545 27.984131 -0.004710 
51 2.997996 0.000000 2.528166 97.129263 0.000185 24.790516 -0.004866 
52 0.431370 0.000000 2.528166 97.433585 -0.003234 26.312173 -0.018563 
53 5.564621 0.000000 2.528166 97.433175 0.001637 23.075848 -0.002572 
54 2.997996 0.000000 5.048144 96.510465 0.010135 26.743293 -0.002947 
55 1.714683 0.000000 -1.251801 95.726192 -0.001057 23.746385 0.027261 
56 0.431370 0.000000 -1.251801 93.738773 0.012416 24.959855 0.059005 
57 1.714683 0.000000 -2.511790 95.746466 0.002500 26.150527 0.014876 
58 2.997996 0.000000 -1.251801 96.454157 0.002170 24.509014 0.009590 
59 1.714683 0.000000 0.008188 99.367613 0.039353 5.951223 0.009066 
60 -2.135256 0.000000 2.528166 96.617774 0.005748 27.435008 -0.008767 
61 -4.701881 0.000000 2.528166 96.297235 0.000052 27.467922 -0.002764 
62 -2.135256 0.000000 5.048144 96.408987 0.000245 27.321126 -0.004114 
63 -0.851943 0.000000 -1.251801 94.909676 0.003186 27.673673 0.022632 
64 -2.135256 0.000000 -1.251801 95.870360 -0.000046 27.713043 0.004086 
65 -0.851943 0.000000 -2.511790 95.558968 -0.006501 27.244220 0.012624 
66 -0.851943 0.000000 0.008188 96.183919 0.001707 29.946319 -0.014813 
67 1.714683 0.000000 1.268177 98.237640 0.011424 21.853001 -0.012819 
68 0.431370 0.000000 1.268177 99.844207 0.006785 24.399302 -0.056419 
69 2.997996 0.000000 1.268177 98.256105 0.005053 20.244281 -0.006409 
70 1.714683 0.000000 2.528166 97.231827 -0.000105 25.441808 -0.010131 
71 1.073026 0.000000 -0.621806 94.562138 0.023553 18.982920 0.069765 
72 0.431370 0.000000 -0.621806 90.053845 0.027096 20.825756 0.145659 
73 1.073026 0.000000 -1.251801 94.801846 0.014054 23.813739 0.044552 
74 1.714683 0.000000 -0.621806 96.390075 0.003753 20.318603 0.029611 
75 1.073026 0.000000 0.008188 98.245289 0.043444 1.471313 0.034570 
76 -0.851943 0.000000 1.268177 97.781628 0.001975 27.660012 -0.032632 
77 -2.135256 0.000000 1.268177 96.630090 0.006530 27.701114 -0.010473 
78 -0.851943 0.000000 2.528166 97.028886 0.000560 27.151989 -0.015184 
79 -0.210286 0.000000 -0.621806 91.134688 0.031673 27.891104 0.091655 
80 -0.851943 0.000000 -0.621806 94.635405 0.011125 28.822241 0.021342 
81 -0.210286 0.000000 -1.251801 94.097118 0.005005 26.760676 0.042960 
82 -0.210286 0.000000 0.008188 94.145523 0.012885 37.927350 -0.030186 
83 1.073026 0.000000 0.638183 99.956269 0.008155 16.929242 -0.027786 
84 0.431370 0.000000 0.638183 104.736334 0.015493 19.606603 -0.135412 
85 1.714683 0.000000 0.638183 98.958381 0.008594 16.639453 -0.006963 
86 1.073026 0.000000 1.268177 98.819398 0.000739 22.691198 -0.028016 
87 0.752198 0.000000 -0.306809 91.931144 0.042604 11.465136 0.141721 
88 0.431370 0.000000 -0.306809 86.112273 0.077246 13.973068 0.238942 
89 0.752198 0.000000 -0.621806 92.477508 0.019365 18.980228 0.108766 
90 1.073026 0.000000 -0.306809 95.463383 0.013821 13.480519 0.070502 
91 0.752198 0.000000 0.008188 96.014746 -0.190183 -3.417333 0.076945 
92 -0.210286 0.000000 0.638183 101.605912 0.012845 28.251798 -0.112193 
93 -0.851943 0.000000 0.638183 97.961416 -0.003825 28.967111 -0.043553 
94 -0.210286 0.000000 1.268177 99.089187 -0.005885 26.696982 -0.053140 
95 0.110542 0.000000 -0.306809 82.520564 0.038143 22.989367 0.266184 
96 -0.210286 0.000000 -0.306809 89.188505 -0.001743 30.805184 0.109645 
97 0.110542 0.000000 -0.621806 89.820656 0.028701 24.655596 0.132435 
98 0.110542 0.000000 0.008188 20.400436 -7.229613 -4.813856 0.950838 
99 0.752198 0.000000 0.323185 101.984593 0.016476 8.932393 -0.048065 
100 0.431370 0.000000 0.323185 109.242737 0.063249 10.484062 -0.204390 
101 1.073026 0.000000 0.323185 99.674656 0.017257 11.038358 -0.005688 
102 0.752198 0.000000 0.638183 101.690050 0.023693 17.369802 -0.064258 
103 0.591784 0.000000 -0.149310 88.762236 0.086684 4.379266 0.210208 
104 0.431370 0.000000 -0.149310 83.004081 0.078778 6.726057 0.306508 
105 0.591784 0.000000 -0.306809 89.310960 0.057000 12.104732 0.187702 
106 0.752198 0.000000 -0.149310 93.085956 0.075366 4.827974 0.131169 
107 0.591784 0.000000 0.008188 71.510374 1.223287 -12.885751 0.471873 
108 0.110542 0.000000 0.323185 113.727853 0.049305 25.085543 -0.356331 
109 -0.210286 0.000000 0.323185 103.075731 0.021183 32.810275 -0.170112 
110 0.110542 0.000000 0.638183 104.908489 0.011866 24.841932 -0.162291 
111 0.270956 0.000000 -0.149310 78.290453 0.060500 11.992499 0.372678 
112 0.110542 0.000000 -0.149310 75.108523 0.075486 19.226944 0.398903 
113 0.270956 0.000000 -0.306809 83.276166 0.049055 17.659053 0.275324 
114 0.270956 0.000000 0.008188 79.197989 0.073650 0.633891 0.372727 
115 0.591784 0.000000 0.165687 102.890948 0.058582 -0.720492 -0.058707 
116 0.431370 0.000000 0.165687 112.210172 0.118818 -2.187787 -0.259592 
117 0.752198 0.000000 0.165687 99.784251 0.031037 3.166474 0.003308 
118 0.591784 0.000000 0.323185 104.653641 0.060188 8.884229 -0.103132 
119 0.511577 0.000000 -0.070561 84.120236 0.158360 -0.932666 0.292289 
120 0.431370 0.000000 -0.070561 80.959392 0.137492 1.599938 0.344300 
121 0.511577 0.000000 -0.149310 85.636614 0.109170 4.770549 0.264360 
122 0.591784 0.000000 -0.070561 88.508346 0.119796 -1.699008 0.216337 
123 0.511577 0.000000 0.008188 90.817041 1.121777 -14.037866 0.155394 
124 15.831124 0.000000 -5.031768 96.209401 0.000007 27.217880 0.000294 
125 15.831124 0.000000 -10.071724 96.180537 0.000006 27.316893 0.000309 
126 20.964375 0.000000 -5.031768 96.204156 -0.000004 27.262239 0.000153 
127 15.831124 0.000000 0.008188 96.371757 0.000065 26.671902 0.000109 
128 8.131247 0.000000 -2.511790 96.302204 0.000118 26.731555 0.001131 
129 8.131247 0.000000 -5.031768 96.195426 -0.002374 27.097210 0.001218 
130 10.697873 0.000000 -2.511790 96.285268 0.000074 26.892729 0.000593 
131 8.131247 0.000000 0.008188 96.806295 0.002135 25.054269 0.000082 
132 4.281308 0.000000 -1.251801 96.564699 0.001691 25.188393 0.004080 
133 4.281308 0.000000 -2.511790 96.236394 0.000618 26.309380 0.004637 
134 5.564621 0.000000 -1.251801 96.539719 0.000751 25.665531 0.002136 
135 4.281308 0.000000 0.008188 97.763516 -0.001546 21.305692 -0.001164 
136 2.356339 0.000000 -0.621806 96.921703 0.000024 21.558955 0.014139 
137 2.356339 0.000000 -1.251801 96.217400 0.002482 24.078238 0.016245 
138 2.997996 0.000000 -0.621806 97.047044 0.001296 22.561362 0.007286 
139 2.356339 0.000000 0.008188 99.158014 0.027977 12.428317 0.001322 
140 1.393855 0.000000 -0.306809 96.706702 0.017597 15.174496 0.041755 
141 1.393855 0.000000 -0.621806 95.671354 0.009280 19.503496 0.046661 
142 1.714683 0.000000 -0.306809 97.317747 0.005809 16.836970 0.024577 
143 1.393855 0.000000 0.008188 99.031842 0.048633 3.935971 0.017720 
144 0.912612 0.000000 -0.149310 95.340134 0.062068 6.512141 0.086785 
145 0.912612 0.000000 -0.306809 94.165380 0.037316 12.424360 0.097852 
146 1.073026 0.000000 -0.149310 96.641563 0.035583 8.582830 0.058674 
147 0.912612 0.000000 0.008188 97.391353 0.052398 -0.631901 0.051452 
148 0.671991 0.000000 -0.070561 92.252317 0.087791 -0.955506 0.148859 
149 0.671991 0.000000 -0.149310 91.300656 0.075201 4.430305 0.164456 
150 0.752198 0.000000 -0.070561 94.281649 0.111590 0.040205 0.111096 
151 0.671991 0.000000 0.008188 94.612319 0.057858 -4.457131 0.102864 
152 0.270956 0.000000 0.165687 124.310485 0.097844 5.690675 -0.548549 
153 0.110542 0.000000 0.165687 127.730872 0.117600 27.187095 -0.705433 
154 0.270956 0.000000 0.323185 113.779155 0.087202 16.269615 -0.321040 
155 0.511577 0.000000 0.086937 105.056802 0.039527 -11.966726 -0.118014 
156 0.431370 0.000000 0.086937 117.006085 0.240069 -25.260011 -0.432855 
157 0.591784 0.000000 0.086937 99.441781 0.048058 -7.033713 0.006186 
158 0.511577 0.000000 0.165687 106.689746 0.082870 -1.930743 -0.138644 
159 0.551681 0.000000 -0.031187 85.095287 0.159341 -5.828862 0.272479 
160 0.511577 0.000000 -0.031187 82.536594 0.163730 -5.079047 0.316189 
161 0.551681 0.000000 -0.070561 86.166933 0.140524 -1.640267 0.257255 
162 0.591784 0.000000 -0.031187 88.392607 0.126824 -5.933881 0.215152 
163 0.551681 0.000000 0.008188 84.475356 2.024481 -18.594826 0.251405 
164 15.831124 0.000000 5.048144 97.894966 0.003416 21.356467 -0.003952 
165 20.964375 0.000000 5.048144 98.624677 -0.003842 18.789563 -0.007987 
166 15.831124 0.000000 10.088100 96.297157 -0.000187 26.985091 -0.000134 
167 8.131247 0.000000 2.528166 98.571057 0.003828 18.983702 -0.007663 
168 10.697873 0.000000 2.528166 101.601018 0.032274 8.330221 -0.039216 
169 8.131247 0.000000 5.048144 96.573969 0.000511 26.070173 -0.000619 
170 4.281308 0.000000 1.268177 99.083201 0.000148 17.146730 -0.011149 
171 5.564621 0.000000 1.268177 100.776185 -0.022552 11.171720 -0.028065 
172 4.281308 0.000000 2.528166 97.191123 0.000457 24.093400 -0.002661 
173 2.356339 0.000000 0.638183 99.248131 0.001654 15.357687 -0.008605 
174 2.997996 0.000000 0.638183 100.157446 -0.014526 12.823063 -0.019595 
175 2.356339 0.000000 1.268177 98.112178 0.006062 21.143507 -0.007305 
176 1.393855 0.000000 0.323185 99.391973 0.002035 11.303435 -0.000653 
177 1.714683 0.000000 0.323185 99.494662 -0.005993 11.122760 -0.002290 
178 1.393855 0.000000 0.638183 99.243249 0.016041 16.805486 -0.013165 
179 0.912612 0.000000 0.165687 99.265915 0.024930 4.920997 0.012206 
180 1.073026 0.000000 0.165687 99.142324 0.002234 6.491693 0.012866 
181 0.912612 0.000000 0.323185 100.431488 0.022247 10.113228 -0.018876 
182 0.671991 0.000000 0.086937 98.079172 0.037025 -2.638930 0.037351 
183 0.752198 0.000000 0.086937 98.006914 0.009969 -0.478438 0.039442 
184 0.671991 0.000000 0.165687 100.724732 0.045319 1.524756 -0.014780 
185 0.631888 0.000000 -0.031187 91.458930 0.099452 -4.588495 0.161420 
186 0.631888 0.000000 -0.070561 90.648327 0.090465 -1.392355 0.178093 
187 0.671991 0.000000 -0.031187 93.198715 0.082878 -3.553118 0.130137 
188 0.631888 0.000000 0.008188 93.272207 0.067268 -6.294342 0.126067 
189 0.551681 0.000000 0.047563 98.794874 0.011994 -15.385226 0.000287 
190 0.511577 0.000000 0.047563 105.842182 0.811015 -29.483019 -0.207247 
191 0.591784 0.000000 0.047563 96.006418 0.033070 -10.426451 0.067406 
192 0.551681 0.000000 0.086937 101.632905 0.048666 -9.500998 -0.041952 
193 0.571732 0.000000 -0.011499 75.216485 1.570601 -13.457101 0.415892 
194 0.551681 0.000000 -0.011499 79.508733 1.879219 -12.135760 0.352755 
195 0.571732 0.000000 -0.031187 86.538365 0.147928 -5.972953 0.247541 
196 0.591784 0.000000 -0.011499 88.522610 0.101995 -7.932280 0.210082 
197 0.571732 0.000000 0.008188 73.779134 1.430628 -13.660700 0.436798 
198 0.351163 0.000000 -0.070561 78.037731 0.133831 4.068678 0.389354 
199 0.270956 0.000000 -0.070561 74.319883 0.033720 8.105175 0.441086 
200 0.351163 0.000000 -0.149310 80.516846 0.115396 8.834036 0.343898 
201 0.351163 0.000000 0.008188 86.534559 0.148353 -3.067817 0.250234 
202 0.471473 0.000000 -0.031187 80.590415 0.649955 -1.163260 0.350341 
203 0.431370 0.000000 -0.031187 79.405123 0.372993 -0.108664 0.369468 
204 0.471473 0.000000 -0.070561 82.406834 0.131002 0.144651 0.320908 
205 0.471473 0.000000 0.008188 89.113985 0.587265 -8.983829 0.197764 
206 0.531629 0.000000 -0.011499 83.567471 1.727221 -7.947142 0.295034 
207 0.511577 0.000000 -0.011499 84.224642 1.097562 -5.396577 0.287588 
208 0.531629 0.000000 -0.031187 83.750277 0.164297 -5.630270 0.295416 
209 0.531629 0.000000 0.008188 89.763060 1.602685 -17.502490 0.163369 
210 0.631888 0.000000 0.047563 95.979407 0.031685 -6.322677 0.074798 
211 0.671991 0.000000 0.047563 96.345778 0.027254 -4.571963 0.069659 
212 0.631888 0.000000 0.086937 98.446430 0.042163 -4.475732 0.028827 
213 0.571732 0.000000 0.027875 93.775237 0.037858 -15.974435 0.095102 
214 0.551681 0.000000 0.027875 87.760635 1.814374 -27.232940 0.155315 
215 0.591784 0.000000 0.027875 93.352640 0.044165 -11.742314 0.114740 
216 0.571732 0.000000 0.047563 96.888175 0.027624 -13.180549 0.043895 
217 0.561706 0.000000 -0.001656 76.400347 1.602746 -13.054017 0.399001 
218 0.551681 0.000000 -0.001656 80.505759 2.082098 -11.168427 0.338975 
219 0.561706 0.000000 -0.011499 76.281034 1.697526 -11.343678 0.404964 
220 0.571732 0.000000 -0.001656 73.496151 1.407115 -13.116800 0.442429 
221 0.561706 0.000000 0.008188 78.083782 1.703979 -14.794605 0.368114 
222 -14.968384 0.000000 -5.031768 96.170383 -0.000019 27.404066 0.000027 
223 -20.101635 0.000000 -5.031768 96.173623 -0.000012 27.399271 -0.000009 
224 -14.968384 0.000000 -10.071724 96.166714 -0.000014 27.398609 0.000128 
225 -14.968384 0.000000 0.008188 96.179147 -0.000019 27.406721 -0.000156 
226 -7.268507 0.000000 -2.511790 96.154382 -0.000080 27.440100 0.000138 
227 -9.835133 0.000000 -2.511790 96.167828 -0.000032 27.422247 -0.000023 
228 -7.268507 0.000000 -5.031768 96.139938 -0.000034 27.419192 0.000530 
229 -7.268507 0.000000 0.008188 96.189208 0.000727 27.451370 -0.000594 
230 -3.418569 0.000000 -1.251801 96.081544 -0.000043 27.586519 0.000732 
231 -4.701881 0.000000 -1.251801 96.140795 -0.000062 27.512918 -0.000001 
232 -3.418569 0.000000 -2.511790 96.029180 -0.000060 27.497539 0.002228 
233 -3.418569 0.000000 0.008188 96.218485 0.000021 27.634198 -0.002165 
234 -1.493599 0.000000 -0.621806 95.759386 0.000484 28.072011 0.004210 
235 -2.135256 0.000000 -0.621806 96.003423 0.003493 27.872403 0.000647 
236 -1.493599 0.000000 -1.251801 95.569768 -0.004213 27.772798 0.009509 
237 -1.493599 0.000000 0.008188 96.261525 0.001302 28.280519 -0.006607 
238 -0.531115 0.000000 -0.306809 93.742953 0.010091 30.432565 0.028612 
239 -0.851943 0.000000 -0.306809 95.131526 0.008701 29.533804 0.007775 
240 -0.531115 0.000000 -0.621806 93.428154 0.011057 28.799951 0.044174 
241 -0.531115 0.000000 0.008188 95.963586 0.007382 31.419070 -0.019617 
242 -0.049872 0.000000 -0.149310 80.044584 0.083386 32.586893 0.253095 
243 -0.210286 0.000000 -0.149310 89.516362 0.021531 34.182707 0.081836 
244 -0.049872 0.000000 -0.306809 84.935439 0.034653 28.492373 0.197415 
245 -0.049872 0.000000 0.008188 85.237987 0.109648 58.361650 -0.067161 
246 0.190749 0.000000 -0.070561 74.855890 -0.095026 17.200577 0.410073 
247 0.110542 0.000000 -0.070561 68.743874 -0.096899 4.791668 0.525131 
248 0.190749 0.000000 -0.149310 76.892924 0.071872 15.496235 0.384734 
249 0.190749 0.000000 0.008188 79.551964 -0.424704 3.410191 0.365968 
250 0.351163 0.000000 0.086937 126.318372 0.127784 -18.643970 -0.630394 
251 0.270956 0.000000 0.086937 133.419466 0.199124 -11.380666 -0.793031 
252 0.351163 0.000000 0.165687 118.376190 0.148023 0.161449 -0.401297 
253 0.311059 0.000000 -0.031187 75.148509 0.103672 1.961477 0.434884 
254 0.270956 0.000000 -0.031187 71.797616 0.048361 2.249071 0.484004 
255 0.311059 0.000000 -0.070561 76.294700 0.054072 5.913937 0.414414 
256 0.351163 0.000000 -0.031187 76.441677 0.147366 1.454513 0.415453 
257 0.311059 0.000000 0.008188 85.777684 0.102466 -1.546731 0.263979 
258 -14.968384 0.000000 5.048144 96.187425 -0.000014 27.403032 -0.000295 
259 -20.101635 0.000000 5.048144 96.181279 -0.000010 27.398800 -0.000153 
260 -14.968384 0.000000 10.088100 96.189962 -0.000009 27.396960 -0.000310 
261 -7.268507 0.000000 2.528166 96.222650 0.001894 27.436563 -0.001156 
262 -9.835133 0.000000 2.528166 96.198622 -0.000023 27.420590 -0.000606 
263 -7.268507 0.000000 5.048144 96.233177 -0.000004 27.413403 -0.001232 
264 -3.418569 0.000000 1.268177 96.353486 0.000116 27.578357 -0.004456 
265 -4.701881 0.000000 1.268177 96.263764 0.000013 27.508250 -0.002342 
266 -3.418569 0.000000 2.528166 96.398088 0.000168 27.481263 -0.004781 
267 -1.493599 0.000000 0.638183 96.785617 0.002090 28.085151 -0.015623 
268 -2.135256 0.000000 0.638183 96.497824 0.003302 27.860756 -0.008805 
269 -1.493599 0.000000 1.268177 97.007719 0.002716 27.778738 -0.018216 
270 -0.531115 0.000000 0.323185 98.443195 0.005818 30.599577 -0.062740 
271 -0.851943 0.000000 0.323185 97.319133 -0.004912 29.672315 -0.035146 
272 -0.531115 0.000000 0.638183 99.262508 -0.006329 29.083244 -0.069888 
273 -0.049872 0.000000 0.165687 110.022292 0.071322 40.331880 -0.373157 
274 -0.210286 0.000000 0.165687 100.611618 -0.002273 36.241910 -0.143617 
275 -0.049872 0.000000 0.323185 108.085971 -0.004930 31.353086 -0.266559 
276 0.190749 0.000000 0.086937 141.644140 0.461684 3.072439 -1.007272 
277 0.110542 0.000000 0.086937 147.156937 0.660736 22.855713 -1.217798 
278 0.190749 0.000000 0.165687 128.623662 0.121469 15.043300 -0.677036 
279 0.230852 0.000000 -0.031187 70.931084 0.033847 2.324586 0.496338 
280 0.190749 0.000000 -0.031187 52.664717 -0.344226 47.022326 0.501521 
281 0.230852 0.000000 -0.070561 72.456087 -0.025650 12.044976 0.460503 
282 0.230852 0.000000 0.008188 72.159207 -0.148100 1.582238 0.479052 
283 0.030335 0.000000 -0.070561 62.100735 0.066942 24.182083 0.555872 
284 -0.049872 0.000000 -0.070561 75.822736 0.089542 39.950961 0.265483 
285 0.030335 0.000000 -0.149310 75.151554 0.078741 26.333206 0.365880 
286 0.030335 0.000000 0.008188 78.073505 1.003362 47.587633 0.163894 
287 0.150645 0.000000 -0.031187 83.603539 -0.329333 2.823182 0.300237 
288 0.110542 0.000000 -0.031187 44.273944 -0.413941 -35.344007 0.679045 
289 0.150645 0.000000 -0.070561 88.158435 -0.326074 2.003064 0.222397 
290 0.150645 0.000000 0.008188 16.493494 -6.929201 0.304145 0.967986 
291 0.230852 0.000000 0.047563 133.395364 0.335906 -2.425851 -0.780032 
292 0.190749 0.000000 0.047563 141.723812 0.466210 3.237509 -1.009634 
293 0.270956 0.000000 0.047563 121.792711 0.177682 -9.091505 -0.491615 
294 0.230852 0.000000 0.086937 138.647093 0.338700 -3.066035 -0.923253 
295 0.210801 0.000000 -0.011499 40.348392 -0.474206 14.101990 0.817292 
296 0.190749 0.000000 -0.011499 26.111689 -0.438811 32.632329 0.825312 
297 0.210801 0.000000 -0.031187 70.946727 0.035236 2.325095 0.496115 
298 0.230852 0.000000 -0.011499 66.524288 -0.188024 2.439611 0.556853 
299 0.210801 0.000000 0.008188 61.630457 -0.521836 2.713178 0.619405 
300 0.030335 0.000000 0.086937 129.796845 0.139184 50.122764 -0.935953 
301 -0.049872 0.000000 0.086937 106.662595 0.093879 50.574301 -0.393468 
302 0.030335 0.000000 0.165687 120.017137 0.098453 37.346173 -0.579886 
303 0.070438 0.000000 -0.031187 53.913397 0.008841 2.629603 0.708643 
304 0.030335 0.000000 -0.031187 46.372979 0.739259 -2.353533 0.784346 
305 0.070438 0.000000 -0.070561 62.975292 -0.003214 14.086450 0.583568 
306 0.070438 0.000000 0.008188 52.988455 -0.145508 2.886105 0.718387 
307 0.070438 0.000000 0.047563 147.595743 0.787684 47.981113 -1.408731 
308 0.030335 0.000000 0.047563 141.979371 0.896923 71.229582 -1.523260 
309 0.110542 0.000000 0.047563 147.831025 0.724449 31.841355 -1.286841 
310 0.070438 0.000000 0.086937 148.476023 0.810199 41.283427 -1.375011 
311 0.090490 0.000000 -0.011499 51.545688 -0.516662 3.583436 0.732993 
312 0.070438 0.000000 -0.011499 53.074494 0.034354 2.195106 0.717828 
313 0.090490 0.000000 -0.031187 51.812565 -0.341734 3.212200 0.730502 
314 0.110542 0.000000 -0.011499 23.969327 -0.434380 -27.454099 0.867156 
315 0.090490 0.000000 0.008188 51.730315 -0.355459 3.235009 0.731338 
316 -0.370701 0.000000 -0.149310 93.105206 0.001208 32.573476 0.027039 
317 -0.531115 0.000000 -0.149310 94.668630 0.011600 31.047280 0.007392 
318 -0.370701 0.000000 -0.306809 92.345010 0.014699 30.621555 0.053472 
319 -0.370701 0.000000 0.008188 95.440737 0.018504 33.929257 -0.026013 
320 -0.130079 0.000000 -0.070561 86.784248 -0.012830 38.936032 0.095248 
321 -0.210286 0.000000 -0.070561 91.113046 0.017763 36.338226 0.037795 
322 -0.130079 0.000000 -0.149310 85.889085 0.002862 34.391436 0.144029 
323 -0.130079 0.000000 0.008188 92.101457 0.080970 43.372191 -0.036383 
324 -0.009769 0.000000 -0.031187 53.959019 0.124681 44.300896 0.512584 
325 -0.049872 0.000000 -0.031187 75.755413 0.100439 48.516401 0.190727 
326 -0.009769 0.000000 -0.070561 66.946365 0.091469 34.893128 0.430065 
327 -0.009769 0.000000 0.008188 33.192855 1.475985 73.242369 0.353161 
328 -0.370701 0.000000 0.165687 98.275453 0.012101 33.512151 -0.078113 
329 -0.531115 0.000000 0.165687 97.380518 0.010293 31.328756 -0.046446 
330 -0.370701 0.000000 0.323185 100.020935 0.018331 31.813582 -0.101629 
331 -0.130079 0.000000 0.086937 99.514406 0.015464 42.508237 -0.171007 
332 -0.210286 0.000000 0.086937 97.818353 -0.002432 37.859023 -0.100174 
333 -0.130079 0.000000 0.165687 103.654427 0.021255 38.554760 -0.223071 
334 -0.009769 0.000000 0.047563 112.841659 0.144891 69.156363 -0.751586 
335 -0.049872 0.000000 0.047563 99.377831 0.106677 57.130059 -0.313981 
336 -0.009769 0.000000 0.086937 116.343355 0.117010 53.696589 -0.641911 
337 0.010283 0.000000 -0.011499 22.523257 1.343594 26.253195 0.880167 
338 -0.009769 0.000000 -0.011499 8.715936 1.522501 43.122001 0.806221 
339 0.010283 0.000000 -0.031187 22.992545 1.184738 1.620057 0.946731 
340 0.030335 0.000000 -0.011499 41.383178 0.838707 -1.424355 0.828470 
341 0.010283 0.000000 0.008188 60.917265 1.333124 83.623264 -0.070554 
342 -0.089976 0.000000 -0.031187 84.694674 0.084821 44.630254 0.083495 
343 -0.130079 0.000000 -0.031187 88.778530 0.080701 41.582731 0.038924 
344 -0.089976 0.000000 -0.070561 82.615992 0.082096 40.095038 0.156698 
345 -0.089976 0.000000 0.008188 89.915949 0.085117 48.257648 -0.041369 
346 -0.029821 0.000000 -0.011499 68.983017 0.124808 59.812373 0.166381 
347 -0.049872 0.000000 -0.011499 78.875579 0.106146 54.138620 0.084764 
348 -0.029821 0.000000 -0.031187 66.969410 0.108767 49.178735 0.309654 
349 -0.029821 0.000000 0.008188 80.411713 0.135419 69.141253 -0.124657 
350 0.010283 0.000000 0.027875 114.310270 1.146747 103.209776 -1.372041 
351 -0.009769 0.000000 0.027875 75.868974 1.376480 120.128698 -1.018890 
352 0.030335 0.000000 0.027875 137.416526 0.952140 80.368091 -1.534324 
353 0.010283 0.000000 0.047563 127.571446 0.204660 69.642420 -1.112458 
354 0.000257 0.000000 -0.001656 14.901983 1.563713 63.665225 0.572222 
355 -0.009769 0.000000 -0.001656 29.835822 1.481781 68.932590 0.435593 
356 0.000257 0.000000 -0.011499 19.142465 1.413912 35.934724 0.834026 
357 0.010283 0.000000 -0.001656 30.383553 1.369906 40.870031 0.740460 
358 0.000257 0.000000 0.008188 52.210422 1.443870 102.583670 -0.325142 
359 0.050386 0.000000 0.027875 145.038363 0.855086 60.054610 -1.464341 
360 0.050386 0.000000 0.008188 53.551828 0.431980 0.781014 0.713141 
361 0.070438 0.000000 0.027875 147.128285 0.827001 50.965250 -1.424487 
362 0.050386 0.000000 0.047563 145.461094 0.849246 58.679343 -1.460292 
363 0.311059 0.000000 0.047563 116.852401 0.123572 -11.495567 -0.378665 
364 0.351163 0.000000 0.047563 120.179469 0.142368 -16.494221 -0.471518 
365 0.311059 0.000000 0.086937 129.756566 0.135011 -15.670310 -0.708234 
366 0.471473 0.000000 0.047563 112.880847 0.344381 -27.176060 -0.348074 
367 0.431370 0.000000 0.047563 113.564402 0.259290 -23.295265 -0.343961 
368 0.471473 0.000000 0.086937 108.881695 0.044202 -12.795447 -0.201895 
369 0.531629 0.000000 0.027875 100.175589 1.407600 -29.452749 -0.090459 
370 0.511577 0.000000 0.027875 103.183442 0.866294 -26.085859 -0.132805 
371 0.531629 0.000000 0.047563 101.306331 -0.010261 -17.452208 -0.056755 
372 -4.701881 0.000000 -15.111679 96.154080 -0.000009 27.383197 0.000455 
373 -9.835133 0.000000 -15.111679 96.161125 -0.000011 27.391737 0.000273 
374 -4.701881 0.000000 -20.151635 96.162623 -0.000006 27.385063 0.000281 
375 0.431370 0.000000 -15.111679 96.151450 -0.000002 27.368064 0.000589 
376 -2.135256 0.000000 -7.551746 96.090776 -0.002904 27.356170 0.001820 
377 -4.701881 0.000000 -7.551746 96.117949 -0.000020 27.391346 0.001105 
378 -2.135256 0.000000 -10.071724 96.124386 -0.000005 27.364849 0.001127 
379 0.431370 0.000000 -7.551746 96.081229 -0.003579 27.296327 0.002331 
380 -0.851943 0.000000 -3.771779 95.842236 -0.000791 27.249362 0.007174 
381 -2.135256 0.000000 -3.771779 95.946277 -0.000011 27.385555 0.004434 
382 -0.851943 0.000000 -5.031768 95.974729 0.000017 27.283143 0.004448 
383 0.431370 0.000000 -3.771779 95.814856 -0.007874 27.021326 0.008936 
384 -0.210286 0.000000 -1.881795 94.976539 -0.004669 26.842580 0.025893 
385 -0.851943 0.000000 -1.881795 95.270493 0.000861 27.344017 0.017584 
386 -0.210286 0.000000 -2.511790 95.427361 0.002905 26.970003 0.016624 
387 0.431370 0.000000 -1.881795 94.924853 -0.004543 26.123588 0.030683 
388 0.110542 0.000000 -0.936804 92.141627 0.019530 25.456711 0.086188 
389 -0.210286 0.000000 -0.936804 92.814483 0.030496 27.044964 0.065404 
390 0.110542 0.000000 -1.251801 93.659037 0.011121 25.923889 0.055594 
391 0.431370 0.000000 -0.936804 92.426490 0.017408 23.642400 0.089838 
392 0.270956 0.000000 -0.464308 87.031666 0.032355 20.925281 0.198762 
393 0.110542 0.000000 -0.464308 86.784832 0.018522 24.114901 0.188686 
394 0.270956 0.000000 -0.621806 89.319488 0.053015 22.569746 0.151263 
395 0.431370 0.000000 -0.464308 88.283836 0.036896 18.313429 0.187058 
396 0.190749 0.000000 -0.228060 80.009199 0.078705 18.354423 0.326164 
397 0.110542 0.000000 -0.228060 79.550273 0.075947 22.028634 0.318649 
398 0.190749 0.000000 -0.306809 82.213267 0.054043 19.921514 0.284411 
399 0.270956 0.000000 -0.228060 80.990655 0.089056 15.043264 0.321421 
400 0.150645 0.000000 -0.109936 75.231370 0.024941 14.264614 0.413676 
401 0.110542 0.000000 -0.109936 72.449831 0.036388 15.362839 0.451500 
402 0.150645 0.000000 -0.149310 76.144038 0.069658 17.054396 0.391123 
403 0.190749 0.000000 -0.109936 75.703033 0.032770 14.236125 0.406638 
404 0.130593 0.000000 -0.050874 77.549244 -0.347102 -17.986420 0.366248 
405 0.110542 0.000000 -0.050874 59.708708 -0.386877 -31.898441 0.541721 
406 0.130593 0.000000 -0.070561 73.807929 -0.355233 -24.084046 0.397222 
407 0.150645 0.000000 -0.050874 84.802105 -0.328614 2.966608 0.279969 
408 0.130593 0.000000 -0.031187 68.687176 -0.366557 -23.372490 0.473566 
409 -0.049872 0.000000 -0.464308 88.202776 0.001154 27.077187 0.148710 
410 -0.210286 0.000000 -0.464308 90.596032 0.024583 28.626465 0.097288 
411 -0.049872 0.000000 -0.621806 90.438951 0.032934 26.448731 0.112126 
412 0.030335 0.000000 -0.228060 80.538447 0.076564 26.282305 0.282279 
413 -0.049872 0.000000 -0.228060 83.347303 0.007243 29.748079 0.216828 
414 0.030335 0.000000 -0.306809 83.509604 0.022195 25.956534 0.235240 
415 0.070438 0.000000 -0.109936 70.138580 0.061827 19.807051 0.468826 
416 0.030335 0.000000 -0.109936 70.305595 0.075804 25.857966 0.438848 
417 0.070438 0.000000 -0.149310 74.508484 0.072813 22.426217 0.394555 
418 0.090490 0.000000 -0.050874 58.166070 -0.188743 2.550983 0.661017 
419 0.070438 0.000000 -0.050874 57.688348 -0.078368 9.851130 0.657500 
420 0.090490 0.000000 -0.070561 64.804944 -0.057123 9.185079 0.571595 
421 0.150645 0.000000 0.047563 145.099002 0.616141 14.845753 -1.127450 
422 0.150645 0.000000 0.086937 144.970768 0.607923 14.343572 -1.122263 
423 0.130593 0.000000 -0.011499 73.807929 -0.355233 -24.084046 0.397222 
424 0.150645 0.000000 -0.011499 88.158435 -0.326074 2.003064 0.222397 
425 0.130593 0.000000 0.008188 17.436327 -6.929895 -3.359764 0.963666 
426 0.120568 0.000000 -0.041030 60.763592 -0.386555 -31.258895 0.533052 
427 0.110542 0.000000 -0.041030 52.500416 -0.399766 -33.676065 0.610947 
428 0.120568 0.000000 -0.050874 65.779326 -0.374409 -25.772858 0.500870 
429 0.130593 0.000000 -0.041030 70.090652 -0.363729 -23.139149 0.455175 
430 0.120568 0.000000 -0.031187 56.917112 -0.390743 -29.516935 0.588904 
431 0.170697 0.000000 -0.050874 82.824446 -0.315754 24.436022 0.254289 
432 0.170697 0.000000 -0.070561 81.227335 -0.312677 30.573083 0.246731 
433 0.190749 0.000000 -0.050874 68.643466 -0.315560 40.977196 0.360884 
434 0.170697 0.000000 -0.031187 73.069893 -0.316821 33.243627 0.355555 
435 2.035511 0.000000 0.323185 99.830679 -0.012986 10.200099 -0.007021 
436 2.035511 0.000000 0.008188 99.290256 0.046227 9.437643 0.005237 
437 2.356339 0.000000 0.323185 100.269686 -0.019037 9.381725 -0.014203 
438 2.035511 0.000000 0.638183 99.010009 0.007818 16.120362 -0.006285 
439 5.564621 0.000000 -15.111679 96.157516 0.000004 27.354763 0.000545 
440 5.564621 0.000000 -20.151635 96.164099 0.000000 27.372359 0.000322 
441 10.697873 0.000000 -15.111679 96.166572 0.000005 27.350409 0.000395 
442 15.831124 0.000000 -15.111679 96.173081 0.000004 27.352298 0.000259 
443 15.831124 0.000000 -20.151635 96.171494 0.000002 27.368487 0.000201 
444 20.964375 0.000000 -15.111679 96.176637 0.000002 27.356263 0.000169 
445 -14.968384 0.000000 -15.111679 96.166904 -0.000010 27.394524 0.000147 
446 -20.101635 0.000000 -15.111679 96.170419 -0.000008 27.394880 0.000077 
447 -14.968384 0.000000 -20.151635 96.168313 -0.000007 27.392322 0.000132 
448 2.997996 0.000000 -7.551746 96.105497 -0.004149 27.244558 0.002147 
449 2.997996 0.000000 -10.071724 96.130660 0.000019 27.314491 0.001281 
450 5.564621 0.000000 -7.551746 96.140708 0.003193 27.227888 0.001561 
451 8.131247 0.000000 -7.551746 96.166314 0.000037 27.235519 0.001027 
452 8.131247 0.000000 -10.071724 96.160059 0.000019 27.299317 0.000799 
453 10.697873 0.000000 -7.551746 96.180414 0.000024 27.251064 0.000671 
454 -7.268507 0.000000 -7.551746 96.141070 -0.000025 27.402864 0.000598 
455 -9.835133 0.000000 -7.551746 96.155261 -0.000024 27.404498 0.000316 
456 -7.268507 0.000000 -10.071724 96.146918 -0.000019 27.394144 0.000533 
457 1.714683 0.000000 -3.771779 95.906997 -0.011075 26.832443 0.008187 
458 1.714683 0.000000 -5.031768 96.000852 -0.000655 27.088762 0.005004 
459 2.997996 0.000000 -3.771779 96.037039 -0.013660 26.768062 0.006036 
460 4.281308 0.000000 -3.771779 96.135816 -0.012164 26.791399 0.004013 
461 4.281308 0.000000 -5.031768 96.115688 0.003835 27.031949 0.003105 
462 5.564621 0.000000 -3.771779 96.191753 -0.000182 26.848971 0.002628 
463 -3.418569 0.000000 -3.771779 96.036430 -0.000058 27.433256 0.002442 
464 -4.701881 0.000000 -3.771779 96.093167 -0.000065 27.441267 0.001308 
465 -3.418569 0.000000 -5.031768 96.060973 -0.000052 27.399436 0.002156 
466 1.073026 0.000000 -1.881795 95.241648 -0.003401 25.551178 0.027617 
467 1.073026 0.000000 -2.511790 95.543640 0.003134 26.318191 0.017877 
468 1.714683 0.000000 -1.881795 95.648088 0.002069 25.326917 0.020999 
469 2.356339 0.000000 -1.881795 95.991777 0.002710 25.391972 0.014083 
470 2.356339 0.000000 -2.511790 95.936055 0.007658 26.110677 0.011451 
471 2.997996 0.000000 -1.881795 96.188763 0.006283 25.541147 0.009537 
472 -1.493599 0.000000 -1.881795 95.624136 -0.001901 27.520030 0.009867 
473 -2.135256 0.000000 -1.881795 95.825090 0.003530 27.589789 0.005636 
474 -1.493599 0.000000 -2.511790 95.703994 0.003724 27.418391 0.008898 
475 0.752198 0.000000 -0.936804 93.287401 0.049110 22.347883 0.079803 
476 0.752198 0.000000 -1.251801 94.247232 0.017801 24.227414 0.053049 
477 1.073026 0.000000 -0.936804 94.440871 0.005750 21.968211 0.059832 
478 1.393855 0.000000 -0.936804 95.398689 0.012646 22.131612 0.040928 
479 1.393855 0.000000 -1.251801 95.286256 0.004653 23.659551 0.036076 
480 1.714683 0.000000 -0.936804 95.922863 0.003931 22.369229 0.029842 
481 -0.531115 0.000000 -0.936804 93.740768 0.017845 27.944332 0.043178 
482 -0.851943 0.000000 -0.936804 94.818475 0.008899 27.984057 0.022635 
483 -0.531115 0.000000 -1.251801 94.492743 0.011194 27.351231 0.032303 
484 0.591784 0.000000 -0.464308 89.878753 0.001017 16.392914 0.165308 
485 0.591784 0.000000 -0.621806 91.177647 0.034054 19.580386 0.130324 
486 0.752198 0.000000 -0.464308 92.094684 0.021709 16.040359 0.126128 
487 0.912612 0.000000 -0.464308 93.739726 0.030094 16.280282 0.094782 
488 0.912612 0.000000 -0.621806 93.738578 0.011483 18.932225 0.085465 
489 1.073026 0.000000 -0.464308 94.862193 0.004706 16.728824 0.072131 
490 0.351163 0.000000 -0.228060 82.508190 0.065690 12.495648 0.303625 
491 0.351163 0.000000 -0.306809 84.382059 0.071930 15.510874 0.263908 
492 0.431370 0.000000 -0.228060 84.691171 0.088844 10.794113 0.271088 
493 2.035511 0.000000 -0.306809 97.528081 -0.000380 17.918943 0.016718 
494 2.035511 0.000000 -0.621806 96.738031 0.000135 20.975734 0.020177 
495 2.356339 0.000000 -0.306809 97.638491 -0.001189 19.022044 0.010489 
496 0.391266 0.000000 -0.031187 77.542528 0.184963 1.021644 0.398608 
497 0.391266 0.000000 -0.070561 79.617209 0.127986 2.928258 0.365251 
498 0.391266 0.000000 0.008188 87.774546 0.252324 -4.451244 0.227575 
499 -0.370701 0.000000 -0.464308 92.310614 0.025917 29.321322 0.061901 
500 -0.531115 0.000000 -0.464308 93.403762 0.014092 29.575111 0.040105 
501 -0.370701 0.000000 -0.621806 92.416647 0.014209 28.586774 0.064196 
502 -0.130079 0.000000 -0.228060 86.522677 0.041210 31.588929 0.151596 
503 -0.210286 0.000000 -0.228060 88.692189 0.015401 32.608649 0.107037 
504 -0.130079 0.000000 -0.306809 86.988319 0.024376 30.118577 0.152590 
505 0.230852 0.000000 -0.109936 75.700173 0.049546 12.453585 0.411439 
506 0.230852 0.000000 -0.149310 77.435458 0.064439 13.706989 0.381586 
507 0.270956 0.000000 -0.109936 76.558077 0.059062 10.139282 0.403605 
508 0.391266 0.000000 0.047563 117.645983 0.174209 -21.406871 -0.429886 
509 0.391266 0.000000 0.086937 123.284502 0.124080 -21.277704 -0.565182 
510 0.210801 0.000000 -0.050874 68.077798 -0.186500 17.760453 0.504994 
511 0.210801 0.000000 -0.070561 72.655506 -0.064829 14.857426 0.450043 
512 0.230852 0.000000 -0.050874 70.523481 -0.002366 2.311323 0.502110 
513 -0.009769 0.000000 -0.109936 73.291637 0.083316 31.674679 0.362504 
514 -0.049872 0.000000 -0.109936 77.990183 0.077751 35.340915 0.266855 
515 -0.009769 0.000000 -0.149310 77.177163 0.077720 30.011645 0.314298 
516 0.170697 0.000000 -0.011499 67.163264 -0.323704 39.964336 0.389184 
517 0.170697 0.000000 0.008188 142.611803 0.573234 5.025007 -1.036371 
518 0.050386 0.000000 -0.011499 50.340460 0.565053 -0.577650 0.746519 
519 0.050386 0.000000 -0.031187 53.530635 0.433358 0.767078 0.713369 
520 0.090490 0.000000 0.027875 148.351614 0.718000 38.131647 -1.346274 
521 0.110542 0.000000 0.027875 147.538767 0.700095 28.164621 -1.256142 
522 0.090490 0.000000 0.047563 148.008376 0.773046 39.636182 -1.347810 
523 -0.089976 0.000000 -0.109936 82.432114 0.082270 36.595762 0.186569 
524 -0.130079 0.000000 -0.109936 85.952491 -0.009253 36.492290 0.128048 
525 -0.089976 0.000000 -0.149310 83.116235 0.076809 34.043394 0.193273 
526 -0.089976 0.000000 0.047563 96.601823 0.081513 48.550691 -0.168909 
527 -0.130079 0.000000 0.047563 96.007132 0.004239 43.571085 -0.111581 
528 -0.089976 0.000000 0.086937 101.765848 0.079536 46.068449 -0.247860 
529 -0.029821 0.000000 0.027875 94.678143 0.129118 68.747223 -0.369015 
530 -0.049872 0.000000 0.027875 92.931273 0.109527 59.154394 -0.213548 
531 -0.029821 0.000000 0.047563 103.661723 0.120304 63.261457 -0.474778 
532 0.130593 0.000000 0.027875 147.159540 0.655814 22.858315 -1.217886 
533 0.150645 0.000000 0.027875 146.121422 0.632797 18.781109 -1.170460 
534 0.130593 0.000000 0.047563 146.621894 0.672162 20.789967 -1.193065 
535 0.170697 0.000000 0.027875 142.587417 0.480840 5.058632 -1.035699 
536 0.190749 0.000000 0.027875 142.587239 0.480165 5.058878 -1.035694 
537 0.170697 0.000000 0.047563 144.516278 0.590557 12.565311 -1.104319 
538 0.511577 0.000000 -0.228060 86.836779 0.081818 9.437534 0.237030 
539 0.511577 0.000000 -0.306809 87.724028 0.050686 12.813982 0.214029 
540 0.591784 0.000000 -0.228060 88.993384 0.054508 8.746504 0.200367 
541 0.671991 0.000000 -0.228060 90.903324 0.058921 8.601339 0.166260 
542 0.671991 0.000000 -0.306809 90.675407 0.054824 11.565701 0.164420 
543 0.752198 0.000000 -0.228060 92.305544 0.057141 8.416254 0.140885 
544 2.035511 0.000000 -0.936804 96.277855 0.000068 22.721984 0.021429 
545 2.035511 0.000000 -1.251801 96.024097 -0.000545 23.903109 0.020801 
546 2.356339 0.000000 -0.936804 96.481213 0.002632 23.043483 0.016037 
547 0.311059 0.000000 -0.109936 77.935972 0.069276 8.319064 0.385677 
548 0.311059 0.000000 -0.149310 79.202713 0.078233 9.991846 0.362709 
549 0.351163 0.000000 -0.109936 79.284133 0.133445 6.566525 0.367089 
550 0.391266 0.000000 -0.109936 80.723653 0.119969 5.427396 0.345422 
551 0.391266 0.000000 -0.149310 81.627186 0.102760 7.511851 0.328056 
552 0.431370 0.000000 -0.109936 81.989148 0.096549 4.236986 0.325982 
553 0.210801 0.000000 0.027875 117.436637 0.260600 -0.082745 -0.379144 
554 0.230852 0.000000 0.027875 102.389552 0.136851 -2.740988 -0.049115 
555 0.210801 0.000000 0.047563 139.568290 0.396316 -1.218620 -0.948095 
556 0.050386 0.000000 -0.050874 56.832126 0.005940 15.438330 0.653177 
557 0.030335 0.000000 -0.050874 55.793421 0.062026 21.804988 0.641163 
558 0.050386 0.000000 -0.070561 62.098229 0.035496 18.921934 0.578577 
559 0.010283 0.000000 -0.050874 56.799956 0.091826 30.138094 0.586545 
560 -0.009769 0.000000 -0.050874 61.834551 0.099895 38.033262 0.472995 
561 0.010283 0.000000 -0.070561 63.609959 0.085692 29.833674 0.506372 
562 0.471473 0.000000 -0.109936 83.491042 0.098516 3.242618 0.301872 
563 0.471473 0.000000 -0.149310 84.375556 0.094940 5.898357 0.284597 
564 0.511577 0.000000 -0.109936 85.098027 0.130597 2.378604 0.275265 
565 0.551681 0.000000 -0.109936 86.805336 0.114114 1.742857 0.246178 
566 0.551681 0.000000 -0.149310 87.254672 0.096872 4.575444 0.236568 
567 0.591784 0.000000 -0.109936 88.647872 0.098408 1.673491 0.213874 
568 0.631888 0.000000 -0.109936 90.278497 0.075631 1.579497 0.184729 
569 0.631888 0.000000 -0.149310 90.103219 0.070094 4.257208 0.186328 
570 0.671991 0.000000 -0.109936 91.676434 0.083728 1.834800 0.159206 
571 -0.029821 0.000000 -0.050874 68.911516 0.098179 42.394151 0.345393 
572 -0.049872 0.000000 -0.050874 75.186074 0.094615 43.624886 0.244391 
573 -0.029821 0.000000 -0.070561 71.396532 0.091220 38.290198 0.343639 
1 19 21 3 22 
2 20 19 22 9 
3 28 20 9 30 
4 29 28 30 4 
5 35 37 19 38 
6 36 35 38 20 
7 44 36 20 46 
8 45 44 46 28 
9 51 53 35 54 
10 52 51 54 36 
11 60 52 36 62 
12 61 60 62 44 
13 67 69 51 70 
14 68 67 70 52 
15 76 68 52 78 
16 77 76 78 60 
17 83 85 67 86 
18 84 83 86 68 
19 92 84 68 94 
20 93 92 94 76 
21 99 101 83 102 
22 100 99 102 84 
23 108 100 84 110 
24 109 108 110 92 
25 115 117 99 118 
26 116 115 118 100 
27 10 125 124 26 
28 125 13 126 124 
29 124 126 8 127 
30 26 124 127 14 
31 23 129 128 42 
32 129 26 130 128 
33 128 130 14 131 
34 42 128 131 27 
35 39 133 132 58 
36 133 42 134 132 
37 132 134 27 135 
38 58 132 135 43 
39 137 58 138 136 
40 136 138 43 139 
41 71 141 140 90 
42 141 74 142 140 
43 140 142 59 143 
44 90 140 143 75 
45 87 145 144 106 
46 145 90 146 144 
47 144 146 75 147 
48 106 144 147 91 
49 149 106 150 148 
50 148 150 91 151 
51 152 116 100 154 
52 153 152 154 108 
53 155 157 115 158 
54 156 155 158 116 
55 119 161 159 160 
56 161 122 162 159 
57 14 127 164 37 
58 127 8 165 164 
59 164 165 21 166 
60 37 164 166 19 
61 27 131 167 53 
62 131 14 168 167 
63 167 168 37 169 
64 53 167 169 35 
65 43 135 170 69 
66 135 27 171 170 
67 170 171 53 172 
68 69 170 172 51 
69 139 43 174 173 
70 173 174 69 175 
71 85 173 175 67 
72 75 143 176 101 
73 143 59 177 176 
74 176 177 85 178 
75 101 176 178 83 
76 91 147 179 117 
77 147 75 180 179 
78 179 180 101 181 
79 117 179 181 99 
80 151 91 183 182 
81 182 183 117 184 
82 157 182 184 115 
83 122 186 185 162 
84 186 148 187 185 
85 185 187 151 188 
86 162 185 188 107 
87 189 191 157 192 
88 190 189 192 155 
89 159 195 193 194 
90 195 162 196 193 
91 193 196 107 197 
92 120 204 202 203 
93 204 119 160 202 
94 202 160 123 205 
95 203 202 205 5 
96 160 208 206 207 
97 208 159 194 206 
98 206 194 163 209 
99 207 206 209 123 
100 107 188 210 191 
101 188 151 211 210 
102 210 211 182 212 
103 191 210 212 157 
104 163 197 213 214 
105 197 107 215 213 
106 213 215 191 216 
107 214 213 216 189 
108 194 219 217 218 
109 219 193 220 217 
110 217 220 197 221 
111 218 217 221 163 
112 16 224 222 223 
113 224 15 32 222 
114 222 32 18 225 
115 223 222 225 6 
116 32 228 226 227 
117 228 31 48 226 
118 226 48 34 229 
119 227 226 229 18 
120 48 232 230 231 
121 232 47 64 230 
122 230 64 50 233 
123 231 230 233 34 
124 64 236 234 235 
125 236 63 80 234 
126 234 80 66 237 
127 235 234 237 50 
128 80 240 238 239 
129 239 238 241 66 
130 250 156 116 252 
131 251 250 252 152 
132 199 255 253 254 
133 255 198 256 253 
134 253 256 201 257 
135 254 253 257 114 
136 6 225 258 259 
137 225 18 45 258 
138 258 45 28 260 
139 259 258 260 29 
140 18 229 261 262 
141 229 34 61 261 
142 261 61 44 263 
143 262 261 263 45 
144 34 233 264 265 
145 233 50 77 264 
146 264 77 60 266 
147 265 264 266 61 
148 50 237 267 268 
149 237 66 93 267 
150 267 93 76 269 
151 268 267 269 77 
152 66 241 270 271 
153 270 109 92 272 
154 271 270 272 93 
155 273 153 108 275 
156 274 273 275 109 
157 276 251 152 278 
158 277 276 278 153 
159 281 199 254 279 
160 279 254 114 282 
161 282 114 293 291 
162 291 293 251 294 
163 292 291 294 276 
164 280 297 295 296 
165 297 279 298 295 
166 295 298 282 299 
167 296 295 299 249 
168 300 277 153 302 
169 301 300 302 273 
170 307 309 277 310 
171 308 307 310 300 
172 303 313 311 312 
173 313 288 314 311 
174 311 314 98 315 
175 312 311 315 306 
176 238 318 316 317 
177 318 96 243 316 
178 316 243 82 319 
179 317 316 319 241 
180 243 322 320 321 
181 321 320 323 82 
182 241 319 328 329 
183 319 82 274 328 
184 328 274 109 330 
185 329 328 330 270 
186 82 323 331 332 
187 331 301 273 333 
188 332 331 333 274 
189 334 308 300 336 
190 335 334 336 301 
191 324 339 337 338 
192 339 304 340 337 
193 337 340 286 341 
194 320 344 342 343 
195 344 284 325 342 
196 342 325 245 345 
197 343 342 345 323 
198 325 348 346 347 
199 348 324 338 346 
200 346 338 327 349 
201 347 346 349 245 
202 327 341 350 351 
203 341 286 352 350 
204 350 352 308 353 
205 351 350 353 334 
206 338 356 354 355 
207 356 337 357 354 
208 354 357 341 358 
209 355 354 358 327 
210 286 360 359 352 
211 360 306 361 359 
212 359 361 307 362 
213 352 359 362 308 
214 114 257 363 293 
215 257 201 364 363 
216 363 364 250 365 
217 293 363 365 251 
218 5 205 366 367 
219 205 123 190 366 
220 366 190 155 368 
221 367 366 368 156 
222 123 209 369 370 
223 209 163 214 369 
224 369 214 189 371 
225 370 369 371 190 
226 17 374 372 373 
227 374 7 375 372 
228 372 375 11 33 
229 373 372 33 15 
230 33 378 376 377 
231 378 11 379 376 
232 376 379 24 49 
233 377 376 49 31 
234 49 382 380 381 
235 382 24 383 380 
236 380 383 40 65 
237 381 380 65 47 
238 65 386 384 385 
239 386 40 387 384 
240 384 387 56 81 
241 385 384 81 63 
242 81 390 388 389 
243 390 56 391 388 
244 388 391 72 97 
245 389 388 97 79 
246 97 394 392 393 
247 394 72 395 392 
248 392 395 88 113 
249 393 392 113 95 
250 95 398 396 397 
251 398 113 399 396 
252 396 399 111 248 
253 397 396 248 112 
254 112 402 400 401 
255 402 248 403 400 
256 400 403 246 289 
257 401 400 289 247 
258 247 406 404 405 
259 406 289 407 404 
260 404 407 287 408 
261 79 411 409 410 
262 411 97 393 409 
263 409 393 95 244 
264 410 409 244 96 
265 244 414 412 413 
266 414 95 397 412 
267 412 397 112 285 
268 413 412 285 242 
269 285 417 415 416 
270 417 112 401 415 
271 415 401 247 305 
272 416 415 305 283 
273 305 420 418 419 
274 420 247 405 418 
275 418 405 288 313 
276 419 418 313 303 
277 421 292 276 422 
278 309 421 422 277 
279 288 408 423 314 
280 408 287 424 423 
281 423 424 290 425 
282 314 423 425 98 
283 405 428 426 427 
284 428 404 429 426 
285 426 429 408 430 
286 427 426 430 288 
287 289 432 431 407 
288 432 246 433 431 
289 431 433 280 434 
290 407 431 434 287 
291 59 436 435 177 
292 436 139 437 435 
293 435 437 173 438 
294 177 435 438 85 
295 7 440 439 375 
296 440 12 441 439 
297 439 441 10 25 
298 375 439 25 11 
299 12 443 442 441 
300 443 2 444 442 
301 442 444 13 125 
302 441 442 125 10 
303 1 447 445 446 
304 447 17 373 445 
305 445 373 15 224 
306 446 445 224 16 
307 11 449 448 379 
308 449 25 450 448 
309 448 450 23 41 
310 379 448 41 24 
311 25 452 451 450 
312 452 10 453 451 
313 451 453 26 129 
314 450 451 129 23 
315 15 456 454 455 
316 456 33 377 454 
317 454 377 31 228 
318 455 454 228 32 
319 24 458 457 383 
320 458 41 459 457 
321 457 459 39 57 
322 383 457 57 40 
323 41 461 460 459 
324 461 23 462 460 
325 460 462 42 133 
326 459 460 133 39 
327 31 465 463 464 
328 465 49 381 463 
329 463 381 47 232 
330 464 463 232 48 
331 40 467 466 387 
332 467 57 468 466 
333 466 468 55 73 
334 387 466 73 56 
335 57 470 469 468 
336 470 39 471 469 
337 469 471 58 137 
338 468 469 137 55 
339 47 474 472 473 
340 474 65 385 472 
341 472 385 63 236 
342 473 472 236 64 
343 56 476 475 391 
344 476 73 477 475 
345 475 477 71 89 
346 391 475 89 72 
347 73 479 478 477 
348 479 55 480 478 
349 478 480 74 141 
350 477 478 141 71 
351 63 483 481 482 
352 483 81 389 481 
353 481 389 79 240 
354 482 481 240 80 
355 72 485 484 395 
356 485 89 486 484 
357 484 486 87 105 
358 395 484 105 88 
359 89 488 487 486 
360 488 71 489 487 
361 487 489 90 145 
362 486 487 145 87 
363 113 491 490 399 
364 491 88 492 490 
365 490 492 104 200 
366 399 490 200 111 
367 74 494 493 142 
368 494 136 495 493 
369 493 495 139 436 
370 142 493 436 59 
371 198 497 496 256 
372 497 120 203 496 
373 496 203 5 498 
374 256 496 498 201 
375 240 501 499 500 
376 501 79 410 499 
377 499 410 96 318 
378 500 499 318 238 
379 96 504 502 503 
380 504 244 413 502 
381 502 413 242 322 
382 503 502 322 243 
383 248 506 505 403 
384 506 111 507 505 
385 505 507 199 281 
386 403 505 281 246 
387 201 498 508 364 
388 498 5 367 508 
389 508 367 156 509 
390 364 508 509 250 
391 246 511 510 433 
392 511 281 512 510 
393 510 512 279 297 
394 433 510 297 280 
395 242 515 513 514 
396 515 285 416 513 
397 513 416 283 326 
398 514 513 326 284 
399 287 434 516 424 
400 434 280 296 516 
401 516 296 249 517 
402 424 516 517 290 
403 304 519 518 340 
404 519 303 312 518 
405 518 312 306 360 
406 340 518 360 286 
407 306 315 520 361 
408 315 98 521 520 
409 520 521 309 522 
410 361 520 522 307 
411 322 525 523 524 
412 525 242 514 523 
413 523 514 284 344 
414 524 523 344 320 
415 323 345 526 527 
416 345 245 335 526 
417 526 335 301 528 
418 527 526 528 331 
419 245 349 529 530 
420 349 327 351 529 
421 529 351 334 531 
422 530 529 531 335 
423 98 425 532 521 
424 425 290 533 532 
425 532 533 421 534 
426 521 532 534 309 
427 290 517 535 533 
428 517 249 536 535 
429 535 536 292 537 
430 533 535 537 421 
431 88 539 538 492 
432 539 105 540 538 
433 538 540 103 121 
434 492 538 121 104 
435 105 542 541 540 
436 542 87 543 541 
437 541 543 106 149 
438 540 541 149 103 
439 55 545 544 480 
440 545 137 546 544 
441 544 546 136 494 
442 480 544 494 74 
443 111 548 547 507 
444 548 200 549 547 
445 547 549 198 255 
446 507 547 255 199 
447 200 551 550 549 
448 551 104 552 550 
449 550 552 120 497 
450 549 550 497 198 
451 249 299 553 536 
452 299 282 554 553 
453 553 554 291 555 
454 536 553 555 292 
455 283 558 556 557 
456 558 305 419 556 
457 556 419 303 519 
458 557 556 519 304 
459 326 561 559 560 
460 561 283 557 559 
461 559 557 304 339 
462 560 559 339 324 
463 104 563 562 552 
464 563 121 564 562 
465 562 564 119 204 
466 552 562 204 120 
467 121 566 565 564 
468 566 103 567 565 
469 565 567 122 161 
470 564 565 161 119 
471 103 569 568 567 
472 569 149 570 568 
473 568 570 148 186 
474 567 568 186 122 
475 284 573 571 572 
476 573 326 560 571 
477 571 560 324 348 
478 572 571 348 325 
