2 0.000000 100.000000 5791.461216
573 478 
1 -20.101635 0.000000 -20.151635 94.561086 -0.000006 32.516588 0.000087 
2 20.964375 0.000000 -20.151635 94.565362 0.000001 32.490328 0.000177 
3 20.964375 0.000000 20.168012 94.605085 -0.000031 32.414816 -0.000084 
4 -20.101635 0.000000 20.168012 94.575562 -0.000003 32.515116 -0.000177 
5 0.431370 0.000000 0.008188 85.015562 0.402958 -5.459490 0.274239 
6 -20.101635 0.000000 0.008188 94.569503 -0.000011 32.524562 -0.000124 
7 0.431370 0.000000 -20.151635 94.551164 -0.000002 32.499768 0.000384 
8 20.964375 0.000000 0.008188 94.681376 -0.000008 32.160338 0.000115 
9 0.431370 0.000000 20.168012 94.595945 0.000000 32.486586 -0.000377 
10 10.697873 0.000000 -10.071724 94.562290 0.000013 32.417892 0.000705 
11 0.431370 0.000000 -10.071724 94.505609 0.000009 32.454998 0.001536 
12 10.697873 0.000000 -20.151635 94.558267 0.000001 32.489370 0.000318 
13 20.964375 0.000000 -10.071724 94.576971 0.000000 32.449633 0.000222 
14 10.697873 0.000000 0.008188 94.981805 0.000246 31.225923 0.000340 
15 -9.835133 0.000000 -10.071724 94.544812 -0.000016 32.522654 0.000356 
16 -20.101635 0.000000 -10.071724 94.561899 -0.000009 32.521098 0.000043 
17 -9.835133 0.000000 -20.151635 94.555043 -0.000006 32.512769 0.000226 
18 -9.835133 0.000000 0.008188 94.578022 -0.000024 32.554930 -0.000483 
19 10.697873 0.000000 10.088100 94.712169 -0.000129 32.140118 -0.000338 
20 0.431370 0.000000 10.088100 94.682026 0.000034 32.405792 -0.001482 
21 20.964375 0.000000 10.088100 95.042736 -0.000655 31.134637 -0.000249 
22 10.697873 0.000000 20.168012 94.598510 -0.000009 32.454707 -0.000219 
23 5.564621 0.000000 -5.031768 94.549579 0.000056 32.136595 0.002762 
24 0.431370 0.000000 -5.031768 94.329022 0.000138 32.278786 0.006012 
25 5.564621 0.000000 -10.071724 94.534100 0.000020 32.413989 0.001264 
26 10.697873 0.000000 -5.031768 94.607864 0.000034 32.257747 0.000879 
27 5.564621 0.000000 0.008188 95.791768 0.000917 28.622971 0.000466 
28 -9.835133 0.000000 10.088100 94.602792 -0.000005 32.517106 -0.000705 
29 -20.101635 0.000000 10.088100 94.576255 -0.000007 32.519941 -0.000221 
30 -9.835133 0.000000 20.168012 94.585178 -0.000002 32.508528 -0.000316 
31 -4.701881 0.000000 -5.031768 94.478920 -0.001882 32.544395 0.001460 
32 -9.835133 0.000000 -5.031768 94.547738 -0.000024 32.540738 0.000183 
33 -4.701881 0.000000 -10.071724 94.520624 -0.000012 32.507014 0.000915 
34 -4.701881 0.000000 0.008188 94.606218 0.000065 32.675932 -0.001805 
35 5.564621 0.000000 5.048144 95.060532 0.000601 31.263127 -0.001389 
36 0.431370 0.000000 5.048144 95.002658 0.011636 32.111583 -0.005666 
37 10.697873 0.000000 5.048144 95.745823 -0.000363 29.103651 -0.001429 
38 5.564621 0.000000 10.088100 94.690207 -0.000019 32.285027 -0.000856 
39 2.997996 0.000000 -2.511790 94.462463 0.001152 31.122401 0.010824 
40 0.431370 0.000000 -2.511790 93.611846 0.006385 31.631816 0.023625 
41 2.997996 0.000000 -5.031768 94.441059 0.004494 32.121886 0.004907 
42 5.564621 0.000000 -2.511790 94.713641 -0.011216 31.543229 0.003435 
43 2.997996 0.000000 0.008188 97.410780 0.000116 22.699867 -0.000414 
44 -4.701881 0.000000 5.048144 94.708978 0.003951 32.525118 -0.002767 
45 -9.835133 0.000000 5.048144 94.605355 -0.000011 32.536517 -0.000880 
46 -4.701881 0.000000 10.088100 94.640682 0.000012 32.491146 -0.001253 
47 -2.135256 0.000000 -2.511790 94.212795 0.000314 32.618163 0.006000 
48 -4.701881 0.000000 -2.511790 94.487722 0.000013 32.617106 0.000819 
49 -2.135256 0.000000 -5.031768 94.383649 0.000045 32.481081 0.003671 
50 -2.135256 0.000000 0.008188 94.679224 0.004369 33.212451 -0.006722 
51 2.997996 0.000000 2.528166 95.916658 0.000201 29.225651 -0.005414 
52 0.431370 0.000000 2.528166 96.105012 -0.003235 31.221637 -0.021096 
53 5.564621 0.000000 2.528166 96.713973 0.003349 26.327220 -0.004672 
54 2.997996 0.000000 5.048144 95.016742 0.012565 31.698851 -0.003300 
55 1.714683 0.000000 -1.251801 94.116955 -0.000805 28.443919 0.033294 
56 0.431370 0.000000 -1.251801 91.768292 0.012355 29.753410 0.069331 
57 1.714683 0.000000 -2.511790 94.090419 0.002408 31.116628 0.017875 
58 2.997996 0.000000 -1.251801 94.944390 0.002239 29.402379 0.012106 
59 1.714683 0.000000 0.008188 98.522731 0.083522 11.467405 0.016176 
60 -2.135256 0.000000 2.528166 95.105964 0.007064 32.563345 -0.010552 
61 -4.701881 0.000000 2.528166 94.716844 0.000129 32.603741 -0.003428 
62 -2.135256 0.000000 5.048144 94.852623 0.000301 32.427418 -0.004856 
63 -0.851943 0.000000 -1.251801 93.113665 0.003309 32.880710 0.024870 
64 -2.135256 0.000000 -1.251801 94.226078 0.000106 32.904120 0.003877 
65 -0.851943 0.000000 -2.511790 93.861214 -0.003879 32.352844 0.014337 
66 -0.851943 0.000000 0.008188 94.664082 0.002052 35.494958 -0.022118 
67 1.714683 0.000000 1.268177 97.292904 0.011100 25.887532 -0.013607 
68 0.431370 0.000000 1.268177 98.934552 0.006168 29.016510 -0.063000 
69 2.997996 0.000000 1.268177 97.670820 0.004360 23.470911 -0.009047 
70 1.714683 0.000000 2.528166 95.939230 -0.000198 30.136744 -0.011256 
71 1.073026 0.000000 -0.621806 92.851970 0.023746 23.043210 0.084752 
72 0.431370 0.000000 -0.621806 87.555856 0.027312 24.973947 0.171027 
73 1.073026 0.000000 -1.251801 93.029113 0.013875 28.463669 0.053540 
74 1.714683 0.000000 -0.621806 94.961852 0.004488 24.753407 0.036952 
75 1.073026 0.000000 0.008188 97.598563 0.052952 3.921493 0.045914 
76 -0.851943 0.000000 1.268177 96.500898 0.001809 32.825417 -0.038993 
77 -2.135256 0.000000 1.268177 95.124909 0.007874 32.879395 -0.012980 
78 -0.851943 0.000000 2.528166 95.604579 0.000582 32.225015 -0.017869 
79 -0.210286 0.000000 -0.621806 88.751283 0.031689 33.192077 0.102149 
80 -0.851943 0.000000 -0.621806 92.839296 0.011125 34.203285 0.021100 
81 -0.210286 0.000000 -1.251801 92.151604 0.005180 31.836855 0.049450 
82 -0.210286 0.000000 0.008188 92.699224 0.015549 45.005569 -0.061865 
83 1.073026 0.000000 0.638183 99.304944 0.005410 20.396464 -0.027749 
84 0.431370 0.000000 0.638183 104.523410 0.013077 23.568259 -0.148061 
85 1.714683 0.000000 0.638183 98.360158 0.003290 19.785838 -0.006620 
86 1.073026 0.000000 1.268177 97.865116 0.000287 26.977372 -0.030536 
87 0.752198 0.000000 -0.306809 90.057307 0.043905 14.545374 0.167811 
88 0.431370 0.000000 -0.306809 83.142080 0.078944 16.918734 0.280114 
89 0.752198 0.000000 -0.621806 90.452197 0.019690 22.958975 0.129129 
90 1.073026 0.000000 -0.306809 94.050965 0.015326 17.096750 0.086212 
91 0.752198 0.000000 0.008188 95.114629 0.055860 -1.495840 0.095097 
92 -0.210286 0.000000 0.638183 101.013128 0.012075 33.472261 -0.132404 
93 -0.851943 0.000000 0.638183 96.705617 -0.003634 34.321718 -0.052996 
94 -0.210286 0.000000 1.268177 98.037080 -0.006015 31.691127 -0.061560 
95 0.110542 0.000000 -0.306809 78.579960 0.042138 27.448370 0.307178 
96 -0.210286 0.000000 -0.306809 86.503201 0.000364 36.717808 0.116900 
97 0.110542 0.000000 -0.621806 87.177518 0.028807 29.423285 0.153435 
98 0.110542 0.000000 0.008188 20.070271 -7.030614 -5.188309 0.952084 
99 0.752198 0.000000 0.323185 101.582870 0.010052 11.594854 -0.045352 
100 0.431370 0.000000 0.323185 109.619972 0.056170 13.259115 -0.219235 
101 1.073026 0.000000 0.323185 99.110519 0.009702 13.775303 -0.001265 
102 0.752198 0.000000 0.638183 101.175640 0.020976 21.000922 -0.067755 
103 0.591784 0.000000 -0.149310 86.734181 0.091974 6.370928 0.243658 
104 0.431370 0.000000 -0.149310 79.976428 0.090630 8.430012 0.353270 
105 0.591784 0.000000 -0.306809 87.011391 0.058748 15.047056 0.220260 
106 0.752198 0.000000 -0.149310 91.582317 0.078979 7.303277 0.155934 
107 0.591784 0.000000 0.008188 70.437722 1.192357 -12.728356 0.487509 
108 0.110542 0.000000 0.323185 114.898998 0.045723 29.490660 -0.407148 
109 -0.210286 0.000000 0.323185 102.831228 0.021050 38.678215 -0.207027 
110 0.110542 0.000000 0.638183 104.735497 0.010606 29.503027 -0.183995 
111 0.270956 0.000000 -0.149310 74.008305 0.072790 14.030040 0.432592 
112 0.110542 0.000000 -0.149310 69.463289 0.080780 22.998676 0.464591 
113 0.270956 0.000000 -0.306809 79.663126 0.052967 21.105870 0.320833 
114 0.270956 0.000000 0.008188 75.732318 0.107381 0.505576 0.426435 
115 0.591784 0.000000 0.165687 102.600296 0.046905 1.038454 -0.052790 
116 0.431370 0.000000 0.165687 112.683334 0.104494 -0.703775 -0.269804 
117 0.752198 0.000000 0.165687 99.233227 0.021031 5.197974 0.012575 
118 0.591784 0.000000 0.323185 104.515864 0.052581 11.559279 -0.105719 
119 0.511577 0.000000 -0.070561 81.833895 0.188354 0.008785 0.330318 
120 0.431370 0.000000 -0.070561 78.013640 0.174104 2.446574 0.390786 
121 0.511577 0.000000 -0.149310 83.152820 0.117192 6.558075 0.304259 
122 0.591784 0.000000 -0.070561 86.794746 0.137911 -0.365911 0.246652 
123 0.511577 0.000000 0.008188 89.323065 1.098602 -13.962901 0.182522 
124 15.831124 0.000000 -5.031768 94.606982 0.000006 32.338442 0.000374 
125 15.831124 0.000000 -10.071724 94.573709 0.000005 32.434557 0.000381 
126 20.964375 0.000000 -5.031768 94.599724 -0.000004 32.386956 0.000198 
127 15.831124 0.000000 0.008188 94.765522 0.000036 31.900011 0.000189 
128 8.131247 0.000000 -2.511790 94.719322 0.000055 31.839203 0.001452 
129 8.131247 0.000000 -5.031768 94.594956 -0.002727 32.198373 0.001506 
130 10.697873 0.000000 -2.511790 94.694813 0.000064 32.018316 0.000772 
131 8.131247 0.000000 0.008188 95.237980 0.002685 30.418156 0.000446 
132 4.281308 0.000000 -1.251801 95.048647 0.001697 30.211821 0.005300 
133 4.281308 0.000000 -2.511790 94.658671 0.000587 31.342834 0.005736 
134 5.564621 0.000000 -1.251801 95.003234 0.000663 30.758763 0.002828 
135 4.281308 0.000000 0.008188 96.343793 0.000223 26.751668 0.000222 
136 2.356339 0.000000 -0.621806 95.541182 0.000837 26.272307 0.018165 
137 2.356339 0.000000 -1.251801 94.684522 0.002601 28.879058 0.020084 
138 2.997996 0.000000 -0.621806 95.647796 0.001925 27.456062 0.009766 
139 2.356339 0.000000 0.008188 98.039400 0.020412 18.253608 0.005508 
140 1.393855 0.000000 -0.306809 95.442326 0.018585 19.197227 0.052223 
141 1.393855 0.000000 -0.621806 94.150009 0.009787 23.754576 0.057150 
142 1.714683 0.000000 -0.306809 96.100107 0.007012 21.204052 0.031516 
143 1.393855 0.000000 0.008188 98.503389 0.055217 6.325934 0.025706 
144 0.912612 0.000000 -0.149310 94.090902 0.065017 9.478702 0.105705 
145 0.912612 0.000000 -0.306809 92.588681 0.038157 15.789585 0.117802 
146 1.073026 0.000000 -0.149310 95.521445 0.038094 11.984012 0.073204 
147 0.912612 0.000000 0.008188 96.640372 0.060454 1.342356 0.065883 
148 0.671991 0.000000 -0.070561 90.871450 0.094969 0.853831 0.174164 
149 0.671991 0.000000 -0.149310 89.595382 0.079675 6.688194 0.192793 
150 0.752198 0.000000 -0.070561 93.077137 0.129105 2.153147 0.133199 
151 0.671991 0.000000 0.008188 93.618759 0.058760 -3.021417 0.122640 
152 0.270956 0.000000 0.165687 126.029668 0.091644 7.520221 -0.594004 
153 0.110542 0.000000 0.165687 130.688268 0.113861 30.983912 -0.803944 
154 0.270956 0.000000 0.323185 114.710779 0.080234 19.603586 -0.354287 
155 0.511577 0.000000 0.086937 104.849247 0.011182 -11.121073 -0.111704 
156 0.431370 0.000000 0.086937 117.438955 0.178538 -25.346788 -0.443440 
157 0.591784 0.000000 0.086937 98.897697 0.028394 -5.809674 0.018549 
158 0.511577 0.000000 0.165687 106.725014 0.069647 -0.374443 -0.139037 
159 0.551681 0.000000 -0.031187 83.295180 0.199793 -5.275190 0.303405 
160 0.511577 0.000000 -0.031187 80.358782 0.212575 -4.675254 0.352056 
161 0.551681 0.000000 -0.070561 84.184857 0.165743 -0.559202 0.291257 
162 0.591784 0.000000 -0.031187 86.944080 0.136397 -4.974547 0.241596 
163 0.551681 0.000000 0.008188 83.424478 1.958742 -18.444225 0.269633 
164 15.831124 0.000000 5.048144 100.653560 -0.034396 14.808726 -0.035044 
165 20.964375 0.000000 5.048144 95.625483 0.000525 29.428693 -0.001028 
166 15.831124 0.000000 10.088100 94.796452 -0.000302 31.862551 -0.000159 
167 8.131247 0.000000 2.528166 99.792967 -0.025636 17.296786 -0.025782 
168 10.697873 0.000000 2.528166 97.243215 -0.002344 24.704685 -0.006656 
169 8.131247 0.000000 5.048144 95.263057 0.000239 30.550291 -0.000837 
170 4.281308 0.000000 1.268177 99.420696 -0.019218 18.279537 -0.021862 
171 5.564621 0.000000 1.268177 101.739904 0.033619 11.538321 -0.048414 
172 4.281308 0.000000 2.528166 96.151444 0.001030 28.107869 -0.003515 
173 2.356339 0.000000 0.638183 98.996804 -0.011437 17.872872 -0.011981 
174 2.997996 0.000000 0.638183 100.550820 -0.033139 14.316655 -0.031544 
175 2.356339 0.000000 1.268177 97.289278 0.006283 24.866165 -0.008353 
176 1.393855 0.000000 0.323185 98.921014 -0.008271 13.870153 0.002225 
177 1.714683 0.000000 0.323185 99.178589 -0.019083 13.448336 -0.001725 
178 1.393855 0.000000 0.638183 98.573448 0.012320 20.145373 -0.012256 
179 0.912612 0.000000 0.165687 98.685257 0.015138 7.107473 0.021070 
180 1.073026 0.000000 0.165687 98.604449 -0.007227 8.738921 0.020079 
181 0.912612 0.000000 0.323185 99.894792 0.015571 12.848836 -0.014406 
182 0.671991 0.000000 0.086937 97.404814 0.027771 -1.097250 0.051110 
183 0.752198 0.000000 0.086937 97.312701 -0.007117 1.191857 0.052882 
184 0.671991 0.000000 0.165687 100.253764 0.034541 3.457917 -0.006278 
185 0.631888 0.000000 -0.031187 90.173313 0.100442 -3.229239 0.185834 
186 0.631888 0.000000 -0.070561 89.132017 0.100642 0.213703 0.205543 
187 0.671991 0.000000 -0.031187 92.016809 0.079994 -1.960451 0.152906 
188 0.631888 0.000000 0.008188 92.232113 0.065617 -5.060768 0.146762 
189 0.551681 0.000000 0.047563 98.191551 -0.038207 -14.761408 0.014052 
190 0.511577 0.000000 0.047563 105.615179 0.733197 -29.414894 -0.202034 
191 0.591784 0.000000 0.047563 95.255820 0.000417 -9.486372 0.083634 
192 0.551681 0.000000 0.086937 101.234599 0.023943 -8.494273 -0.032060 
193 0.571732 0.000000 -0.011499 74.087413 1.530450 -13.308256 0.433160 
194 0.551681 0.000000 -0.011499 78.198827 1.838005 -12.011997 0.373728 
195 0.571732 0.000000 -0.031187 84.944699 0.172300 -5.223409 0.275708 
196 0.591784 0.000000 -0.011499 87.248190 0.108122 -7.077685 0.233765 
197 0.571732 0.000000 0.008188 72.686522 1.393263 -13.504611 0.453235 
198 0.351163 0.000000 -0.070561 74.387483 0.154973 4.817038 0.444327 
199 0.270956 0.000000 -0.070561 69.928546 0.057381 8.913835 0.503054 
200 0.351163 0.000000 -0.149310 76.876419 0.126385 10.570132 0.397827 
201 0.351163 0.000000 0.008188 83.807126 0.174910 -3.158201 0.296636 
202 0.471473 0.000000 -0.031187 77.840934 0.685856 -1.123765 0.393906 
203 0.431370 0.000000 -0.031187 76.280795 0.403926 -0.104606 0.418107 
204 0.471473 0.000000 -0.070561 79.795489 0.168390 1.002331 0.363165 
205 0.471473 0.000000 0.008188 87.149958 0.594977 -8.955872 0.232432 
206 0.531629 0.000000 -0.011499 81.737653 1.712434 -7.860019 0.325424 
207 0.511577 0.000000 -0.011499 82.087806 1.110042 -5.336844 0.323188 
208 0.531629 0.000000 -0.031187 81.751965 0.211717 -5.139094 0.329016 
209 0.531629 0.000000 0.008188 88.597984 1.551876 -17.393888 0.184544 
210 0.631888 0.000000 0.047563 95.168324 0.007513 -5.069699 0.091729 
211 0.671991 0.000000 0.047563 95.533189 0.009534 -3.204861 0.086314 
212 0.631888 0.000000 0.086937 97.813815 0.030341 -3.054264 0.042313 
213 0.571732 0.000000 0.027875 92.941631 0.001615 -15.360947 0.112589 
214 0.551681 0.000000 0.027875 87.137314 1.726108 -27.035825 0.167317 
215 0.591784 0.000000 0.027875 92.467133 0.028860 -10.936439 0.133022 
216 0.571732 0.000000 0.047563 96.196870 -0.013486 -12.394615 0.059254 
217 0.561706 0.000000 -0.001656 75.237624 1.562761 -12.914436 0.417008 
218 0.551681 0.000000 -0.001656 79.099893 2.040262 -11.052792 0.361688 
219 0.561706 0.000000 -0.011499 74.979496 1.663104 -11.211469 0.424961 
220 0.571732 0.000000 -0.001656 72.392571 1.371356 -12.964872 0.458935 
221 0.561706 0.000000 0.008188 76.954227 1.657615 -14.646251 0.386079 
222 -14.968384 0.000000 -5.031768 94.561337 -0.000016 32.529407 -0.000001 
223 -20.101635 0.000000 -5.031768 94.564841 -0.000011 32.523641 -0.000030 
224 -14.968384 0.000000 -10.071724 94.556831 -0.000013 32.523014 0.000126 
225 -14.968384 0.000000 0.008188 94.571796 -0.000016 32.532420 -0.000218 
226 -7.268507 0.000000 -2.511790 94.544741 0.000098 32.572607 0.000032 
227 -9.835133 0.000000 -2.511790 94.559366 -0.000026 32.551060 -0.000105 
228 -7.268507 0.000000 -5.031768 94.527015 -0.000027 32.548057 0.000527 
229 -7.268507 0.000000 0.008188 94.586217 0.000999 32.585419 -0.000836 
230 -3.418569 0.000000 -1.251801 94.466966 0.000088 32.747254 0.000361 
231 -4.701881 0.000000 -1.251801 94.532493 0.000032 32.659120 -0.000301 
232 -3.418569 0.000000 -2.511790 94.402865 0.000049 32.643253 0.002252 
233 -3.418569 0.000000 0.008188 94.629593 0.000161 32.801487 -0.003070 
234 -1.493599 0.000000 -0.621806 94.107532 0.000622 33.344883 0.003189 
235 -2.135256 0.000000 -0.621806 94.386707 0.003981 33.089902 -0.000379 
236 -1.493599 0.000000 -1.251801 93.879795 -0.004734 32.981300 0.009882 
237 -1.493599 0.000000 0.008188 94.708552 0.001396 33.584990 -0.009766 
238 -0.531115 0.000000 -0.306809 91.830619 0.010769 36.142656 0.026085 
239 -0.851943 0.000000 -0.306809 93.431120 0.008851 35.026619 0.004376 
240 -0.531115 0.000000 -0.621806 91.428629 0.011465 34.223408 0.046956 
241 -0.531115 0.000000 0.008188 94.472940 0.008134 37.267443 -0.031400 
242 -0.049872 0.000000 -0.149310 75.798046 0.082834 39.139264 0.272277 
243 -0.210286 0.000000 -0.149310 87.031029 0.024173 40.744016 0.076552 
244 -0.049872 0.000000 -0.306809 81.493154 0.036093 34.012442 0.220202 
245 -0.049872 0.000000 0.008188 84.018633 0.108487 69.448873 -0.188229 
246 0.190749 0.000000 -0.070561 69.150551 -0.073682 17.641884 0.490696 
247 0.110542 0.000000 -0.070561 61.407032 -0.081267 7.634146 0.617089 
248 0.190749 0.000000 -0.149310 71.837145 0.080685 18.084859 0.451236 
249 0.190749 0.000000 0.008188 76.641149 -0.381973 3.265226 0.411533 
250 0.351163 0.000000 0.086937 127.544842 0.113255 -18.809927 -0.662151 
251 0.270956 0.000000 0.086937 135.418421 0.189410 -11.532250 -0.847118 
252 0.351163 0.000000 0.165687 119.430540 0.134096 1.666446 -0.426645 
253 0.311059 0.000000 -0.031187 71.208572 0.141319 1.858403 0.492587 
254 0.270956 0.000000 -0.031187 67.582169 0.087309 2.115997 0.542817 
255 0.311059 0.000000 -0.070561 72.297608 0.079067 6.751103 0.472747 
256 0.351163 0.000000 -0.031187 72.703545 0.184563 1.381578 0.471225 
257 0.311059 0.000000 0.008188 82.926899 0.131237 -1.667484 0.312033 
258 -14.968384 0.000000 5.048144 94.581555 -0.000012 32.527932 -0.000374 
259 -20.101635 0.000000 5.048144 94.573925 -0.000009 32.522972 -0.000197 
260 -14.968384 0.000000 10.088100 94.584447 -0.000008 32.520676 -0.000381 
261 -7.268507 0.000000 2.528166 94.625600 0.002303 32.567423 -0.001464 
262 -9.835133 0.000000 2.528166 94.595861 -0.000017 32.548660 -0.000779 
263 -7.268507 0.000000 5.048144 94.637613 0.000002 32.539711 -0.001511 
264 -3.418569 0.000000 1.268177 94.788079 0.000244 32.733849 -0.005628 
265 -4.701881 0.000000 1.268177 94.677898 0.000104 32.651898 -0.003005 
266 -3.418569 0.000000 2.528166 94.839238 0.000270 32.618477 -0.005845 
267 -1.493599 0.000000 0.638183 95.326821 0.002082 33.344733 -0.019907 
268 -2.135256 0.000000 0.638183 94.971020 0.004405 33.070100 -0.011313 
269 -1.493599 0.000000 1.268177 95.574996 0.002700 32.964287 -0.022122 
270 -0.531115 0.000000 0.323185 97.349427 0.006002 36.251401 -0.079108 
271 -0.851943 0.000000 0.323185 95.975918 -0.004499 35.150704 -0.044695 
272 -0.531115 0.000000 0.638183 98.254560 -0.006212 34.462729 -0.084164 
273 -0.049872 0.000000 0.165687 111.339519 0.069220 46.873218 -0.459359 
274 -0.210286 0.000000 0.165687 100.184735 -0.000446 42.776245 -0.186679 
275 -0.049872 0.000000 0.323185 108.663891 -0.004901 36.842172 -0.316519 
276 0.190749 0.000000 0.086937 144.865354 0.449583 3.166799 -1.099620 
277 0.110542 0.000000 0.086937 151.821619 0.644971 23.605276 -1.360743 
278 0.190749 0.000000 0.165687 131.086340 0.116625 17.560764 -0.749202 
279 0.230852 0.000000 -0.031187 66.640162 0.072733 2.183554 0.555432 
280 0.190749 0.000000 -0.031187 48.684553 -0.306337 43.771716 0.571376 
281 0.230852 0.000000 -0.070561 67.610310 -0.002868 12.717110 0.526712 
282 0.230852 0.000000 0.008188 68.621271 -0.105734 1.434011 0.528905 
283 0.030335 0.000000 -0.070561 53.964968 0.071937 29.780997 0.620087 
284 -0.049872 0.000000 -0.070561 71.226519 0.089625 48.245779 0.259912 
285 0.030335 0.000000 -0.149310 69.726145 0.080817 31.726232 0.413170 
286 0.030335 0.000000 0.008188 76.258165 0.981198 53.905008 0.127798 
287 0.150645 0.000000 -0.031187 75.770714 -0.303822 3.138486 0.424886 
288 0.110542 0.000000 -0.031187 39.020505 -0.391180 -30.709084 0.753420 
289 0.150645 0.000000 -0.070561 79.918865 -0.299823 2.266674 0.360775 
290 0.150645 0.000000 0.008188 16.362541 -6.732466 0.084823 0.968693 
291 0.230852 0.000000 0.047563 135.593914 0.329126 -2.458806 -0.839186 
292 0.190749 0.000000 0.047563 144.958303 0.454028 3.335099 -1.102424 
293 0.270956 0.000000 0.047563 122.614002 0.176257 -9.243618 -0.511967 
294 0.230852 0.000000 0.086937 141.377449 0.328529 -3.093458 -0.999726 
295 0.210801 0.000000 -0.011499 37.781140 -0.410601 13.247610 0.839692 
296 0.190749 0.000000 -0.011499 24.301866 -0.375949 30.547378 0.847614 
297 0.210801 0.000000 -0.031187 66.653729 0.074016 2.183990 0.555251 
298 0.230852 0.000000 -0.011499 62.475197 -0.140985 2.289955 0.609159 
299 0.210801 0.000000 0.008188 57.721787 -0.465215 2.538537 0.666153 
300 0.030335 0.000000 0.086937 134.889680 0.135486 56.205141 -1.135426 
301 -0.049872 0.000000 0.086937 108.271430 0.091955 58.753072 -0.517463 
302 0.030335 0.000000 0.165687 122.588594 0.095624 42.819622 -0.686149 
303 0.070438 0.000000 -0.031187 45.537831 0.013369 2.237246 0.792130 
304 0.030335 0.000000 -0.031187 34.142998 0.725610 -1.282584 0.883208 
305 0.070438 0.000000 -0.070561 55.121814 0.006765 17.711205 0.664790 
306 0.070438 0.000000 0.008188 45.134592 -0.137361 2.476751 0.795672 
307 0.070438 0.000000 0.047563 154.369070 0.768144 50.292000 -1.635969 
308 0.030335 0.000000 0.047563 150.767059 0.875179 75.865628 -1.848707 
309 0.110542 0.000000 0.047563 153.232339 0.706758 33.081932 -1.457506 
310 0.070438 0.000000 0.086937 154.653106 0.790012 43.036446 -1.577034 
311 0.090490 0.000000 -0.011499 44.914340 -0.499318 3.126626 0.797268 
312 0.070438 0.000000 -0.011499 44.485421 0.038214 1.900824 0.801743 
313 0.090490 0.000000 -0.031187 44.621949 -0.328985 2.781236 0.800104 
314 0.110542 0.000000 -0.011499 21.035815 -0.412321 -24.044748 0.897917 
315 0.090490 0.000000 0.008188 44.586091 -0.342388 2.802534 0.800411 
316 -0.370701 0.000000 -0.149310 91.168647 0.003636 38.718137 0.018918 
317 -0.531115 0.000000 -0.149310 92.938516 0.012282 36.859292 0.000382 
318 -0.370701 0.000000 -0.306809 90.199852 0.015809 36.433512 0.053659 
319 -0.370701 0.000000 0.008188 93.967700 0.019404 40.229475 -0.044834 
320 -0.130079 0.000000 -0.070561 84.110950 -0.006149 46.487322 0.076428 
321 -0.210286 0.000000 -0.070561 89.033644 0.021038 43.251996 0.020227 
322 -0.130079 0.000000 -0.149310 82.775849 0.008068 41.118161 0.145746 
323 -0.130079 0.000000 0.008188 90.678223 0.079191 51.405567 -0.086508 
324 -0.009769 0.000000 -0.031187 45.515930 0.125227 55.183677 0.488305 
325 -0.049872 0.000000 -0.031187 71.867046 0.100183 58.538735 0.140833 
326 -0.009769 0.000000 -0.070561 60.301779 0.093250 42.650113 0.454465 
327 -0.009769 0.000000 0.008188 30.008986 1.441567 88.738099 0.122293 
328 -0.370701 0.000000 0.165687 97.264075 0.013325 39.642402 -0.103182 
329 -0.531115 0.000000 0.165687 96.128549 0.010617 37.126440 -0.061907 
330 -0.370701 0.000000 0.323185 99.213741 0.018166 37.597825 -0.125696 
331 -0.130079 0.000000 0.086937 99.301392 0.017793 50.011614 -0.236193 
332 -0.210286 0.000000 0.086937 96.994963 0.000408 44.746301 -0.141025 
333 -0.130079 0.000000 0.165687 103.858106 0.021471 45.243036 -0.283344 
334 -0.009769 0.000000 0.047563 117.459556 0.141355 79.385787 -1.009887 
335 -0.049872 0.000000 0.047563 100.437984 0.104932 66.859491 -0.455799 
336 -0.009769 0.000000 0.086937 119.776091 0.114586 61.483315 -0.812652 
337 0.010283 0.000000 -0.011499 11.370901 1.312887 36.281964 0.855260 
338 -0.009769 0.000000 -0.011499 -1.344768 1.486881 57.607437 0.667736 
339 0.010283 0.000000 -0.031187 8.383671 1.158545 7.711278 0.986891 
340 0.030335 0.000000 -0.011499 28.644997 0.822300 0.726927 0.917826 
341 0.010283 0.000000 0.008188 62.152997 1.302400 97.088676 -0.329090 
342 -0.089976 0.000000 -0.031187 82.083247 0.083771 53.339295 0.041725 
343 -0.130079 0.000000 -0.031187 86.642633 0.079058 49.480989 0.004468 
344 -0.089976 0.000000 -0.070561 79.281185 0.081171 48.064806 0.140426 
345 -0.089976 0.000000 0.008188 88.533452 0.083847 57.282487 -0.111946 
346 -0.029821 0.000000 -0.011499 65.025929 0.123989 72.555645 0.050729 
347 -0.049872 0.000000 -0.011499 76.096703 0.105393 64.985487 -0.001383 
348 -0.029821 0.000000 -0.031187 61.521578 0.109026 60.000479 0.261503 
349 -0.029821 0.000000 0.008188 79.567762 0.133609 82.519884 -0.314058 
350 0.010283 0.000000 0.027875 124.159277 1.120118 113.814135 -1.837044 
351 -0.009769 0.000000 0.027875 83.850530 1.344649 136.612705 -1.569575 
352 0.030335 0.000000 0.027875 146.841957 0.929410 86.299851 -1.901109 
353 0.010283 0.000000 0.047563 134.675708 0.196605 78.345682 -1.427563 
354 0.000257 0.000000 -0.001656 8.514407 1.526938 80.333716 0.347167 
355 -0.009769 0.000000 -0.001656 25.682608 1.447213 84.265207 0.223768 
356 0.000257 0.000000 -0.011499 9.129693 1.381257 47.975263 0.761311 
357 0.010283 0.000000 -0.001656 22.268100 1.338300 52.295635 0.676751 
358 0.000257 0.000000 0.008188 55.214430 1.410261 119.538199 -0.734000 
359 0.050386 0.000000 0.027875 152.870211 0.834066 63.506759 -1.740311 
360 0.050386 0.000000 0.008188 43.374258 0.426381 0.713548 0.811798 
361 0.070438 0.000000 0.027875 154.171168 0.806481 53.522239 -1.663403 
362 0.050386 0.000000 0.047563 153.176648 0.828327 61.977917 -1.730503 
363 0.311059 0.000000 0.047563 117.119401 0.124431 -11.657733 -0.385287 
364 0.351163 0.000000 0.047563 120.792972 0.132903 -16.648879 -0.486815 
365 0.311059 0.000000 0.086937 131.322637 0.124129 -15.851736 -0.749693 
366 0.471473 0.000000 0.047563 113.047772 0.290455 -27.206489 -0.352008 
367 0.431370 0.000000 0.047563 113.690503 0.213943 -23.367943 -0.347164 
368 0.471473 0.000000 0.086937 108.922671 0.010650 -12.112977 -0.201087 
369 0.531629 0.000000 0.027875 99.776033 1.315114 -29.329818 -0.081722 
370 0.511577 0.000000 0.027875 102.729649 0.801969 -26.023989 -0.123127 
371 0.531629 0.000000 0.047563 100.803269 -0.067556 -16.930786 -0.044796 
372 -4.701881 0.000000 -15.111679 94.542203 -0.000008 32.505412 0.000517 
373 -9.835133 0.000000 -15.111679 94.550269 -0.000010 32.515099 0.000302 
374 -4.701881 0.000000 -20.151635 94.551932 -0.000005 32.507322 0.000321 
375 0.431370 0.000000 -15.111679 94.539316 -0.000001 32.488192 0.000684 
376 -2.135256 0.000000 -7.551746 94.470029 -0.003031 32.476013 0.002072 
377 -4.701881 0.000000 -7.551746 94.501194 -0.000014 32.515964 0.001224 
378 -2.135256 0.000000 -10.071724 94.508387 -0.000003 32.485091 0.001288 
379 0.431370 0.000000 -7.551746 94.459569 -0.004276 32.407794 0.002712 
380 -0.851943 0.000000 -3.771779 94.186226 -0.000977 32.358676 0.008187 
381 -2.135256 0.000000 -3.771779 94.305458 0.000090 32.514006 0.004932 
382 -0.851943 0.000000 -5.031768 94.337562 0.000092 32.394644 0.005101 
383 0.431370 0.000000 -3.771779 94.154903 -0.008622 32.098234 0.010456 
384 -0.210286 0.000000 -1.881795 93.185915 -0.004417 31.907148 0.029832 
385 -0.851943 0.000000 -1.881795 93.531011 0.000902 32.481577 0.019690 
386 -0.210286 0.000000 -2.511790 93.706538 0.002829 32.045913 0.019214 
387 0.431370 0.000000 -1.881795 93.132859 -0.004301 31.079858 0.036031 
388 0.110542 0.000000 -0.936804 89.910976 0.019591 30.334175 0.099585 
389 -0.210286 0.000000 -0.936804 90.701608 0.030130 32.175393 0.073796 
390 0.110542 0.000000 -1.251801 91.663498 0.011123 30.864990 0.064516 
391 0.431370 0.000000 -0.936804 90.258492 0.017448 28.236265 0.105612 
392 0.270956 0.000000 -0.464308 83.993630 0.032542 25.034518 0.231834 
393 0.110542 0.000000 -0.464308 83.631546 0.019448 28.790673 0.217686 
394 0.270956 0.000000 -0.621806 86.662783 0.052123 26.992243 0.176098 
395 0.431370 0.000000 -0.464308 85.579656 0.037689 22.047831 0.219001 
396 0.190749 0.000000 -0.228060 75.672386 0.082548 21.813338 0.379786 
397 0.110542 0.000000 -0.228060 75.015049 0.078006 26.291246 0.368151 
398 0.190749 0.000000 -0.306809 78.310352 0.057580 23.788745 0.330158 
399 0.270956 0.000000 -0.228060 76.997781 0.094712 17.876894 0.375175 
400 0.150645 0.000000 -0.109936 69.158558 0.036383 16.688624 0.493858 
401 0.110542 0.000000 -0.109936 65.993777 0.045236 18.658899 0.529666 
402 0.150645 0.000000 -0.149310 70.727589 0.076807 20.149976 0.459158 
403 0.190749 0.000000 -0.109936 70.250172 0.046289 16.060809 0.480696 
404 0.130593 0.000000 -0.050874 69.530296 -0.324252 -15.586365 0.492250 
405 0.110542 0.000000 -0.050874 52.924679 -0.367138 -27.800518 0.642597 
406 0.130593 0.000000 -0.070561 65.903872 -0.333704 -21.016361 0.521488 
407 0.150645 0.000000 -0.050874 76.875692 -0.302935 3.235742 0.407957 
408 0.130593 0.000000 -0.031187 61.354452 -0.344732 -20.283008 0.582411 
409 -0.049872 0.000000 -0.464308 85.289994 0.002578 32.288088 0.168310 
410 -0.210286 0.000000 -0.464308 88.086547 0.025414 34.117804 0.107673 
411 -0.049872 0.000000 -0.621806 87.883647 0.033097 31.531010 0.128226 
412 0.030335 0.000000 -0.228060 76.217623 0.076984 31.447574 0.320192 
413 -0.049872 0.000000 -0.228060 79.592759 0.013019 35.599747 0.239765 
414 0.030335 0.000000 -0.306809 79.739275 0.026023 31.011240 0.267995 
415 0.070438 0.000000 -0.109936 63.511465 0.067670 24.120008 0.538451 
416 0.030335 0.000000 -0.109936 63.898010 0.079200 31.411265 0.493037 
417 0.070438 0.000000 -0.149310 68.836218 0.076563 26.987732 0.453323 
418 0.090490 0.000000 -0.050874 50.586102 -0.170348 5.215998 0.741381 
419 0.070438 0.000000 -0.050874 49.255710 -0.065134 12.653163 0.741377 
420 0.090490 0.000000 -0.070561 57.307585 -0.043992 12.330557 0.656380 
421 0.150645 0.000000 0.047563 149.187050 0.601044 15.316984 -1.249175 
422 0.150645 0.000000 0.086937 149.022357 0.593015 14.797607 -1.242698 
423 0.130593 0.000000 -0.011499 65.903872 -0.333704 -21.016361 0.521488 
424 0.150645 0.000000 -0.011499 79.918865 -0.299823 2.266674 0.360775 
425 0.130593 0.000000 0.008188 17.266601 -6.735228 -3.591839 0.964360 
426 0.120568 0.000000 -0.041030 53.879415 -0.367678 -27.220137 0.635594 
427 0.110542 0.000000 -0.041030 46.421157 -0.378780 -29.307869 0.698598 
428 0.120568 0.000000 -0.050874 58.629154 -0.353800 -22.377905 0.606173 
429 0.130593 0.000000 -0.041030 62.618459 -0.342018 -20.094781 0.567501 
430 0.120568 0.000000 -0.031187 50.557363 -0.369219 -25.630267 0.678691 
431 0.170697 0.000000 -0.050874 75.769702 -0.288581 22.782102 0.373984 
432 0.170697 0.000000 -0.070561 74.506659 -0.285221 28.397913 0.364223 
433 0.190749 0.000000 -0.050874 63.230384 -0.284095 38.074614 0.455216 
434 0.170697 0.000000 -0.031187 67.053946 -0.286607 30.961706 0.454506 
435 2.035511 0.000000 0.323185 99.673391 -0.024547 12.316123 -0.008647 
436 2.035511 0.000000 0.008188 98.294197 0.042409 15.198785 0.010725 
437 2.356339 0.000000 0.323185 100.210849 -0.017166 11.624713 -0.017735 
438 2.035511 0.000000 0.638183 98.548214 -0.000606 18.992426 -0.007246 
439 5.564621 0.000000 -15.111679 94.546529 0.000004 32.473275 0.000644 
440 5.564621 0.000000 -20.151635 94.553795 0.000000 32.492948 0.000379 
441 10.697873 0.000000 -15.111679 94.557091 0.000005 32.468822 0.000473 
442 15.831124 0.000000 -15.111679 94.564561 0.000003 32.471508 0.000314 
443 15.831124 0.000000 -20.151635 94.562417 0.000001 32.488953 0.000242 
444 20.964375 0.000000 -15.111679 94.568543 0.000001 32.476426 0.000207 
445 -14.968384 0.000000 -15.111679 94.556895 -0.000009 32.518182 0.000156 
446 -20.101635 0.000000 -15.111679 94.560912 -0.000007 32.518498 0.000078 
447 -14.968384 0.000000 -20.151635 94.558439 -0.000006 32.515553 0.000144 
448 2.997996 0.000000 -7.551746 94.488469 -0.004497 32.349672 0.002543 
449 2.997996 0.000000 -10.071724 94.516272 0.000018 32.428049 0.001510 
450 5.564621 0.000000 -7.551746 94.529626 0.003579 32.332636 0.001875 
451 8.131247 0.000000 -7.551746 94.559069 0.000033 32.343468 0.001248 
452 8.131247 0.000000 -10.071724 94.550589 0.000018 32.412407 0.000962 
453 10.697873 0.000000 -7.551746 94.574882 0.000021 32.362816 0.000824 
454 -7.268507 0.000000 -7.551746 94.527733 -0.000021 32.528765 0.000639 
455 -9.835133 0.000000 -7.551746 94.543970 -0.000020 32.530287 0.000322 
456 -7.268507 0.000000 -10.071724 94.534174 -0.000016 32.518356 0.000585 
457 1.714683 0.000000 -3.771779 94.265521 -0.018004 31.884398 0.009740 
458 1.714683 0.000000 -5.031768 94.372186 0.004064 32.175340 0.005864 
459 2.997996 0.000000 -3.771779 94.419699 -0.020995 31.818880 0.007248 
460 4.281308 0.000000 -3.771779 94.533056 -0.013443 31.854034 0.004882 
461 4.281308 0.000000 -5.031768 94.503974 0.000095 32.116315 0.003754 
462 5.564621 0.000000 -3.771779 94.596012 -0.000191 31.925899 0.003233 
463 -3.418569 0.000000 -3.771779 94.409174 0.000028 32.567404 0.002627 
464 -4.701881 0.000000 -3.771779 94.474253 0.000005 32.575345 0.001346 
465 -3.418569 0.000000 -5.031768 94.436429 0.000014 32.527088 0.002375 
466 1.073026 0.000000 -1.881795 93.512166 -0.003206 30.431201 0.032942 
467 1.073026 0.000000 -2.511790 93.850332 0.003018 31.300511 0.021239 
468 1.714683 0.000000 -1.881795 93.996548 0.002079 30.197562 0.025276 
469 2.356339 0.000000 -1.881795 94.392702 0.002648 30.292161 0.017240 
470 2.356339 0.000000 -2.511790 94.311710 0.007381 31.081286 0.013926 
471 2.997996 0.000000 -1.881795 94.617604 0.006087 30.482566 0.011832 
472 -1.493599 0.000000 -1.881795 93.937111 -0.002002 32.682739 0.010766 
473 -2.135256 0.000000 -1.881795 94.169499 0.003369 32.758009 0.005902 
474 -1.493599 0.000000 -2.511790 94.026664 0.003261 32.559448 0.009887 
475 0.752198 0.000000 -0.936804 91.306617 0.048015 26.780405 0.094591 
476 0.752198 0.000000 -1.251801 92.369489 0.017534 28.918327 0.063161 
477 1.073026 0.000000 -0.936804 92.663771 0.005960 26.393016 0.071683 
478 1.393855 0.000000 -0.936804 93.765623 0.012687 26.619715 0.049940 
479 1.393855 0.000000 -1.251801 93.602848 0.004761 28.315216 0.043676 
480 1.714683 0.000000 -0.936804 94.375014 0.004241 26.940889 0.036755 
481 -0.531115 0.000000 -0.936804 91.794132 0.017642 33.196586 0.047182 
482 -0.851943 0.000000 -0.936804 93.012396 0.008910 33.253894 0.024287 
483 -0.531115 0.000000 -1.251801 92.624670 0.011112 32.515208 0.036343 
484 0.591784 0.000000 -0.464308 87.519232 0.003150 19.940048 0.194278 
485 0.591784 0.000000 -0.621806 88.924802 0.033923 23.591150 0.153584 
486 0.752198 0.000000 -0.464308 90.086102 0.022625 19.630032 0.149916 
487 0.912612 0.000000 -0.464308 91.982587 0.030452 19.998415 0.113927 
488 0.912612 0.000000 -0.621806 91.886516 0.012292 22.930794 0.103105 
489 1.073026 0.000000 -0.464308 93.259622 0.006096 20.569275 0.087955 
490 0.351163 0.000000 -0.228060 79.019035 0.072524 15.044018 0.352966 
491 0.351163 0.000000 -0.306809 81.073452 0.073904 18.641661 0.307958 
492 0.431370 0.000000 -0.228060 81.679847 0.093452 13.212657 0.315382 
493 2.035511 0.000000 -0.306809 96.304850 0.001010 22.527942 0.021787 
494 2.035511 0.000000 -0.621806 95.348362 0.000974 25.564262 0.025516 
495 2.356339 0.000000 -0.306809 96.387611 0.000274 23.813027 0.014237 
496 0.391266 0.000000 -0.031187 73.977531 0.221891 0.974466 0.452633 
497 0.391266 0.000000 -0.070561 76.333953 0.150920 3.735935 0.415915 
498 0.391266 0.000000 0.008188 85.310492 0.273465 -4.500273 0.270179 
499 -0.370701 0.000000 -0.464308 90.126051 0.026259 34.878642 0.066077 
500 -0.531115 0.000000 -0.464308 91.414399 0.014481 35.130605 0.040925 
501 -0.370701 0.000000 -0.621806 90.246285 0.014655 33.985723 0.070058 
502 -0.130079 0.000000 -0.228060 83.407062 0.042154 37.725236 0.162007 
503 -0.210286 0.000000 -0.228060 85.996630 0.017487 38.852831 0.109504 
504 -0.130079 0.000000 -0.306809 83.894570 0.026064 35.947097 0.166951 
505 0.230852 0.000000 -0.109936 70.843268 0.064804 14.028042 0.478444 
506 0.230852 0.000000 -0.149310 72.768628 0.075143 15.945073 0.445048 
507 0.270956 0.000000 -0.109936 72.162183 0.075956 11.591959 0.465824 
508 0.391266 0.000000 0.047563 118.069109 0.144785 -21.525344 -0.440368 
509 0.391266 0.000000 0.086937 124.210433 0.106151 -21.430206 -0.588750 
510 0.210801 0.000000 -0.050874 63.208468 -0.158147 17.542004 0.569694 
511 0.210801 0.000000 -0.070561 67.475217 -0.042565 15.403600 0.520982 
512 0.230852 0.000000 -0.050874 66.286650 0.039312 2.172196 0.560136 
513 -0.009769 0.000000 -0.109936 67.710368 0.084715 38.336336 0.394562 
514 -0.049872 0.000000 -0.109936 73.498862 0.077829 42.539729 0.278828 
515 -0.009769 0.000000 -0.149310 72.279248 0.078597 36.112263 0.347161 
516 0.170697 0.000000 -0.011499 61.832999 -0.291351 37.155861 0.479604 
517 0.170697 0.000000 0.008188 145.993433 0.558459 5.154935 -1.134097 
518 0.050386 0.000000 -0.011499 39.266907 0.555952 -0.132330 0.845778 
519 0.050386 0.000000 -0.031187 43.344626 0.427726 0.702593 0.812057 
520 0.090490 0.000000 0.027875 154.265169 0.700280 39.719193 -1.537585 
521 0.110542 0.000000 0.027875 152.638930 0.683152 29.203421 -1.415195 
522 0.090490 0.000000 0.047563 154.062568 0.753937 41.353173 -1.544593 
523 -0.089976 0.000000 -0.109936 78.835437 0.081207 43.859650 0.186130 
524 -0.130079 0.000000 -0.109936 82.974349 -0.002968 43.609083 0.121351 
525 -0.089976 0.000000 -0.149310 79.506445 0.075735 40.758957 0.201743 
526 -0.089976 0.000000 0.047563 96.387864 0.079992 57.173435 -0.255943 
527 -0.130079 0.000000 0.047563 95.285492 0.008190 51.450828 -0.172651 
528 -0.089976 0.000000 0.086937 102.204013 0.077680 53.964826 -0.335787 
529 -0.029821 0.000000 0.027875 96.237841 0.127015 80.701700 -0.577450 
530 -0.049872 0.000000 0.027875 93.120817 0.108018 69.739381 -0.353508 
531 -0.029821 0.000000 0.047563 106.088449 0.118204 73.531132 -0.666160 
532 0.130593 0.000000 0.027875 151.824126 0.640176 23.608217 -1.360832 
533 0.150645 0.000000 0.027875 150.492451 0.617464 19.389475 -1.302431 
534 0.130593 0.000000 0.047563 151.139165 0.655952 21.466661 -1.330429 
535 0.170697 0.000000 0.027875 145.966339 0.468791 5.193451 -1.133336 
536 0.190749 0.000000 0.027875 145.966141 0.468135 5.193732 -1.133331 
537 0.170697 0.000000 0.047563 148.439424 0.575994 12.957923 -1.220250 
538 0.511577 0.000000 -0.228060 84.235421 0.085639 11.815004 0.276479 
539 0.511577 0.000000 -0.306809 85.121723 0.053280 15.728289 0.250691 
540 0.591784 0.000000 -0.228060 86.787186 0.058101 11.263281 0.234112 
541 0.671991 0.000000 -0.228060 88.983721 0.061337 11.266217 0.195497 
542 0.671991 0.000000 -0.306809 88.602009 0.056102 14.538933 0.193830 
543 0.752198 0.000000 -0.228060 90.581499 0.058760 11.201878 0.166951 
544 2.035511 0.000000 -0.936804 94.781086 0.000479 27.385595 0.026657 
545 2.035511 0.000000 -1.251801 94.461474 -0.000315 28.650435 0.025618 
546 2.356339 0.000000 -0.936804 95.009925 0.002940 27.791110 0.020077 
547 0.311059 0.000000 -0.109936 73.935695 0.087297 9.703308 0.443935 
548 0.311059 0.000000 -0.149310 75.226949 0.090912 11.801758 0.420162 
549 0.351163 0.000000 -0.109936 75.616346 0.148219 7.824655 0.422092 
550 0.391266 0.000000 -0.109936 77.405400 0.135804 6.701530 0.396348 
551 0.391266 0.000000 -0.149310 78.304263 0.114198 9.224510 0.378334 
552 0.431370 0.000000 -0.109936 78.992216 0.113110 5.542223 0.372950 
553 0.210801 0.000000 0.027875 118.003837 0.265989 -0.121778 -0.392499 
554 0.230852 0.000000 0.027875 101.288598 0.152698 -2.876388 -0.026768 
555 0.210801 0.000000 0.047563 142.447520 0.384918 -1.210395 -1.029291 
556 0.050386 0.000000 -0.050874 47.567149 0.014896 19.112540 0.737208 
557 0.030335 0.000000 -0.050874 46.131317 0.067606 27.111749 0.713685 
558 0.050386 0.000000 -0.070561 53.944352 0.042879 23.377072 0.654352 
559 0.010283 0.000000 -0.050874 47.744218 0.094982 37.482188 0.631557 
560 -0.009769 0.000000 -0.050874 54.396290 0.101555 46.857190 0.484544 
561 0.010283 0.000000 -0.070561 55.999079 0.088778 36.653672 0.552060 
562 0.471473 0.000000 -0.109936 80.805027 0.121581 4.573987 0.344961 
563 0.471473 0.000000 -0.149310 81.634213 0.104676 7.635408 0.327754 
564 0.511577 0.000000 -0.109936 82.704592 0.148230 3.776696 0.314566 
565 0.551681 0.000000 -0.109936 84.670444 0.127371 3.231120 0.282046 
566 0.551681 0.000000 -0.149310 85.004188 0.104907 6.423621 0.273301 
567 0.591784 0.000000 -0.109936 86.754813 0.106877 3.354521 0.246234 
568 0.631888 0.000000 -0.109936 88.577113 0.080816 3.452696 0.214217 
569 0.631888 0.000000 -0.149310 88.255363 0.075769 6.386336 0.217020 
570 0.671991 0.000000 -0.109936 90.119834 0.086211 3.866209 0.186346 
571 -0.029821 0.000000 -0.050874 63.208379 0.098877 51.655748 0.333637 
572 -0.049872 0.000000 -0.050874 70.760229 0.094583 52.713977 0.221422 
573 -0.029821 0.000000 -0.070561 65.847513 0.092061 46.505230 0.350136 
1 19 21 3 22 
2 20 19 22 9 
3 28 20 9 30 
4 29 28 30 4 
5 35 37 19 38 
6 36 35 38 20 
7 44 36 20 46 
8 45 44 46 28 
9 51 53 35 54 
10 52 51 54 36 
11 60 52 36 62 
12 61 60 62 44 
13 67 69 51 70 
14 68 67 70 52 
15 76 68 52 78 
16 77 76 78 60 
17 83 85 67 86 
18 84 83 86 68 
19 92 84 68 94 
20 93 92 94 76 
21 99 101 83 102 
22 100 99 102 84 
23 108 100 84 110 
24 109 108 110 92 
25 115 117 99 118 
26 116 115 118 100 
27 10 125 124 26 
28 125 13 126 124 
29 124 126 8 127 
30 26 124 127 14 
31 23 129 128 42 
32 129 26 130 128 
33 128 130 14 131 
34 42 128 131 27 
35 39 133 132 58 
36 133 42 134 132 
37 132 134 27 135 
38 58 132 135 43 
39 137 58 138 136 
40 136 138 43 139 
41 71 141 140 90 
42 141 74 142 140 
43 140 142 59 143 
44 90 140 143 75 
45 87 145 144 106 
46 145 90 146 144 
47 144 146 75 147 
48 106 144 147 91 
49 149 106 150 148 
50 148 150 91 151 
51 152 116 100 154 
52 153 152 154 108 
53 155 157 115 158 
54 156 155 158 116 
55 119 161 159 160 
56 161 122 162 159 
57 14 127 164 37 
58 127 8 165 164 
59 164 165 21 166 
60 37 164 166 19 
61 27 131 167 53 
62 131 14 168 167 
63 167 168 37 169 
64 53 167 169 35 
65 43 135 170 69 
66 135 27 171 170 
67 170 171 53 172 
68 69 170 172 51 
69 139 43 174 173 
70 173 174 69 175 
71 85 173 175 67 
72 75 143 176 101 
73 143 59 177 176 
74 176 177 85 178 
75 101 176 178 83 
76 91 147 179 117 
77 147 75 180 179 
78 179 180 101 181 
79 117 179 181 99 
80 151 91 183 182 
81 182 183 117 184 
82 157 182 184 115 
83 122 186 185 162 
84 186 148 187 185 
85 185 187 151 188 
86 162 185 188 107 
87 189 191 157 192 
88 190 189 192 155 
89 159 195 193 194 
90 195 162 196 193 
91 193 196 107 197 
92 120 204 202 203 
93 204 119 160 202 
94 202 160 123 205 
95 203 202 205 5 
96 160 208 206 207 
97 208 159 194 206 
98 206 194 163 209 
99 207 206 209 123 
100 107 188 210 191 
101 188 151 211 210 
102 210 211 182 212 
103 191 210 212 157 
104 163 197 213 214 
105 197 107 215 213 
106 213 215 191 216 
107 214 213 216 189 
108 194 219 217 218 
109 219 193 220 217 
110 217 220 197 221 
111 218 217 221 163 
112 16 224 222 223 
113 224 15 32 222 
114 222 32 18 225 
115 223 222 225 6 
116 32 228 226 227 
117 228 31 48 226 
118 226 48 34 229 
119 227 226 229 18 
120 48 232 230 231 
121 232 47 64 230 
122 230 64 50 233 
123 231 230 233 34 
124 64 236 234 235 
125 236 63 80 234 
126 234 80 66 237 
127 235 234 237 50 
128 80 240 238 239 
129 239 238 241 66 
130 250 156 116 252 
131 251 250 252 152 
132 199 255 253 254 
133 255 198 256 253 
134 253 256 201 257 
135 254 253 257 114 
136 6 225 258 259 
137 225 18 45 258 
138 258 45 28 260 
139 259 258 260 29 
140 18 229 261 262 
141 229 34 61 261 
142 261 61 44 263 
143 262 261 263 45 
144 34 233 264 265 
145 233 50 77 264 
146 264 77 60 266 
147 265 264 266 61 
148 50 237 267 268 
149 237 66 93 267 
150 267 93 76 269 
151 268 267 269 77 
152 66 241 270 271 
153 270 109 92 272 
154 271 270 272 93 
155 273 153 108 275 
156 274 273 275 109 
157 276 251 152 278 
158 277 276 278 153 
159 281 199 254 279 
160 279 254 114 282 
161 282 114 293 291 
162 291 293 251 294 
163 292 291 294 276 
164 280 297 295 296 
165 297 279 298 295 
166 295 298 282 299 
167 296 295 299 249 
168 300 277 153 302 
169 301 300 302 273 
170 307 309 277 310 
171 308 307 310 300 
172 303 313 311 312 
173 313 288 314 311 
174 311 314 98 315 
175 312 311 315 306 
176 238 318 316 317 
177 318 96 243 316 
178 316 243 82 319 
179 317 316 319 241 
180 243 322 320 321 
181 321 320 323 82 
182 241 319 328 329 
183 319 82 274 328 
184 328 274 109 330 
185 329 328 330 270 
186 82 323 331 332 
187 331 301 273 333 
188 332 331 333 274 
189 334 308 300 336 
190 335 334 336 301 
191 324 339 337 338 
192 339 304 340 337 
193 337 340 286 341 
194 320 344 342 343 
195 344 284 325 342 
196 342 325 245 345 
197 343 342 345 323 
198 325 348 346 347 
199 348 324 338 346 
200 346 338 327 349 
201 347 346 349 245 
202 327 341 350 351 
203 341 286 352 350 
204 350 352 308 353 
205 351 350 353 334 
206 338 356 354 355 
207 356 337 357 354 
208 354 357 341 358 
209 355 354 358 327 
210 286 360 359 352 
211 360 306 361 359 
212 359 361 307 362 
213 352 359 362 308 
214 114 257 363 293 
215 257 201 364 363 
216 363 364 250 365 
217 293 363 365 251 
218 5 205 366 367 
219 205 123 190 366 
220 366 190 155 368 
221 367 366 368 156 
222 123 209 369 370 
223 209 163 214 369 
224 369 214 189 371 
225 370 369 371 190 
226 17 374 372 373 
227 374 7 375 372 
228 372 375 11 33 
229 373 372 33 15 
230 33 378 376 377 
231 378 11 379 376 
232 376 379 24 49 
233 377 376 49 31 
234 49 382 380 381 
235 382 24 383 380 
236 380 383 40 65 
237 381 380 65 47 
238 65 386 384 385 
239 386 40 387 384 
240 384 387 56 81 
241 385 384 81 63 
242 81 390 388 389 
243 390 56 391 388 
244 388 391 72 97 
245 389 388 97 79 
246 97 394 392 393 
247 394 72 395 392 
248 392 395 88 113 
249 393 392 113 95 
250 95 398 396 397 
251 398 113 399 396 
252 396 399 111 248 
253 397 396 248 112 
254 112 402 400 401 
255 402 248 403 400 
256 400 403 246 289 
257 401 400 289 247 
258 247 406 404 405 
259 406 289 407 404 
260 404 407 287 408 
261 79 411 409 410 
262 411 97 393 409 
263 409 393 95 244 
264 410 409 244 96 
265 244 414 412 413 
266 414 95 397 412 
267 412 397 112 285 
268 413 412 285 242 
269 285 417 415 416 
270 417 112 401 415 
271 415 401 247 305 
272 416 415 305 283 
273 305 420 418 419 
274 420 247 405 418 
275 418 405 288 313 
276 419 418 313 303 
277 421 292 276 422 
278 309 421 422 277 
279 288 408 423 314 
280 408 287 424 423 
281 423 424 290 425 
282 314 423 425 98 
283 405 428 426 427 
284 428 404 429 426 
285 426 429 408 430 
286 427 426 430 288 
287 289 432 431 407 
288 432 246 433 431 
289 431 433 280 434 
290 407 431 434 287 
291 59 436 435 177 
292 436 139 437 435 
293 435 437 173 438 
294 177 435 438 85 
295 7 440 439 375 
296 440 12 441 439 
297 439 441 10 25 
298 375 439 25 11 
299 12 443 442 441 
300 443 2 444 442 
301 442 444 13 125 
302 441 442 125 10 
303 1 447 445 446 
304 447 17 373 445 
305 445 373 15 224 
306 446 445 224 16 
307 11 449 448 379 
308 449 25 450 448 
309 448 450 23 41 
310 379 448 41 24 
311 25 452 451 450 
312 452 10 453 451 
313 451 453 26 129 
314 450 451 129 23 
315 15 456 454 455 
316 456 33 377 454 
317 454 377 31 228 
318 455 454 228 32 
319 24 458 457 383 
320 458 41 459 457 
321 457 459 39 57 
322 383 457 57 40 
323 41 461 460 459 
324 461 23 462 460 
325 460 462 42 133 
326 459 460 133 39 
327 31 465 463 464 
328 465 49 381 463 
329 463 381 47 232 
330 464 463 232 48 
331 40 467 466 387 
332 467 57 468 466 
333 466 468 55 73 
334 387 466 73 56 
335 57 470 469 468 
336 470 39 471 469 
337 469 471 58 137 
338 468 469 137 55 
339 47 474 472 473 
340 474 65 385 472 
341 472 385 63 236 
342 473 472 236 64 
343 56 476 475 391 
344 476 73 477 475 
345 475 477 71 89 
346 391 475 89 72 
347 73 479 478 477 
348 479 55 480 478 
349 478 480 74 141 
350 477 478 141 71 
351 63 483 481 482 
352 483 81 389 481 
353 481 389 79 240 
354 482 481 240 80 
355 72 485 484 395 
356 485 89 486 484 
357 484 486 87 105 
358 395 484 105 88 
359 89 488 487 486 
360 488 71 489 487 
361 487 489 90 145 
362 486 487 145 87 
363 113 491 490 399 
364 491 88 492 490 
365 490 492 104 200 
366 399 490 200 111 
367 74 494 493 142 
368 494 136 495 493 
369 493 495 139 436 
370 142 493 436 59 
371 198 497 496 256 
372 497 120 203 496 
373 496 203 5 498 
374 256 496 498 201 
375 240 501 499 500 
376 501 79 410 499 
377 499 410 96 318 
378 500 499 318 238 
379 96 504 502 503 
380 504 244 413 502 
381 502 413 242 322 
382 503 502 322 243 
383 248 506 505 403 
384 506 111 507 505 
385 505 507 199 281 
386 403 505 281 246 
387 201 498 508 364 
388 498 5 367 508 
389 508 367 156 509 
390 364 508 509 250 
391 246 511 510 433 
392 511 281 512 510 
393 510 512 279 297 
394 433 510 297 280 
395 242 515 513 514 
396 515 285 416 513 
397 513 416 283 326 
398 514 513 326 284 
399 287 434 516 424 
400 434 280 296 516 
401 516 296 249 517 
402 424 516 517 290 
403 304 519 518 340 
404 519 303 312 518 
405 518 312 306 360 
406 340 518 360 286 
407 306 315 520 361 
408 315 98 521 520 
409 520 521 309 522 
410 361 520 522 307 
411 322 525 523 524 
412 525 242 514 523 
413 523 514 284 344 
414 524 523 344 320 
415 323 345 526 527 
416 345 245 335 526 
417 526 335 301 528 
418 527 526 528 331 
419 245 349 529 530 
420 349 327 351 529 
421 529 351 334 531 
422 530 529 531 335 
423 98 425 532 521 
424 425 290 533 532 
425 532 533 421 534 
426 521 532 534 309 
427 290 517 535 533 
428 517 249 536 535 
429 535 536 292 537 
430 533 535 537 421 
431 88 539 538 492 
432 539 105 540 538 
433 538 540 103 121 
434 492 538 121 104 
435 105 542 541 540 
436 542 87 543 541 
437 541 543 106 149 
438 540 541 149 103 
439 55 545 544 480 
440 545 137 546 544 
441 544 546 136 494 
442 480 544 494 74 
443 111 548 547 507 
444 548 200 549 547 
445 547 549 198 255 
446 507 547 255 199 
447 200 551 550 549 
448 551 104 552 550 
449 550 552 120 497 
450 549 550 497 198 
451 249 299 553 536 
452 299 282 554 553 
453 553 554 291 555 
454 536 553 555 292 
455 283 558 556 557 
456 558 305 419 556 
457 556 419 303 519 
458 557 556 519 304 
459 326 561 559 560 
460 561 283 557 559 
461 559 557 304 339 
462 560 559 339 324 
463 104 563 562 552 
464 563 121 564 562 
465 562 564 119 204 
466 552 562 204 120 
467 121 566 565 564 
468 566 103 567 565 
469 565 567 122 161 
470 564 565 161 119 
471 103 569 568 567 
472 569 149 570 568 
473 568 570 148 186 
474 567 568 186 122 
475 284 573 571 572 
476 573 326 560 571 
477 571 560 324 348 
478 572 571 348 325 
