2 0.000000 100.000000 5791.461216
573 478 
1 -20.101635 0.000000 -20.151635 97.893193 -0.000010 -20.441349 -0.000093 
2 20.964375 0.000000 -20.151635 97.899421 0.000014 -20.403413 -0.000060 
3 20.964375 0.000000 20.168012 97.887216 0.000009 -20.424539 0.000093 
4 -20.101635 0.000000 20.168012 97.885240 -0.000005 -20.441839 0.000061 
5 0.431370 0.000000 0.008188 98.959329 0.431923 -4.843496 0.018341 
6 -20.101635 0.000000 0.008188 97.889587 -0.000021 -20.446416 -0.000043 
7 0.431370 0.000000 -20.151635 97.902731 -0.000001 -20.427103 -0.000221 
8 20.964375 0.000000 0.008188 97.979874 -0.000444 -19.992112 0.000026 
9 0.431370 0.000000 20.168012 97.879122 0.000009 -20.431532 0.000223 
10 10.697873 0.000000 -10.071724 97.930019 0.000087 -20.299234 -0.000235 
11 0.431370 0.000000 -10.071724 97.943988 0.000026 -20.387820 -0.000869 
12 10.697873 0.000000 -20.151635 97.901350 0.000011 -20.413688 -0.000139 
13 20.964375 0.000000 -10.071724 97.942180 0.000141 -20.194359 -0.000048 
14 10.697873 0.000000 0.008188 98.129715 -0.002144 -19.238236 0.000045 
15 -9.835133 0.000000 -10.071724 97.906881 -0.000033 -20.442991 -0.000367 
16 -20.101635 0.000000 -10.071724 97.893410 -0.000017 -20.443996 -0.000108 
17 -9.835133 0.000000 -20.151635 97.898029 -0.000011 -20.438024 -0.000174 
18 -9.835133 0.000000 0.008188 97.892174 -0.000071 -20.463096 -0.000162 
19 10.697873 0.000000 10.088100 97.883071 0.000032 -20.376332 0.000371 
20 0.431370 0.000000 10.088100 97.851178 0.000046 -20.403962 0.000883 
21 20.964375 0.000000 10.088100 97.893144 0.000007 -20.392152 0.000109 
22 10.697873 0.000000 20.168012 97.883022 0.000014 -20.424734 0.000174 
23 5.564621 0.000000 -5.031768 98.032849 -0.000255 -19.964237 -0.000901 
24 0.431370 0.000000 -5.031768 98.095044 0.001343 -20.251139 -0.003275 
25 5.564621 0.000000 -10.071724 97.938110 0.000075 -20.336893 -0.000546 
26 10.697873 0.000000 -5.031768 98.051062 0.000678 -19.701329 -0.000215 
27 5.564621 0.000000 0.008188 98.277016 -0.003839 -18.384894 0.000362 
28 -9.835133 0.000000 10.088100 97.875192 -0.000016 -20.444717 0.000246 
29 -20.101635 0.000000 10.088100 97.885509 -0.000013 -20.444364 0.000046 
30 -9.835133 0.000000 20.168012 97.881613 -0.000002 -20.439445 0.000142 
31 -4.701881 0.000000 -5.031768 97.959613 0.000017 -20.450546 -0.001431 
32 -9.835133 0.000000 -5.031768 97.907559 -0.000059 -20.453589 -0.000424 
33 -4.701881 0.000000 -10.071724 97.925879 -0.000026 -20.430043 -0.000686 
34 -4.701881 0.000000 0.008188 97.899177 0.000023 -20.528892 -0.000568 
35 5.564621 0.000000 5.048144 97.864999 -0.000003 -20.197145 0.001452 
36 0.431370 0.000000 5.048144 97.745537 0.001365 -20.301796 0.003365 
37 10.697873 0.000000 5.048144 97.905332 -0.000014 -20.253435 0.000434 
38 5.564621 0.000000 10.088100 97.866507 0.000054 -20.377293 0.000691 
39 2.997996 0.000000 -2.511790 98.298551 0.002173 -19.219514 -0.003199 
40 0.431370 0.000000 -2.511790 98.586758 0.006996 -19.876759 -0.011443 
41 2.997996 0.000000 -5.031768 98.068493 0.002583 -20.078420 -0.002057 
42 5.564621 0.000000 -2.511790 98.238444 0.001245 -18.900789 -0.000803 
43 2.997996 0.000000 0.008188 98.234737 0.001205 -17.977685 0.002674 
44 -4.701881 0.000000 5.048144 97.835107 0.000226 -20.455588 0.000986 
45 -9.835133 0.000000 5.048144 97.876103 -0.000042 -20.454758 0.000187 
46 -4.701881 0.000000 10.088100 97.860835 0.000002 -20.435105 0.000566 
47 -2.135256 0.000000 -2.511790 98.159716 0.002678 -20.497419 -0.005547 
48 -4.701881 0.000000 -2.511790 97.960662 0.000022 -20.492626 -0.001624 
49 -2.135256 0.000000 -5.031768 98.031096 0.000159 -20.402795 -0.002637 
50 -2.135256 0.000000 0.008188 97.903214 0.000746 -20.801299 -0.001773 
51 2.997996 0.000000 2.528166 97.777298 0.000369 -19.650723 0.005345 
52 0.431370 0.000000 2.528166 97.372492 -0.002599 -19.986835 0.011912 
53 5.564621 0.000000 2.528166 97.935149 -0.001913 -19.803084 0.001654 
54 2.997996 0.000000 5.048144 97.802550 0.000311 -20.202819 0.002651 
55 1.714683 0.000000 -1.251801 98.781320 -0.000547 -18.178764 -0.008822 
56 0.431370 0.000000 -1.251801 99.797166 0.015117 -19.087140 -0.032379 
57 1.714683 0.000000 -2.511790 98.468804 0.003023 -19.424290 -0.007341 
58 2.997996 0.000000 -1.251801 98.446959 -0.000638 -18.161063 -0.002163 
59 1.714683 0.000000 0.008188 97.919717 0.024576 -18.056136 0.008570 
60 -2.135256 0.000000 2.528166 97.671944 -0.001303 -20.503495 0.003980 
61 -4.701881 0.000000 2.528166 97.837577 0.000084 -20.494908 0.000777 
62 -2.135256 0.000000 5.048144 97.780177 0.000243 -20.417954 0.002214 
63 -0.851943 0.000000 -1.251801 98.842104 0.002931 -20.730256 -0.019951 
64 -2.135256 0.000000 -1.251801 98.158733 0.001790 -20.676025 -0.006263 
65 -0.851943 0.000000 -2.511790 98.417383 0.001806 -20.341597 -0.009976 
66 -0.851943 0.000000 0.008188 97.764120 -0.001233 -21.775136 -0.003198 
67 1.714683 0.000000 1.268177 97.426163 0.010062 -18.591145 0.016251 
68 0.431370 0.000000 1.268177 96.586334 0.008205 -19.287250 0.029908 
69 2.997996 0.000000 1.268177 97.896968 -0.000815 -18.825498 0.006178 
70 1.714683 0.000000 2.528166 97.549044 0.000667 -19.675324 0.009707 
71 1.073026 0.000000 -0.621806 99.423972 0.026858 -16.769113 -0.016633 
72 0.431370 0.000000 -0.621806 101.668326 0.034356 -17.059423 -0.062747 
73 1.073026 0.000000 -1.251801 99.272048 0.017172 -18.335209 -0.019112 
74 1.714683 0.000000 -0.621806 98.625560 -0.003052 -17.578107 -0.003599 
75 1.073026 0.000000 0.008188 97.338695 0.069125 -18.091480 0.019787 
76 -0.851943 0.000000 1.268177 97.058526 0.001791 -20.669096 0.015243 
77 -2.135256 0.000000 1.268177 97.666287 -0.000118 -20.667242 0.003416 
78 -0.851943 0.000000 2.528166 97.464378 -0.001377 -20.366146 0.008592 
79 -0.210286 0.000000 -0.621806 101.023209 0.032945 -21.227787 -0.065631 
80 -0.851943 0.000000 -0.621806 98.705307 0.010681 -21.253087 -0.019443 
81 -0.210286 0.000000 -1.251801 99.627363 0.005349 -20.252841 -0.033579 
82 -0.210286 0.000000 0.008188 95.764695 -0.007558 -27.849129 0.005355 
83 1.073026 0.000000 0.638183 96.691952 0.008136 -17.279152 0.035210 
84 0.431370 0.000000 0.638183 95.503324 0.020505 -17.818774 0.056161 
85 1.714683 0.000000 0.638183 97.575423 0.006617 -17.669624 0.016682 
86 1.073026 0.000000 1.268177 96.897702 0.000136 -18.674476 0.026210 
87 0.752198 0.000000 -0.306809 99.091108 0.045199 -15.412881 -0.005661 
88 0.431370 0.000000 -0.306809 102.714894 0.101023 -12.904850 -0.071689 
89 0.752198 0.000000 -0.621806 100.070147 0.024576 -16.725271 -0.029377 
90 1.073026 0.000000 -0.306809 98.514994 0.001169 -17.084185 0.000293 
91 0.752198 0.000000 0.008188 96.140324 0.135978 -17.372092 0.045523 
92 -0.210286 0.000000 0.638183 95.027299 0.012942 -20.624476 0.054444 
93 -0.851943 0.000000 0.638183 97.062260 -0.005901 -21.072838 0.013485 
94 -0.210286 0.000000 1.268177 96.578233 -0.006680 -20.175135 0.026561 
95 0.110542 0.000000 -0.306809 107.303272 0.028287 -18.273997 -0.184793 
96 -0.210286 0.000000 -0.306809 102.010012 -0.015094 -23.996999 -0.098190 
97 0.110542 0.000000 -0.621806 102.377322 0.032315 -19.323983 -0.085453 
98 0.110542 0.000000 0.008188 20.842734 -8.396860 -1.926584 0.949136 
99 0.752198 0.000000 0.323185 96.232464 0.030369 -16.726590 0.045953 
100 0.431370 0.000000 0.323185 94.856636 0.087128 -15.560406 0.076008 
101 1.073026 0.000000 0.323185 97.000876 0.030010 -16.848813 0.030695 
102 0.752198 0.000000 0.638183 96.138281 0.028549 -17.463563 0.045245 
103 0.591784 0.000000 -0.149310 97.831968 0.082705 -13.073158 0.025799 
104 0.431370 0.000000 -0.149310 100.697979 0.109007 -8.932945 -0.021989 
105 0.591784 0.000000 -0.306809 100.139576 0.069953 -14.164556 -0.022857 
106 0.752198 0.000000 -0.149310 97.638581 0.042591 -15.994464 0.021088 
107 0.591784 0.000000 0.008188 74.212452 1.446285 -13.088982 0.431910 
108 0.110542 0.000000 0.323185 91.124311 0.065388 -16.294961 0.143083 
109 -0.210286 0.000000 0.323185 93.366212 0.018247 -22.036828 0.079713 
110 0.110542 0.000000 0.638183 94.733631 0.015427 -18.940305 0.066680 
111 0.270956 0.000000 -0.149310 106.876196 0.093659 -7.242157 -0.147498 
112 0.110542 0.000000 -0.149310 115.484344 0.097838 -15.863853 -0.358831 
113 0.270956 0.000000 -0.306809 105.410602 0.057287 -14.160858 -0.131193 
114 0.270956 0.000000 0.008188 100.721575 0.104593 1.668030 -0.014763 
115 0.591784 0.000000 0.165687 95.859976 0.114212 -17.096230 0.051857 
116 0.431370 0.000000 0.165687 97.022772 0.184348 -15.597892 0.034325 
117 0.752198 0.000000 0.165687 96.099664 0.078775 -16.502228 0.049252 
118 0.591784 0.000000 0.323185 95.714413 0.082979 -16.434199 0.056866 
119 0.511577 0.000000 -0.070561 95.881501 0.120683 -9.672944 0.071316 
120 0.431370 0.000000 -0.070561 98.224316 0.149655 -6.541594 0.030917 
121 0.511577 0.000000 -0.149310 98.664629 0.126212 -11.248742 0.013874 
122 0.591784 0.000000 -0.070561 95.236705 0.086897 -13.210238 0.075545 
123 0.511577 0.000000 0.008188 95.442090 1.243630 -13.436498 0.070872 
124 15.831124 0.000000 -5.031768 98.148187 0.001075 -19.205753 -0.000193 
125 15.831124 0.000000 -10.071724 97.931844 0.000103 -20.257036 -0.000099 
126 20.964375 0.000000 -5.031768 98.308493 -0.002456 -18.431110 -0.000427 
127 15.831124 0.000000 0.008188 98.032276 -0.000922 -19.731957 0.000032 
128 8.131247 0.000000 -2.511790 98.296295 -0.000814 -18.514382 -0.000494 
129 8.131247 0.000000 -5.031768 98.030131 0.000448 -19.851277 -0.000398 
130 10.697873 0.000000 -2.511790 98.319624 -0.013230 -18.378910 -0.000453 
131 8.131247 0.000000 0.008188 98.201851 -0.002879 -18.853777 0.000093 
132 4.281308 0.000000 -1.251801 98.368777 -0.007932 -18.209827 -0.000801 
133 4.281308 0.000000 -2.511790 98.239360 0.001704 -19.068488 -0.001458 
134 5.564621 0.000000 -1.251801 98.225804 -0.025462 -18.820353 -0.000251 
135 4.281308 0.000000 0.008188 98.292380 -0.002806 -18.138144 0.000962 
136 2.356339 0.000000 -0.621806 98.355384 -0.019339 -18.221873 -0.000582 
137 2.356339 0.000000 -1.251801 98.530558 0.001796 -18.197108 -0.003941 
138 2.997996 0.000000 -0.621806 98.100853 -0.024690 -19.282932 0.000439 
139 2.356339 0.000000 0.008188 98.133407 0.008550 -18.011630 0.004542 
140 1.393855 0.000000 -0.306809 98.230122 -0.003087 -18.152744 0.002132 
141 1.393855 0.000000 -0.621806 98.841423 0.007099 -17.292585 -0.006866 
142 1.714683 0.000000 -0.306809 98.010843 -0.017878 -19.274907 0.002235 
143 1.393855 0.000000 0.008188 97.706987 0.042366 -18.115692 0.012516 
144 0.912612 0.000000 -0.149310 97.689683 0.015648 -17.661457 0.014480 
145 0.912612 0.000000 -0.306809 98.706016 0.032888 -16.428762 -0.001278 
146 1.073026 0.000000 -0.149310 97.726992 -0.020927 -18.623657 0.010259 
147 0.912612 0.000000 0.008188 96.937845 0.105346 -18.073071 0.027641 
148 0.671991 0.000000 -0.070561 96.094019 0.052068 -16.106720 0.050651 
149 0.671991 0.000000 -0.149310 97.578403 0.051530 -14.931037 0.025552 
150 0.752198 0.000000 -0.070561 96.712930 0.013979 -17.022024 0.035686 
151 0.671991 0.000000 0.008188 95.202914 0.100796 -17.281309 0.063775 
152 0.270956 0.000000 0.165687 96.462408 0.129380 -11.116802 0.057140 
153 0.110542 0.000000 0.165687 88.145613 0.137807 -8.885914 0.215137 
154 0.270956 0.000000 0.323185 93.651464 0.115431 -15.004847 0.100424 
155 0.511577 0.000000 0.086937 97.033973 0.196458 -19.013147 0.022287 
156 0.431370 0.000000 0.086937 102.274952 0.438494 -22.138065 -0.095045 
157 0.591784 0.000000 0.086937 95.168385 0.145875 -18.025293 0.061805 
158 0.511577 0.000000 0.165687 96.130307 0.142338 -16.216204 0.049598 
159 0.551681 0.000000 -0.031187 92.975573 0.108995 -10.970215 0.123519 
160 0.511577 0.000000 -0.031187 93.729537 0.105146 -9.427753 0.112588 
161 0.551681 0.000000 -0.070561 95.281517 0.099634 -11.260292 0.079463 
162 0.591784 0.000000 -0.031187 93.069069 0.105711 -14.115454 0.113889 
163 0.551681 0.000000 0.008188 85.926010 2.381773 -18.247290 0.227808 
164 15.831124 0.000000 5.048144 97.909122 -0.000029 -20.298819 0.000176 
165 20.964375 0.000000 5.048144 97.907130 -0.000027 -20.329745 0.000090 
166 15.831124 0.000000 10.088100 97.890502 0.000016 -20.384138 0.000194 
167 8.131247 0.000000 2.528166 97.956672 -0.000479 -19.939672 0.000690 
168 10.697873 0.000000 2.528166 97.953921 -0.000259 -20.038256 0.000350 
169 8.131247 0.000000 5.048144 97.894388 -0.000119 -20.224256 0.000767 
170 4.281308 0.000000 1.268177 98.024892 -0.001814 -19.087590 0.002678 
171 5.564621 0.000000 1.268177 98.054516 -0.001326 -19.297076 0.001293 
172 4.281308 0.000000 2.528166 97.889467 -0.000013 -19.722430 0.002868 
173 2.356339 0.000000 0.638183 97.924426 0.003721 -18.008099 0.008652 
174 2.997996 0.000000 0.638183 98.067264 -0.001682 -18.244958 0.004993 
175 2.356339 0.000000 1.268177 97.751989 0.001981 -18.720943 0.009407 
176 1.393855 0.000000 0.323185 97.489676 0.012988 -17.103682 0.020323 
177 1.714683 0.000000 0.323185 97.778736 0.008377 -17.364265 0.013780 
178 1.393855 0.000000 0.638183 97.272611 0.015940 -17.528714 0.023078 
179 0.912612 0.000000 0.165687 96.787476 0.066915 -16.991501 0.034347 
180 1.073026 0.000000 0.165687 97.183846 0.039079 -16.997537 0.026638 
181 0.912612 0.000000 0.323185 96.703318 0.036337 -16.884303 0.036339 
182 0.671991 0.000000 0.086937 95.492486 0.106260 -17.183538 0.058590 
183 0.752198 0.000000 0.086937 96.062146 0.097972 -16.810974 0.048945 
184 0.671991 0.000000 0.165687 95.848071 0.098534 -16.837383 0.052964 
185 0.631888 0.000000 -0.031187 94.620661 0.096382 -15.875075 0.079490 
186 0.631888 0.000000 -0.070561 95.638669 0.058408 -15.058658 0.062648 
187 0.671991 0.000000 -0.031187 95.508296 0.078299 -16.667807 0.060034 
188 0.631888 0.000000 0.008188 94.179010 0.109350 -17.049526 0.083962 
189 0.551681 0.000000 0.047563 95.141710 0.227714 -20.296684 0.053605 
190 0.511577 0.000000 0.047563 98.467740 1.055715 -27.455052 -0.045079 
191 0.591784 0.000000 0.047563 93.987500 0.169773 -18.630233 0.081924 
192 0.551681 0.000000 0.086937 95.733763 0.176790 -18.290815 0.050046 
193 0.571732 0.000000 -0.011499 78.073776 1.842258 -13.538977 0.371779 
194 0.551681 0.000000 -0.011499 83.506057 2.164592 -12.119651 0.287517 
195 0.571732 0.000000 -0.031187 92.571733 0.111945 -12.544055 0.127311 
196 0.591784 0.000000 -0.011499 91.690978 0.135918 -15.207274 0.136148 
197 0.571732 0.000000 0.008188 76.458557 1.685068 -13.786078 0.396119 
198 0.351163 0.000000 -0.070561 101.405100 0.217183 -3.325532 -0.029410 
199 0.270956 0.000000 -0.070561 104.355167 0.084421 -0.284340 -0.089009 
200 0.351163 0.000000 -0.149310 103.514461 0.163922 -7.411205 -0.077020 
201 0.351163 0.000000 0.008188 101.044548 0.185070 -1.994703 -0.021401 
202 0.471473 0.000000 -0.031187 96.483362 0.621945 -1.390608 0.068864 
203 0.431370 0.000000 -0.031187 98.386042 0.395619 -0.132426 0.032001 
204 0.471473 0.000000 -0.070561 96.912577 0.096464 -8.061171 0.054296 
205 0.471473 0.000000 0.008188 97.602830 0.636657 -8.402363 0.040268 
206 0.531629 0.000000 -0.011499 91.630001 1.887675 -7.986525 0.153659 
207 0.511577 0.000000 -0.011499 94.811109 1.126782 -5.423227 0.098017 
208 0.531629 0.000000 -0.031187 93.382217 0.097895 -10.490078 0.116971 
209 0.531629 0.000000 0.008188 91.720328 1.847238 -16.888731 0.129874 
210 0.631888 0.000000 0.047563 94.648730 0.129763 -17.689804 0.072867 
211 0.671991 0.000000 0.047563 95.272194 0.115443 -17.426998 0.061950 
212 0.631888 0.000000 0.086937 95.236891 0.118982 -17.612222 0.061973 
213 0.571732 0.000000 0.027875 92.716007 0.227513 -20.841581 0.096932 
214 0.551681 0.000000 0.027875 85.407070 2.206838 -26.529185 0.199696 
215 0.591784 0.000000 0.027875 92.823171 0.168147 -18.681635 0.103483 
216 0.571732 0.000000 0.047563 94.217457 0.199221 -19.760588 0.073255 
217 0.561706 0.000000 -0.001656 79.435384 1.871722 -13.092283 0.351511 
218 0.551681 0.000000 -0.001656 85.213998 2.385510 -11.167755 0.260817 
219 0.561706 0.000000 -0.011499 80.485764 1.956973 -11.468183 0.338669 
220 0.571732 0.000000 -0.001656 76.286303 1.655725 -13.254023 0.400199 
221 0.561706 0.000000 0.008188 80.712611 1.995141 -14.756531 0.326374 
222 -14.968384 0.000000 -5.031768 97.895765 -0.000034 -20.448463 -0.000172 
223 -20.101635 0.000000 -5.031768 97.892052 -0.000021 -20.445618 -0.000088 
224 -14.968384 0.000000 -10.071724 97.897557 -0.000025 -20.444549 -0.000191 
225 -14.968384 0.000000 0.008188 97.890310 -0.000036 -20.450748 -0.000075 
226 -7.268507 0.000000 -2.511790 97.916205 -0.000011 -20.471458 -0.000666 
227 -9.835133 0.000000 -2.511790 97.902040 -0.000070 -20.460017 -0.000342 
228 -7.268507 0.000000 -5.031768 97.923706 -0.000076 -20.456000 -0.000750 
229 -7.268507 0.000000 0.008188 97.894389 -0.000039 -20.480301 -0.000275 
230 -3.418569 0.000000 -1.251801 97.988833 0.000063 -20.563723 -0.002468 
231 -4.701881 0.000000 -1.251801 97.938169 0.000013 -20.517582 -0.001286 
232 -3.418569 0.000000 -2.511790 98.020440 0.000088 -20.503720 -0.002841 
233 -3.418569 0.000000 0.008188 97.903213 0.000077 -20.595699 -0.000922 
234 -1.493599 0.000000 -0.621806 98.262994 -0.000556 -21.048549 -0.009866 
235 -2.135256 0.000000 -0.621806 98.065039 0.003098 -20.781555 -0.004862 
236 -1.493599 0.000000 -1.251801 98.376000 -0.002949 -20.739437 -0.010796 
237 -1.493599 0.000000 0.008188 97.887009 0.000214 -21.179441 -0.003044 
238 -0.531115 0.000000 -0.306809 99.130209 0.005763 -22.648153 -0.033974 
239 -0.851943 0.000000 -0.306809 98.361194 0.007029 -21.622574 -0.014246 
240 -0.531115 0.000000 -0.621806 99.537884 0.009719 -21.572176 -0.037315 
241 -0.531115 0.000000 0.008188 97.506090 0.000932 -23.037756 -0.003818 
242 -0.049872 0.000000 -0.149310 107.566808 0.098969 -27.976579 -0.235332 
243 -0.210286 0.000000 -0.149310 100.605079 0.001682 -26.658926 -0.083208 
244 -0.049872 0.000000 -0.306809 104.929316 0.029682 -22.608034 -0.152129 
245 -0.049872 0.000000 0.008188 85.965299 0.132248 -44.308741 0.064669 
246 0.190749 0.000000 -0.070561 115.970563 -0.082812 10.837561 -0.356663 
247 0.110542 0.000000 -0.070561 124.391587 -0.100041 -20.909665 -0.591049 
248 0.190749 0.000000 -0.149310 112.141612 0.100503 -8.953954 -0.265592 
249 0.190749 0.000000 0.008188 96.250617 -0.501396 4.300724 0.071707 
250 0.351163 0.000000 0.086937 103.195852 0.200096 -15.362980 -0.088544 
251 0.270956 0.000000 0.086937 102.403277 0.277089 -8.905013 -0.056581 
252 0.351163 0.000000 0.165687 97.237528 0.222007 -13.442015 0.036413 
253 0.311059 0.000000 -0.031187 101.170080 0.141313 2.642659 -0.024239 
254 0.270956 0.000000 -0.031187 100.514314 0.073382 3.157325 -0.011310 
255 0.311059 0.000000 -0.070561 102.772147 0.109680 -2.444796 -0.056810 
256 0.351163 0.000000 -0.031187 100.540066 0.178797 1.928841 -0.011206 
257 0.311059 0.000000 0.008188 101.413028 0.140396 -0.357648 -0.028475 
258 -14.968384 0.000000 5.048144 97.884666 -0.000027 -20.448900 0.000043 
259 -20.101635 0.000000 5.048144 97.887052 -0.000018 -20.445825 0.000009 
260 -14.968384 0.000000 10.088100 97.882398 -0.000016 -20.445280 0.000103 
261 -7.268507 0.000000 2.528166 97.872246 0.000023 -20.472623 0.000190 
262 -9.835133 0.000000 2.528166 97.882136 -0.000059 -20.460633 0.000045 
263 -7.268507 0.000000 5.048144 97.863611 -0.000046 -20.458219 0.000417 
264 -3.418569 0.000000 1.268177 97.819406 0.000155 -20.563601 0.000850 
265 -4.701881 0.000000 1.268177 97.860335 0.000054 -20.518377 0.000235 
266 -3.418569 0.000000 2.528166 97.788475 0.000200 -20.507078 0.001687 
267 -1.493599 0.000000 0.638183 97.541972 0.001343 -21.012716 0.004403 
268 -2.135256 0.000000 0.638183 97.748708 -0.001853 -20.772124 0.001371 
269 -1.493599 0.000000 1.268177 97.490232 0.001941 -20.684137 0.006782 
270 -0.531115 0.000000 0.323185 96.295915 0.001628 -22.143304 0.023677 
271 -0.851943 0.000000 0.323185 97.256199 -0.008105 -21.468479 0.008034 
272 -0.531115 0.000000 0.638183 96.265185 -0.009376 -21.204665 0.028338 
273 -0.049872 0.000000 0.165687 86.212028 0.081755 -21.047484 0.212448 
274 -0.210286 0.000000 0.165687 92.731048 -0.018266 -24.686216 0.079154 
275 -0.049872 0.000000 0.323185 90.929820 -0.009403 -20.060951 0.132933 
276 0.190749 0.000000 0.086937 98.762744 0.578391 1.930464 0.024186 
277 0.110542 0.000000 0.086937 90.959834 0.794213 13.913351 0.153210 
278 0.190749 0.000000 0.165687 93.526721 0.148732 -8.628259 0.117828 
279 0.230852 0.000000 -0.031187 100.381644 0.058256 3.293170 -0.008732 
280 0.190749 0.000000 -0.031187 80.727799 -0.421102 69.212299 -0.130750 
281 0.230852 0.000000 -0.070561 106.554133 0.008069 4.324267 -0.137248 
282 0.230852 0.000000 0.008188 95.081897 -0.185089 2.695132 0.095213 
283 0.030335 0.000000 -0.070561 125.275265 0.087009 -27.308954 -0.643968 
284 -0.049872 0.000000 -0.070561 106.825897 0.106747 -36.531900 -0.274636 
285 0.030335 0.000000 -0.149310 113.504297 0.096700 -23.533391 -0.343706 
286 0.030335 0.000000 0.008188 84.949521 1.172749 -12.427874 0.262775 
287 0.150645 0.000000 -0.031187 142.010461 -0.366332 -0.391710 -1.016726 
288 0.110542 0.000000 -0.031187 85.158768 -0.434662 -72.022954 -0.243951 
289 0.150645 0.000000 -0.070561 149.583649 -0.371969 -0.628176 -1.237580 
290 0.150645 0.000000 0.008188 15.514743 -8.059285 1.090463 0.969315 
291 0.230852 0.000000 0.047563 100.314630 0.432420 -1.888357 -0.006678 
292 0.190749 0.000000 0.047563 98.716431 0.583665 2.050227 0.025052 
293 0.270956 0.000000 0.047563 102.108437 0.249906 -6.849573 -0.047311 
294 0.230852 0.000000 0.086937 100.431339 0.436569 -2.508629 -0.009294 
295 0.210801 0.000000 -0.011499 58.171724 -0.632320 19.193976 0.624724 
296 0.190749 0.000000 -0.011499 38.590309 -0.598678 45.744141 0.641790 
297 0.210801 0.000000 -0.031187 100.413168 0.060392 3.294242 -0.009366 
298 0.230852 0.000000 -0.011499 94.447529 -0.237366 3.474670 0.106753 
299 0.210801 0.000000 0.008188 88.954453 -0.659102 3.938984 0.207116 
300 0.030335 0.000000 0.086937 71.148122 0.167372 -8.155326 0.487141 
301 -0.049872 0.000000 0.086937 80.629139 0.109034 -26.057559 0.281993 
302 0.030335 0.000000 0.165687 84.397641 0.113128 -14.407757 0.266944 
303 0.070438 0.000000 -0.031187 120.084766 0.105305 5.715390 -0.445303 
304 0.030335 0.000000 -0.031187 146.817516 0.905335 -11.346429 -1.168494 
305 0.070438 0.000000 -0.070561 123.631245 0.007378 -19.308927 -0.565752 
306 0.070438 0.000000 0.008188 114.717276 -0.066438 6.086541 -0.319710 
307 0.070438 0.000000 0.047563 72.763912 0.922738 22.709226 0.418885 
308 0.030335 0.000000 0.047563 50.125636 1.029811 23.174677 0.694929 
309 0.110542 0.000000 0.047563 85.050388 0.862781 17.645074 0.245434 
310 0.070438 0.000000 0.086937 78.768794 0.956097 21.597169 0.332813 
311 0.090490 0.000000 -0.011499 102.789353 -0.483136 7.107970 -0.061641 
312 0.070438 0.000000 -0.011499 121.183403 0.131938 4.482230 -0.470552 
313 0.090490 0.000000 -0.031187 107.893525 -0.284777 6.558390 -0.168411 
314 0.110542 0.000000 -0.011499 46.941005 -0.431356 -54.688483 0.480553 
315 0.090490 0.000000 0.008188 107.416225 -0.300049 6.591394 -0.158178 
316 -0.370701 0.000000 -0.149310 98.917122 -0.017049 -24.508451 -0.038526 
317 -0.531115 0.000000 -0.149310 98.405099 0.006091 -23.015678 -0.021328 
318 -0.370701 0.000000 -0.306809 100.013417 0.007673 -23.327929 -0.054688 
319 -0.370701 0.000000 0.008188 97.009683 0.009485 -24.682297 -0.002009 
320 -0.130079 0.000000 -0.070561 99.883681 -0.056620 -30.993223 -0.093733 
321 -0.210286 0.000000 -0.070561 98.528453 -0.007680 -27.814556 -0.048151 
322 -0.130079 0.000000 -0.149310 102.884077 -0.032182 -27.883341 -0.136262 
323 -0.130079 0.000000 0.008188 93.813393 0.094093 -31.238988 0.022316 
324 -0.009769 0.000000 -0.031187 120.640422 0.164203 -55.104871 -0.759069 
325 -0.049872 0.000000 -0.031187 100.629840 0.120617 -43.866998 -0.205069 
326 -0.009769 0.000000 -0.070561 116.672521 0.112006 -36.404193 -0.493775 
327 -0.009769 0.000000 0.008188 56.973800 1.705262 -69.147263 0.196973 
328 -0.370701 0.000000 0.165687 95.556598 -0.001785 -23.633879 0.031038 
329 -0.531115 0.000000 0.165687 96.715112 0.005307 -22.712806 0.013032 
330 -0.370701 0.000000 0.323185 95.351429 0.014282 -22.202585 0.041515 
331 -0.130079 0.000000 0.086937 89.967767 -0.001706 -27.434977 0.115312 
332 -0.210286 0.000000 0.086937 93.661104 -0.024806 -26.280057 0.053696 
333 -0.130079 0.000000 0.165687 90.078170 0.017844 -23.937158 0.131294 
334 -0.009769 0.000000 0.047563 60.012800 0.184152 -27.191559 0.565905 
335 -0.049872 0.000000 0.047563 78.848876 0.126186 -33.635382 0.265150 
336 -0.009769 0.000000 0.086937 73.490145 0.137713 -19.825950 0.420611 
337 0.010283 0.000000 -0.011499 116.423066 1.572347 -63.493045 -0.758817 
338 -0.009769 0.000000 -0.011499 94.757886 1.772021 -87.112332 -0.657076 
339 0.010283 0.000000 -0.031187 146.717132 1.401729 -51.257112 -1.415517 
340 0.030335 0.000000 -0.011499 146.799901 1.015727 -19.869353 -1.194603 
341 0.010283 0.000000 0.008188 43.327100 1.534481 -42.360019 0.632604 
342 -0.089976 0.000000 -0.031187 97.523487 0.099584 -35.959073 -0.080390 
343 -0.130079 0.000000 -0.031187 97.015090 0.094046 -31.656598 -0.041408 
344 -0.089976 0.000000 -0.070561 101.932308 0.096506 -33.588178 -0.151837 
345 -0.089976 0.000000 0.008188 91.541160 0.099625 -35.463714 0.036253 
346 -0.029821 0.000000 -0.011499 95.181177 0.158339 -57.367598 -0.235052 
347 -0.049872 0.000000 -0.011499 93.800052 0.128090 -45.988823 -0.091344 
348 -0.029821 0.000000 -0.031187 106.306734 0.134845 -50.212894 -0.382247 
349 -0.029821 0.000000 0.008188 78.397364 0.172891 -54.551857 0.087792 
350 0.010283 0.000000 0.027875 16.214274 1.303050 -0.191382 0.973536 
351 -0.009769 0.000000 0.027875 -1.772861 1.569528 -36.122483 0.868956 
352 0.030335 0.000000 0.027875 40.489658 1.087475 20.043133 0.795768 
353 0.010283 0.000000 0.047563 51.581648 0.276030 -13.463289 0.715800 
354 0.000257 0.000000 -0.001656 68.477070 1.811068 -87.791952 -0.239982 
355 -0.009769 0.000000 -0.001656 62.382342 1.713804 -71.557140 0.098508 
356 0.000257 0.000000 -0.011499 103.578968 1.649201 -72.320386 -0.596156 
357 0.010283 0.000000 -0.001656 97.139717 1.595184 -62.616176 -0.335945 
358 0.000257 0.000000 0.008188 20.309919 1.657451 -55.759361 0.647565 
359 0.050386 0.000000 0.027875 61.220285 0.991039 23.529687 0.569745 
360 0.050386 0.000000 0.008188 135.416971 0.571000 1.274794 -0.833971 
361 0.070438 0.000000 0.027875 69.989650 0.966570 23.226391 0.456105 
362 0.050386 0.000000 0.047563 62.615262 0.985446 23.642180 0.551941 
363 0.311059 0.000000 0.047563 102.691222 0.181054 -8.940604 -0.062545 
364 0.351163 0.000000 0.047563 102.903335 0.214184 -13.527700 -0.077214 
365 0.311059 0.000000 0.086937 103.186053 0.204096 -12.526219 -0.080431 
366 0.471473 0.000000 0.047563 101.055395 0.545198 -24.405830 -0.080813 
367 0.431370 0.000000 0.047563 101.769087 0.431113 -20.482576 -0.077667 
368 0.471473 0.000000 0.086937 98.188576 0.224035 -18.200833 0.002768 
369 0.531629 0.000000 0.027875 94.825039 1.738907 -27.913499 0.022602 
370 0.511577 0.000000 0.027875 97.899454 1.085902 -24.292869 -0.017563 
371 0.531629 0.000000 0.047563 96.493291 0.253689 -21.183485 0.024024 
372 -4.701881 0.000000 -15.111679 97.908822 -0.000012 -20.431162 -0.000357 
373 -9.835133 0.000000 -15.111679 97.901955 -0.000018 -20.438959 -0.000254 
374 -4.701881 0.000000 -20.151635 97.900927 -0.000007 -20.433606 -0.000212 
375 0.431370 0.000000 -15.111679 97.913592 0.000003 -20.416662 -0.000391 
376 -2.135256 0.000000 -7.551746 97.967392 -0.000178 -20.404293 -0.001395 
377 -4.701881 0.000000 -7.551746 97.941060 -0.000043 -20.434083 -0.001000 
378 -2.135256 0.000000 -10.071724 97.937134 -0.000005 -20.412891 -0.000837 
379 0.431370 0.000000 -7.551746 97.985082 0.000117 -20.349600 -0.001518 
380 -0.851943 0.000000 -3.771779 98.178350 0.002257 -20.316699 -0.005176 
381 -2.135256 0.000000 -3.771779 98.085851 0.000244 -20.421367 -0.003787 
382 -0.851943 0.000000 -5.031768 98.071844 0.000287 -20.340490 -0.003182 
383 0.431370 0.000000 -3.771779 98.248036 0.002406 -20.134759 -0.005809 
384 -0.210286 0.000000 -1.881795 98.877440 -0.005193 -20.113395 -0.018130 
385 -0.851943 0.000000 -1.881795 98.574168 0.000380 -20.418086 -0.013376 
386 -0.210286 0.000000 -2.511790 98.545087 0.002775 -20.141520 -0.011682 
387 0.431370 0.000000 -1.881795 98.983493 -0.004557 -19.614645 -0.018247 
388 0.110542 0.000000 -0.936804 100.650608 0.023478 -19.535818 -0.051219 
389 -0.210286 0.000000 -0.936804 100.048963 0.034058 -20.468498 -0.042876 
390 0.110542 0.000000 -1.251801 99.801780 0.012995 -19.692668 -0.034820 
391 0.431370 0.000000 -0.936804 100.575800 0.022239 -18.456972 -0.045615 
392 0.270956 0.000000 -0.464308 103.624185 0.040624 -16.853890 -0.102203 
393 0.110542 0.000000 -0.464308 104.185562 0.019925 -19.048077 -0.121746 
394 0.270956 0.000000 -0.621806 102.210619 0.062276 -18.058564 -0.077313 
395 0.431370 0.000000 -0.464308 102.094664 0.047788 -15.745248 -0.067124 
396 0.190749 0.000000 -0.228060 108.664768 0.100560 -13.800685 -0.199850 
397 0.110542 0.000000 -0.228060 109.836766 0.094622 -17.502789 -0.237047 
398 0.190749 0.000000 -0.306809 106.833027 0.055093 -15.842300 -0.166428 
399 0.270956 0.000000 -0.228060 106.721512 0.110076 -11.288692 -0.151693 
400 0.150645 0.000000 -0.109936 119.365517 0.046364 -8.735173 -0.432443 
401 0.110542 0.000000 -0.109936 120.112943 0.054789 -15.277475 -0.466052 
402 0.150645 0.000000 -0.149310 114.506941 0.094209 -11.958182 -0.325485 
403 0.190749 0.000000 -0.109936 114.528054 0.060259 -3.572825 -0.312944 
404 0.130593 0.000000 -0.050874 138.415261 -0.370666 -36.930723 -1.052280 
405 0.110542 0.000000 -0.050874 112.041078 -0.384826 -64.135565 -0.666672 
406 0.130593 0.000000 -0.070561 134.150868 -0.369344 -48.146644 -1.031469 
407 0.150645 0.000000 -0.050874 143.884771 -0.367525 0.146359 -1.070298 
408 0.130593 0.000000 -0.031187 124.674246 -0.381082 -47.763638 -0.782518 
409 -0.049872 0.000000 -0.464308 103.194799 -0.004302 -21.135199 -0.109586 
410 -0.210286 0.000000 -0.464308 101.690318 0.021486 -22.245421 -0.083578 
411 -0.049872 0.000000 -0.621806 102.017611 0.035622 -20.540793 -0.082952 
412 0.030335 0.000000 -0.228060 108.741075 0.092783 -21.540480 -0.228862 
413 -0.049872 0.000000 -0.228060 106.238057 -0.026921 -24.396653 -0.188172 
414 0.030335 0.000000 -0.306809 106.592921 0.004273 -20.810759 -0.179514 
415 0.070438 0.000000 -0.109936 119.465284 0.080631 -20.079002 -0.467513 
416 0.030335 0.000000 -0.109936 117.669596 0.094249 -25.380681 -0.449032 
417 0.070438 0.000000 -0.149310 115.122743 0.092104 -19.829561 -0.364647 
418 0.090490 0.000000 -0.050874 116.954048 -0.206092 -21.446163 -0.413823 
419 0.070438 0.000000 -0.050874 123.864431 -0.075900 -16.033805 -0.559949 
420 0.090490 0.000000 -0.070561 122.214108 -0.054616 -19.578449 -0.531961 
421 0.150645 0.000000 0.047563 94.205034 0.750499 9.176958 0.104063 
422 0.150645 0.000000 0.086937 94.411573 0.741132 8.877792 0.100709 
423 0.130593 0.000000 -0.011499 134.150868 -0.369344 -48.146644 -1.031469 
424 0.150645 0.000000 -0.011499 149.583649 -0.371969 -0.628176 -1.237580 
425 0.130593 0.000000 0.008188 16.713509 -8.052627 -1.939665 0.965205 
426 0.120568 0.000000 -0.041030 113.839483 -0.377034 -63.040989 -0.693374 
427 0.110542 0.000000 -0.041030 99.574912 -0.407015 -68.136228 -0.455787 
428 0.120568 0.000000 -0.050874 120.540441 -0.378684 -52.560782 -0.729278 
429 0.130593 0.000000 -0.041030 127.121129 -0.377628 -47.150210 -0.838307 
430 0.120568 0.000000 -0.031187 105.882622 -0.401924 -60.237072 -0.483980 
431 0.170697 0.000000 -0.050874 134.403432 -0.354029 35.794616 -0.934566 
432 0.170697 0.000000 -0.070561 130.041269 -0.349062 45.728640 -0.900196 
433 0.190749 0.000000 -0.050874 107.417556 -0.366197 61.081799 -0.526965 
434 0.170697 0.000000 -0.031187 116.642260 -0.365489 48.910664 -0.599780 
435 2.035511 0.000000 -0.306809 97.795090 0.062957 -20.351041 0.002195 
436 2.035511 0.000000 -0.621806 98.467857 -0.012763 -17.891480 -0.001602 
437 2.356339 0.000000 -0.306809 97.796874 0.125796 -20.372981 0.002070 
438 2.035511 0.000000 0.008188 98.047618 0.013599 -18.125191 0.005814 
439 5.564621 0.000000 -15.111679 97.912743 0.000019 -20.400236 -0.000307 
440 5.564621 0.000000 -20.151635 97.902638 0.000006 -20.419962 -0.000190 
441 10.697873 0.000000 -15.111679 97.909472 0.000027 -20.386911 -0.000189 
442 15.831124 0.000000 -15.111679 97.907608 0.000030 -20.375339 -0.000105 
443 15.831124 0.000000 -20.151635 97.900077 0.000013 -20.408411 -0.000093 
444 20.964375 0.000000 -15.111679 97.907887 0.000032 -20.362468 -0.000058 
445 -14.968384 0.000000 -15.111679 97.896766 -0.000017 -20.441761 -0.000164 
446 -20.101635 0.000000 -15.111679 97.893620 -0.000013 -20.442441 -0.000105 
447 -14.968384 0.000000 -20.151635 97.895271 -0.000011 -20.440348 -0.000129 
448 2.997996 0.000000 -7.551746 97.980950 -0.000128 -20.288870 -0.001190 
449 2.997996 0.000000 -10.071724 97.943377 0.000057 -20.360545 -0.000746 
450 5.564621 0.000000 -7.551746 97.967553 0.000150 -20.241024 -0.000734 
451 8.131247 0.000000 -7.551746 97.959327 0.000185 -20.201364 -0.000412 
452 8.131247 0.000000 -10.071724 97.932888 0.000083 -20.317357 -0.000365 
453 10.697873 0.000000 -7.551746 97.958845 0.000201 -20.159034 -0.000232 
454 -7.268507 0.000000 -7.551746 97.920843 -0.000051 -20.444820 -0.000648 
455 -9.835133 0.000000 -7.551746 97.908501 -0.000045 -20.447377 -0.000417 
456 -7.268507 0.000000 -10.071724 97.915067 -0.000033 -20.439094 -0.000512 
457 1.714683 0.000000 -3.771779 98.223768 0.003011 -19.939601 -0.004550 
458 1.714683 0.000000 -5.031768 98.090284 0.002643 -20.156887 -0.002800 
459 2.997996 0.000000 -3.771779 98.156129 0.000984 -19.807360 -0.002696 
460 4.281308 0.000000 -3.771779 98.117782 0.000742 -19.707302 -0.001548 
461 4.281308 0.000000 -5.031768 98.046629 0.001425 -20.017344 -0.001384 
462 5.564621 0.000000 -3.771779 98.103478 0.002323 -19.612469 -0.000894 
463 -3.418569 0.000000 -3.771779 98.011669 0.000091 -20.459439 -0.002488 
464 -4.701881 0.000000 -3.771779 97.965262 0.000030 -20.468093 -0.001614 
465 -3.418569 0.000000 -5.031768 97.990732 0.000076 -20.436157 -0.001982 
466 1.073026 0.000000 -1.881795 98.849032 -0.002946 -19.175866 -0.013884 
467 1.073026 0.000000 -2.511790 98.561163 0.003474 -19.616699 -0.009912 
468 1.714683 0.000000 -1.881795 98.611631 0.003070 -18.949811 -0.008335 
469 2.356339 0.000000 -1.881795 98.484425 0.003570 -18.796943 -0.005251 
470 2.356339 0.000000 -2.511790 98.389080 0.009364 -19.284932 -0.005232 
471 2.997996 0.000000 -1.881795 98.401674 0.007804 -18.700284 -0.003259 
472 -1.493599 0.000000 -1.881795 98.348122 0.002683 -20.550299 -0.009467 
473 -2.135256 0.000000 -1.881795 98.184798 0.007484 -20.577615 -0.006369 
474 -1.493599 0.000000 -2.511790 98.282772 0.010510 -20.455888 -0.007795 
475 0.752198 0.000000 -0.936804 99.934255 0.057976 -17.867687 -0.030611 
476 0.752198 0.000000 -1.251801 99.579626 0.021465 -18.608906 -0.026239 
477 1.073026 0.000000 -0.936804 99.347349 0.007522 -17.723674 -0.018402 
478 1.393855 0.000000 -0.936804 99.037376 0.014603 -17.676554 -0.012086 
479 1.393855 0.000000 -1.251801 98.997401 0.006392 -18.212515 -0.013218 
480 1.714683 0.000000 -0.936804 98.780469 0.003387 -17.755680 -0.007285 
481 -0.531115 0.000000 -0.936804 99.281162 0.019007 -20.828507 -0.029058 
482 -0.851943 0.000000 -0.936804 98.903274 0.008747 -21.010762 -0.022331 
483 -0.531115 0.000000 -1.251801 99.190890 0.011907 -20.579092 -0.026233 
484 0.591784 0.000000 -0.464308 100.780591 0.005961 -15.546473 -0.039842 
485 0.591784 0.000000 -0.621806 100.722861 0.042128 -16.747629 -0.042558 
486 0.752198 0.000000 -0.464308 99.922574 0.026531 -15.873886 -0.023650 
487 0.912612 0.000000 -0.464308 99.376160 0.033148 -16.342834 -0.014271 
488 0.912612 0.000000 -0.621806 99.825773 0.015296 -16.621512 -0.024146 
489 1.073026 0.000000 -0.464308 99.139185 0.002949 -16.554974 -0.010265 
490 0.351163 0.000000 -0.228060 103.909221 0.089521 -11.009164 -0.091834 
491 0.351163 0.000000 -0.306809 103.921500 0.097777 -13.258944 -0.097549 
492 0.431370 0.000000 -0.228060 101.939141 0.121335 -11.293810 -0.051915 
493 2.035511 0.000000 -0.936804 98.619416 -0.002910 -17.843985 -0.004420 
494 2.035511 0.000000 -1.251801 98.641911 -0.000662 -18.167284 -0.006028 
495 2.356339 0.000000 -0.936804 98.508059 -0.002483 -17.955329 -0.002623 
496 2.035511 0.000000 0.323185 97.965161 0.006461 -17.664229 0.009080 
497 2.356339 0.000000 0.323185 98.059624 0.003948 -17.760666 0.006887 
498 2.035511 0.000000 0.638183 97.791291 0.007015 -17.857421 0.011798 
499 0.391266 0.000000 -0.031187 99.991809 0.210339 1.319159 -0.000015 
500 0.391266 0.000000 -0.070561 99.752236 0.192401 -4.888702 0.002555 
501 0.391266 0.000000 0.008188 100.077231 0.290677 -3.601410 -0.002851 
502 -0.370701 0.000000 -0.464308 100.284935 0.023981 -22.252689 -0.055225 
503 -0.531115 0.000000 -0.464308 99.464693 0.011962 -22.050642 -0.037946 
504 -0.370701 0.000000 -0.621806 100.207747 0.013178 -21.508515 -0.050421 
505 -0.130079 0.000000 -0.228060 103.453225 0.036906 -25.241149 -0.133969 
506 -0.210286 0.000000 -0.228060 101.673766 -0.000093 -25.285264 -0.097690 
507 -0.130079 0.000000 -0.306809 103.659058 0.013144 -23.863737 -0.131468 
508 0.230852 0.000000 -0.109936 109.477886 0.084749 -2.968439 -0.199423 
509 0.230852 0.000000 -0.149310 109.348972 0.094987 -7.491411 -0.201333 
510 0.270956 0.000000 -0.109936 106.344078 0.100310 -3.936559 -0.132457 
511 0.391266 0.000000 0.047563 102.608273 0.296349 -18.327617 -0.086445 
512 0.391266 0.000000 0.086937 103.212760 0.200430 -17.873397 -0.097237 
513 0.210801 0.000000 -0.050874 102.866910 -0.180992 16.900126 -0.086725 
514 0.210801 0.000000 -0.070561 109.561893 -0.043079 7.867913 -0.206571 
515 0.230852 0.000000 -0.050874 99.560254 0.002614 3.265239 0.007709 
516 -0.009769 0.000000 -0.109936 113.140266 0.100885 -29.770203 -0.368699 
517 -0.049872 0.000000 -0.109936 107.854651 0.092685 -31.132735 -0.260188 
518 -0.009769 0.000000 -0.149310 110.696150 0.093965 -26.370460 -0.294905 
519 0.170697 0.000000 -0.011499 105.392328 -0.378559 59.340500 -0.462898 
520 0.170697 0.000000 0.008188 98.209898 0.712841 3.369642 0.034295 
521 0.050386 0.000000 -0.011499 140.325636 0.715959 -4.363187 -0.971083 
522 0.050386 0.000000 -0.031187 135.471192 0.572482 1.236679 -0.835430 
523 0.090490 0.000000 0.027875 80.984349 0.849581 20.228937 0.303160 
524 0.110542 0.000000 0.027875 87.451064 0.836365 16.125716 0.209157 
525 0.090490 0.000000 0.047563 79.451924 0.913578 20.443239 0.326863 
526 -0.089976 0.000000 -0.109936 104.031935 0.096710 -30.581392 -0.175787 
527 -0.130079 0.000000 -0.109936 101.776232 -0.050319 -29.398871 -0.122270 
528 -0.089976 0.000000 -0.149310 104.752217 0.090405 -28.093070 -0.176226 
529 -0.089976 0.000000 0.047563 87.395125 0.094811 -31.723841 0.135568 
530 -0.130079 0.000000 0.047563 91.231503 -0.022928 -29.735083 0.079264 
531 -0.089976 0.000000 0.086937 86.370090 0.091937 -27.654224 0.177544 
532 -0.029821 0.000000 0.027875 70.304063 0.161396 -42.555831 0.324631 
533 -0.049872 0.000000 0.027875 80.627994 0.131035 -39.252216 0.195837 
534 -0.029821 0.000000 0.047563 70.827652 0.145886 -32.833578 0.390538 
535 0.130593 0.000000 0.027875 90.962643 0.788244 13.912707 0.153161 
536 0.150645 0.000000 0.027875 92.622815 0.765993 11.500430 0.128817 
537 0.130593 0.000000 0.047563 91.782880 0.810913 12.701364 0.141392 
538 0.170697 0.000000 0.027875 98.208545 0.597973 3.357790 0.034345 
539 0.190749 0.000000 0.027875 98.208535 0.597134 3.357703 0.034345 
540 0.170697 0.000000 0.047563 95.137400 0.722359 7.823054 0.088715 
541 0.511577 0.000000 -0.228060 100.547174 0.101623 -11.974921 -0.025314 
542 0.511577 0.000000 -0.306809 101.157064 0.066362 -13.499254 -0.041499 
543 0.591784 0.000000 -0.228060 99.282571 0.059641 -13.556971 -0.004082 
544 0.671991 0.000000 -0.228060 98.716456 0.057823 -14.663967 0.004003 
545 0.671991 0.000000 -0.306809 99.566226 0.062978 -14.662918 -0.012844 
546 0.752198 0.000000 -0.228060 98.447028 0.050266 -15.525048 0.006715 
547 0.311059 0.000000 -0.109936 104.242518 0.113168 -4.938364 -0.089090 
548 0.311059 0.000000 -0.149310 105.136890 0.114317 -7.041705 -0.110336 
549 0.351163 0.000000 -0.109936 102.670144 0.198607 -5.408364 -0.057045 
550 0.391266 0.000000 -0.109936 101.057987 0.173192 -6.540847 -0.025553 
551 0.391266 0.000000 -0.149310 101.880127 0.144348 -8.355392 -0.044939 
552 0.431370 0.000000 -0.109936 99.566121 0.131247 -7.851795 0.002492 
553 0.210801 0.000000 0.027875 100.080466 0.337333 0.259804 -0.001628 
554 0.230852 0.000000 0.027875 101.071936 0.190412 -1.286028 -0.021723 
555 0.210801 0.000000 0.047563 99.936812 0.505240 -1.164070 0.001102 
556 0.050386 0.000000 -0.050874 130.308811 0.023574 -18.518366 -0.732332 
557 0.030335 0.000000 -0.050874 132.831709 0.088537 -26.923394 -0.836914 
558 0.050386 0.000000 -0.070561 125.436120 0.051648 -22.132147 -0.622405 
559 0.010283 0.000000 -0.050874 128.488468 0.120102 -37.101201 -0.788580 
560 -0.009769 0.000000 -0.050874 118.975021 0.125119 -42.853576 -0.599150 
561 0.010283 0.000000 -0.070561 122.071549 0.107089 -32.819611 -0.597860 
562 0.471473 0.000000 -0.109936 98.424239 0.088795 -8.982038 0.023198 
563 0.471473 0.000000 -0.149310 99.602556 0.123429 -9.892736 -0.001855 
564 0.511577 0.000000 -0.109936 97.533077 0.123563 -10.258589 0.038204 
565 0.551681 0.000000 -0.109936 97.004653 0.101166 -11.450074 0.045898 
566 0.551681 0.000000 -0.149310 98.256367 0.099393 -11.819189 0.020598 
567 0.591784 0.000000 -0.109936 96.729891 0.085026 -12.984689 0.047472 
568 0.631888 0.000000 -0.109936 96.696488 0.057687 -14.493527 0.043972 
569 0.631888 0.000000 -0.149310 97.612080 0.050763 -14.182318 0.027074 
570 0.671991 0.000000 -0.109936 96.856490 0.044629 -15.354982 0.038304 
571 -0.029821 0.000000 -0.050874 110.257290 0.119527 -42.744834 -0.398381 
572 -0.049872 0.000000 -0.050874 104.779990 0.113098 -40.141300 -0.259018 
573 -0.029821 0.000000 -0.070561 111.145056 0.110043 -37.333108 -0.374700 
1 19 21 3 22 
2 20 19 22 9 
3 28 20 9 30 
4 29 28 30 4 
5 35 37 19 38 
6 36 35 38 20 
7 44 36 20 46 
8 45 44 46 28 
9 51 53 35 54 
10 52 51 54 36 
11 60 52 36 62 
12 61 60 62 44 
13 67 69 51 70 
14 68 67 70 52 
15 76 68 52 78 
16 77 76 78 60 
17 83 85 67 86 
18 84 83 86 68 
19 92 84 68 94 
20 93 92 94 76 
21 99 101 83 102 
22 100 99 102 84 
23 108 100 84 110 
24 109 108 110 92 
25 115 117 99 118 
26 116 115 118 100 
27 10 125 124 26 
28 125 13 126 124 
29 124 126 8 127 
30 26 124 127 14 
31 23 129 128 42 
32 129 26 130 128 
33 128 130 14 131 
34 42 128 131 27 
35 39 133 132 58 
36 133 42 134 132 
37 132 134 27 135 
38 58 132 135 43 
39 137 58 138 136 
40 136 138 43 139 
41 71 141 140 90 
42 141 74 142 140 
43 140 142 59 143 
44 90 140 143 75 
45 87 145 144 106 
46 145 90 146 144 
47 144 146 75 147 
48 106 144 147 91 
49 149 106 150 148 
50 148 150 91 151 
51 152 116 100 154 
52 153 152 154 108 
53 155 157 115 158 
54 156 155 158 116 
55 119 161 159 160 
56 161 122 162 159 
57 14 127 164 37 
58 127 8 165 164 
59 164 165 21 166 
60 37 164 166 19 
61 27 131 167 53 
62 131 14 168 167 
63 167 168 37 169 
64 53 167 169 35 
65 43 135 170 69 
66 135 27 171 170 
67 170 171 53 172 
68 69 170 172 51 
69 139 43 174 173 
70 173 174 69 175 
71 85 173 175 67 
72 75 143 176 101 
73 143 59 177 176 
74 176 177 85 178 
75 101 176 178 83 
76 91 147 179 117 
77 147 75 180 179 
78 179 180 101 181 
79 117 179 181 99 
80 151 91 183 182 
81 182 183 117 184 
82 157 182 184 115 
83 122 186 185 162 
84 186 148 187 185 
85 185 187 151 188 
86 162 185 188 107 
87 189 191 157 192 
88 190 189 192 155 
89 159 195 193 194 
90 195 162 196 193 
91 193 196 107 197 
92 120 204 202 203 
93 204 119 160 202 
94 202 160 123 205 
95 203 202 205 5 
96 160 208 206 207 
97 208 159 194 206 
98 206 194 163 209 
99 207 206 209 123 
100 107 188 210 191 
101 188 151 211 210 
102 210 211 182 212 
103 191 210 212 157 
104 163 197 213 214 
105 197 107 215 213 
106 213 215 191 216 
107 214 213 216 189 
108 194 219 217 218 
109 219 193 220 217 
110 217 220 197 221 
111 218 217 221 163 
112 16 224 222 223 
113 224 15 32 222 
114 222 32 18 225 
115 223 222 225 6 
116 32 228 226 227 
117 228 31 48 226 
118 226 48 34 229 
119 227 226 229 18 
120 48 232 230 231 
121 232 47 64 230 
122 230 64 50 233 
123 231 230 233 34 
124 64 236 234 235 
125 236 63 80 234 
126 234 80 66 237 
127 235 234 237 50 
128 80 240 238 239 
129 239 238 241 66 
130 250 156 116 252 
131 251 250 252 152 
132 199 255 253 254 
133 255 198 256 253 
134 253 256 201 257 
135 254 253 257 114 
136 6 225 258 259 
137 225 18 45 258 
138 258 45 28 260 
139 259 258 260 29 
140 18 229 261 262 
141 229 34 61 261 
142 261 61 44 263 
143 262 261 263 45 
144 34 233 264 265 
145 233 50 77 264 
146 264 77 60 266 
147 265 264 266 61 
148 50 237 267 268 
149 237 66 93 267 
150 267 93 76 269 
151 268 267 269 77 
152 66 241 270 271 
153 270 109 92 272 
154 271 270 272 93 
155 273 153 108 275 
156 274 273 275 109 
157 276 251 152 278 
158 277 276 278 153 
159 281 199 254 279 
160 279 254 114 282 
161 282 114 293 291 
162 291 293 251 294 
163 292 291 294 276 
164 280 297 295 296 
165 297 279 298 295 
166 295 298 282 299 
167 296 295 299 249 
168 300 277 153 302 
169 301 300 302 273 
170 307 309 277 310 
171 308 307 310 300 
172 303 313 311 312 
173 313 288 314 311 
174 311 314 98 315 
175 312 311 315 306 
176 238 318 316 317 
177 318 96 243 316 
178 316 243 82 319 
179 317 316 319 241 
180 243 322 320 321 
181 321 320 323 82 
182 241 319 328 329 
183 319 82 274 328 
184 328 274 109 330 
185 329 328 330 270 
186 82 323 331 332 
187 331 301 273 333 
188 332 331 333 274 
189 334 308 300 336 
190 335 334 336 301 
191 324 339 337 338 
192 339 304 340 337 
193 337 340 286 341 
194 320 344 342 343 
195 344 284 325 342 
196 342 325 245 345 
197 343 342 345 323 
198 325 348 346 347 
199 348 324 338 346 
200 346 338 327 349 
201 347 346 349 245 
202 327 341 350 351 
203 341 286 352 350 
204 350 352 308 353 
205 351 350 353 334 
206 338 356 354 355 
207 356 337 357 354 
208 354 357 341 358 
209 355 354 358 327 
210 286 360 359 352 
211 360 306 361 359 
212 359 361 307 362 
213 352 359 362 308 
214 114 257 363 293 
215 257 201 364 363 
216 363 364 250 365 
217 293 363 365 251 
218 5 205 366 367 
219 205 123 190 366 
220 366 190 155 368 
221 367 366 368 156 
222 123 209 369 370 
223 209 163 214 369 
224 369 214 189 371 
225 370 369 371 190 
226 17 374 372 373 
227 374 7 375 372 
228 372 375 11 33 
229 373 372 33 15 
230 33 378 376 377 
231 378 11 379 376 
232 376 379 24 49 
233 377 376 49 31 
234 49 382 380 381 
235 382 24 383 380 
236 380 383 40 65 
237 381 380 65 47 
238 65 386 384 385 
239 386 40 387 384 
240 384 387 56 81 
241 385 384 81 63 
242 81 390 388 389 
243 390 56 391 388 
244 388 391 72 97 
245 389 388 97 79 
246 97 394 392 393 
247 394 72 395 392 
248 392 395 88 113 
249 393 392 113 95 
250 95 398 396 397 
251 398 113 399 396 
252 396 399 111 248 
253 397 396 248 112 
254 112 402 400 401 
255 402 248 403 400 
256 400 403 246 289 
257 401 400 289 247 
258 247 406 404 405 
259 406 289 407 404 
260 404 407 287 408 
261 79 411 409 410 
262 411 97 393 409 
263 409 393 95 244 
264 410 409 244 96 
265 244 414 412 413 
266 414 95 397 412 
267 412 397 112 285 
268 413 412 285 242 
269 285 417 415 416 
270 417 112 401 415 
271 415 401 247 305 
272 416 415 305 283 
273 305 420 418 419 
274 420 247 405 418 
275 418 405 288 313 
276 419 418 313 303 
277 421 292 276 422 
278 309 421 422 277 
279 288 408 423 314 
280 408 287 424 423 
281 423 424 290 425 
282 314 423 425 98 
283 405 428 426 427 
284 428 404 429 426 
285 426 429 408 430 
286 427 426 430 288 
287 289 432 431 407 
288 432 246 433 431 
289 431 433 280 434 
290 407 431 434 287 
291 74 436 435 142 
292 436 136 437 435 
293 435 437 139 438 
294 142 435 438 59 
295 7 440 439 375 
296 440 12 441 439 
297 439 441 10 25 
298 375 439 25 11 
299 12 443 442 441 
300 443 2 444 442 
301 442 444 13 125 
302 441 442 125 10 
303 1 447 445 446 
304 447 17 373 445 
305 445 373 15 224 
306 446 445 224 16 
307 11 449 448 379 
308 449 25 450 448 
309 448 450 23 41 
310 379 448 41 24 
311 25 452 451 450 
312 452 10 453 451 
313 451 453 26 129 
314 450 451 129 23 
315 15 456 454 455 
316 456 33 377 454 
317 454 377 31 228 
318 455 454 228 32 
319 24 458 457 383 
320 458 41 459 457 
321 457 459 39 57 
322 383 457 57 40 
323 41 461 460 459 
324 461 23 462 460 
325 460 462 42 133 
326 459 460 133 39 
327 31 465 463 464 
328 465 49 381 463 
329 463 381 47 232 
330 464 463 232 48 
331 40 467 466 387 
332 467 57 468 466 
333 466 468 55 73 
334 387 466 73 56 
335 57 470 469 468 
336 470 39 471 469 
337 469 471 58 137 
338 468 469 137 55 
339 47 474 472 473 
340 474 65 385 472 
341 472 385 63 236 
342 473 472 236 64 
343 56 476 475 391 
344 476 73 477 475 
345 475 477 71 89 
346 391 475 89 72 
347 73 479 478 477 
348 479 55 480 478 
349 478 480 74 141 
350 477 478 141 71 
351 63 483 481 482 
352 483 81 389 481 
353 481 389 79 240 
354 482 481 240 80 
355 72 485 484 395 
356 485 89 486 484 
357 484 486 87 105 
358 395 484 105 88 
359 89 488 487 486 
360 488 71 489 487 
361 487 489 90 145 
362 486 487 145 87 
363 113 491 490 399 
364 491 88 492 490 
365 490 492 104 200 
366 399 490 200 111 
367 55 494 493 480 
368 494 137 495 493 
369 493 495 136 436 
370 480 493 436 74 
371 59 438 496 177 
372 438 139 497 496 
373 496 497 173 498 
374 177 496 498 85 
375 198 500 499 256 
376 500 120 203 499 
377 499 203 5 501 
378 256 499 501 201 
379 240 504 502 503 
380 504 79 410 502 
381 502 410 96 318 
382 503 502 318 238 
383 96 507 505 506 
384 507 244 413 505 
385 505 413 242 322 
386 506 505 322 243 
387 248 509 508 403 
388 509 111 510 508 
389 508 510 199 281 
390 403 508 281 246 
391 201 501 511 364 
392 501 5 367 511 
393 511 367 156 512 
394 364 511 512 250 
395 246 514 513 433 
396 514 281 515 513 
397 513 515 279 297 
398 433 513 297 280 
399 242 518 516 517 
400 518 285 416 516 
401 516 416 283 326 
402 517 516 326 284 
403 287 434 519 424 
404 434 280 296 519 
405 519 296 249 520 
406 424 519 520 290 
407 304 522 521 340 
408 522 303 312 521 
409 521 312 306 360 
410 340 521 360 286 
411 306 315 523 361 
412 315 98 524 523 
413 523 524 309 525 
414 361 523 525 307 
415 322 528 526 527 
416 528 242 517 526 
417 526 517 284 344 
418 527 526 344 320 
419 323 345 529 530 
420 345 245 335 529 
421 529 335 301 531 
422 530 529 531 331 
423 245 349 532 533 
424 349 327 351 532 
425 532 351 334 534 
426 533 532 534 335 
427 98 425 535 524 
428 425 290 536 535 
429 535 536 421 537 
430 524 535 537 309 
431 290 520 538 536 
432 520 249 539 538 
433 538 539 292 540 
434 536 538 540 421 
435 88 542 541 492 
436 542 105 543 541 
437 541 543 103 121 
438 492 541 121 104 
439 105 545 544 543 
440 545 87 546 544 
441 544 546 106 149 
442 543 544 149 103 
443 111 548 547 510 
444 548 200 549 547 
445 547 549 198 255 
446 510 547 255 199 
447 200 551 550 549 
448 551 104 552 550 
449 550 552 120 500 
450 549 550 500 198 
451 249 299 553 539 
452 299 282 554 553 
453 553 554 291 555 
454 539 553 555 292 
455 283 558 556 557 
456 558 305 419 556 
457 556 419 303 522 
458 557 556 522 304 
459 326 561 559 560 
460 561 283 557 559 
461 559 557 304 339 
462 560 559 339 324 
463 104 563 562 552 
464 563 121 564 562 
465 562 564 119 204 
466 552 562 204 120 
467 121 566 565 564 
468 566 103 567 565 
469 565 567 122 161 
470 564 565 161 119 
471 103 569 568 567 
472 569 149 570 568 
473 568 570 148 186 
474 567 568 186 122 
475 284 573 571 572 
476 573 326 560 571 
477 571 560 324 348 
478 572 571 348 325 
