2 0.000000 100.000000 5791.461216
573 478 
1 -20.101635 0.000000 -20.151635 99.995883 -0.000008 -0.895035 0.000002 
2 20.964375 0.000000 -20.151635 99.995900 0.000007 -0.895685 0.000002 
3 20.964375 0.000000 20.168012 99.996068 0.000009 -0.895660 -0.000002 
4 -20.101635 0.000000 20.168012 99.996094 -0.000004 -0.895008 -0.000002 
5 0.431370 0.000000 0.008188 96.373890 0.378345 -5.204534 0.068484 
6 -20.101635 0.000000 0.008188 99.995944 -0.000018 -0.894887 0.000001 
7 0.431370 0.000000 -20.151635 99.995730 -0.000001 -0.895394 0.000005 
8 20.964375 0.000000 0.008188 99.955507 0.006517 -5.414936 -0.002043 
9 0.431370 0.000000 20.168012 99.996295 0.000010 -0.895377 -0.000006 
10 10.697873 0.000000 -10.071724 99.995612 0.000040 -0.898190 0.000007 
11 0.431370 0.000000 -10.071724 99.994879 0.000014 -0.896909 0.000022 
12 10.697873 0.000000 -20.151635 99.995815 0.000007 -0.895609 0.000003 
13 20.964375 0.000000 -10.071724 99.995863 0.000022 -0.898344 0.000002 
14 10.697873 0.000000 0.008188 99.944716 0.006637 -6.585055 -0.003231 
15 -9.835133 0.000000 -10.071724 99.995466 -0.000028 -0.895126 0.000011 
16 -20.101635 0.000000 -10.071724 99.995856 -0.000015 -0.894974 0.000003 
17 -9.835133 0.000000 -20.151635 99.995782 -0.000009 -0.895140 0.000004 
18 -9.835133 0.000000 0.008188 99.995595 -0.000058 -0.894366 0.000008 
19 10.697873 0.000000 10.088100 99.996237 0.000036 -0.898065 -0.000005 
20 0.431370 0.000000 10.088100 99.997422 0.000058 -0.896814 -0.000029 
21 20.964375 0.000000 10.088100 99.996022 0.000004 -0.897916 -0.000001 
22 10.697873 0.000000 20.168012 99.996174 0.000014 -0.895616 -0.000004 
23 5.564621 0.000000 -5.031768 99.994386 0.000247 -0.914356 0.000029 
24 0.431370 0.000000 -5.031768 99.989972 -0.000113 -0.906903 0.000118 
25 5.564621 0.000000 -10.071724 99.995276 0.000045 -0.897852 0.000014 
26 10.697873 0.000000 -5.031768 99.995341 0.000115 -0.915753 0.000009 
27 5.564621 0.000000 0.008188 99.936071 0.006259 -7.271046 -0.004009 
28 -9.835133 0.000000 10.088100 99.996433 -0.000011 -0.894910 -0.000009 
29 -20.101635 0.000000 10.088100 99.996080 -0.000011 -0.894932 -0.000002 
30 -9.835133 0.000000 20.168012 99.996213 -0.000001 -0.895092 -0.000004 
31 -4.701881 0.000000 -5.031768 99.993314 -0.001104 -0.896431 0.000053 
32 -9.835133 0.000000 -5.031768 99.995246 -0.000050 -0.894865 0.000015 
33 -4.701881 0.000000 -10.071724 99.995026 -0.000025 -0.895687 0.000019 
34 -4.701881 0.000000 0.008188 99.992887 -0.000267 -0.891805 0.000063 
35 5.564621 0.000000 5.048144 99.996516 -0.000444 -0.913919 -0.000014 
36 0.431370 0.000000 5.048144 100.004598 0.000640 -0.906584 -0.000174 
37 10.697873 0.000000 5.048144 99.995905 -0.000014 -0.912836 -0.000001 
38 5.564621 0.000000 10.088100 99.996728 0.000064 -0.897958 -0.000015 
39 2.997996 0.000000 -2.511790 99.979714 0.001119 -1.034447 0.000299 
40 0.431370 0.000000 -2.511790 99.944341 0.005659 -0.973195 0.001018 
41 2.997996 0.000000 -5.031768 99.991954 -0.002402 -0.913550 0.000077 
42 5.564621 0.000000 -2.511790 99.991665 0.000123 -1.040202 0.000058 
43 2.997996 0.000000 0.008188 99.911554 0.008472 -7.609828 -0.004023 
44 -4.701881 0.000000 5.048144 99.998064 0.001190 -0.894754 -0.000041 
45 -9.835133 0.000000 5.048144 99.996326 -0.000032 -0.894529 -0.000007 
46 -4.701881 0.000000 10.088100 99.997033 0.000011 -0.895319 -0.000021 
47 -2.135256 0.000000 -2.511790 99.986107 0.001755 -0.912157 0.000195 
48 -4.701881 0.000000 -2.511790 99.991543 -0.000244 -0.894972 0.000089 
49 -2.135256 0.000000 -5.031768 99.991183 -0.000127 -0.899543 0.000095 
50 -2.135256 0.000000 0.008188 99.971579 0.000421 -0.866141 0.000493 
51 2.997996 0.000000 2.528166 100.004620 0.000572 -1.034141 -0.000199 
52 0.431370 0.000000 2.528166 100.067656 -0.002016 -0.974435 -0.001449 
53 5.564621 0.000000 2.528166 99.994711 0.000260 -1.023364 0.000001 
54 2.997996 0.000000 5.048144 100.000217 0.002960 -0.914790 -0.000088 
55 1.714683 0.000000 -1.251801 99.935775 -0.002332 -1.514992 0.001055 
56 0.431370 0.000000 -1.251801 99.881070 0.011880 -1.236588 0.002224 
57 1.714683 0.000000 -2.511790 99.989997 0.001703 -1.000413 0.000100 
58 2.997996 0.000000 -1.251801 99.977219 -0.000053 -1.586058 0.000204 
59 1.714683 0.000000 0.008188 99.634218 0.030443 -8.444277 0.000172 
60 -2.135256 0.000000 2.528166 100.002015 -0.001614 -0.899174 -0.000121 
61 -4.701881 0.000000 2.528166 99.997267 -0.000143 -0.892300 -0.000025 
62 -2.135256 0.000000 5.048144 100.001535 0.000076 -0.896794 -0.000111 
63 -0.851943 0.000000 -1.251801 99.930570 0.002044 -0.988731 0.001290 
64 -2.135256 0.000000 -1.251801 99.975367 -0.000220 -0.915034 0.000409 
65 -0.851943 0.000000 -2.511790 99.983802 -0.003637 -0.937210 0.000236 
66 -0.851943 0.000000 0.008188 99.777655 -0.001417 -0.640029 0.004401 
67 1.714683 0.000000 1.268177 100.007519 0.010806 -1.532818 -0.000385 
68 0.431370 0.000000 1.268177 100.452537 0.007845 -1.302820 -0.009241 
69 2.997996 0.000000 1.268177 99.980562 0.001029 -1.512266 0.000160 
70 1.714683 0.000000 2.528166 100.003694 0.001179 -1.012641 -0.000176 
71 1.073026 0.000000 -0.621806 99.664278 0.020848 -2.631346 0.006011 
72 0.431370 0.000000 -0.621806 99.341528 0.027940 -1.747441 0.012821 
73 1.073026 0.000000 -1.251801 99.916848 0.013485 -1.395986 0.001467 
74 1.714683 0.000000 -0.621806 99.848674 -0.000968 -2.932138 0.002164 
75 1.073026 0.000000 0.008188 99.115373 0.067806 -10.049595 0.007514 
76 -0.851943 0.000000 1.268177 100.042811 0.001796 -0.889417 -0.000936 
77 -2.135256 0.000000 1.268177 99.993065 0.001402 -0.893609 0.000059 
78 -0.851943 0.000000 2.528166 100.015405 0.001012 -0.915567 -0.000392 
79 -0.210286 0.000000 -0.621806 99.566579 0.026618 -1.221375 0.008500 
80 -0.851943 0.000000 -0.621806 99.711903 0.008747 -0.813983 0.005687 
81 -0.210286 0.000000 -1.251801 100.009864 0.003955 -1.115667 -0.000322 
82 -0.210286 0.000000 0.008188 97.602257 -0.010024 -0.994778 0.047281 
83 1.073026 0.000000 0.638183 100.135793 0.010255 -2.900014 -0.003559 
84 0.431370 0.000000 0.638183 101.698040 0.018460 -2.411233 -0.034831 
85 1.714683 0.000000 0.638183 99.950262 0.009485 -2.692144 0.000270 
86 1.073026 0.000000 1.268177 100.078418 0.001223 -1.488825 -0.001791 
87 0.752198 0.000000 -0.306809 98.268354 0.039169 -4.816787 0.032013 
88 0.431370 0.000000 -0.306809 98.227879 0.085083 -2.061335 0.034703 
89 0.752198 0.000000 -0.621806 99.279123 0.019056 -2.434501 0.013773 
90 1.073026 0.000000 -0.306809 99.261978 0.004190 -5.277038 0.011921 
91 0.752198 0.000000 0.008188 97.768648 0.080201 -11.949806 0.029849 
92 -0.210286 0.000000 0.638183 100.294380 0.011458 -0.603567 -0.005933 
93 -0.851943 0.000000 0.638183 100.101578 -0.005129 -0.601590 -0.002069 
94 -0.210286 0.000000 1.268177 100.233573 -0.005652 -0.958508 -0.004769 
95 0.110542 0.000000 -0.306809 99.660418 0.022422 -1.480256 0.006561 
96 -0.210286 0.000000 -0.306809 99.329107 -0.015717 -1.660679 0.013097 
97 0.110542 0.000000 -0.621806 99.767622 0.026328 -1.452773 0.004431 
98 0.110542 0.000000 0.008188 21.359332 -7.145343 -3.037086 0.948350 
99 0.752198 0.000000 0.323185 100.663219 0.027508 -6.045776 -0.016964 
100 0.431370 0.000000 0.323185 103.085218 0.075974 -4.873736 -0.065032 
101 1.073026 0.000000 0.323185 99.919189 0.028493 -4.923259 -0.000808 
102 0.752198 0.000000 0.638183 100.673822 0.026499 -3.010318 -0.014428 
103 0.591784 0.000000 -0.149310 96.170359 0.075809 -6.191468 0.071292 
104 0.431370 0.000000 -0.149310 95.655731 0.092648 -2.625228 0.084308 
105 0.591784 0.000000 -0.306809 97.904913 0.059266 -3.680627 0.040108 
106 0.752198 0.000000 -0.149310 97.708374 0.045621 -7.953234 0.038982 
107 0.591784 0.000000 0.008188 74.667965 1.235388 -13.279394 0.424683 
108 0.110542 0.000000 0.323185 102.866468 0.056356 0.700479 -0.058200 
109 -0.210286 0.000000 0.323185 99.882524 0.014583 0.422325 0.002330 
110 0.110542 0.000000 0.638183 101.414449 0.013321 -0.972163 -0.028584 
111 0.270956 0.000000 -0.149310 97.533339 0.070743 0.628799 0.048685 
112 0.110542 0.000000 -0.149310 101.505855 0.075069 -1.553555 -0.030586 
113 0.270956 0.000000 -0.306809 98.762236 0.048194 -1.238821 0.024448 
114 0.270956 0.000000 0.008188 94.167701 0.075002 1.277719 0.113081 
115 0.591784 0.000000 0.165687 100.837363 0.096013 -10.401416 -0.027637 
116 0.431370 0.000000 0.165687 105.570722 0.158204 -10.192400 -0.124909 
117 0.752198 0.000000 0.165687 99.527494 0.066239 -8.284112 0.002565 
118 0.591784 0.000000 0.323185 101.582527 0.072406 -5.997520 -0.035499 
119 0.511577 0.000000 -0.070561 93.092496 0.115017 -6.184673 0.129552 
120 0.431370 0.000000 -0.070561 93.288664 0.132074 -3.244094 0.128668 
121 0.511577 0.000000 -0.149310 95.451646 0.111005 -4.872442 0.086523 
122 0.591784 0.000000 -0.070561 94.433558 0.081154 -8.718289 0.100629 
123 0.511577 0.000000 0.008188 95.562236 1.050695 -13.965463 0.067172 
124 15.831124 0.000000 -5.031768 99.995622 0.000078 -0.916323 0.000004 
125 15.831124 0.000000 -10.071724 99.995782 0.000030 -0.898298 0.000004 
126 20.964375 0.000000 -5.031768 99.995713 0.000063 -0.916872 0.000002 
127 15.831124 0.000000 0.008188 99.950536 0.006883 -5.963496 -0.002567 
128 8.131247 0.000000 -2.511790 99.993757 0.000264 -1.043116 0.000016 
129 8.131247 0.000000 -5.031768 99.995035 -0.000608 -0.915776 0.000015 
130 10.697873 0.000000 -2.511790 99.994161 0.000093 -1.047164 0.000007 
131 8.131247 0.000000 0.008188 99.941187 0.006408 -6.920464 -0.003613 
132 4.281308 0.000000 -1.251801 99.985405 -0.000292 -1.613957 0.000031 
133 4.281308 0.000000 -2.511790 99.989250 0.000599 -1.039207 0.000107 
134 5.564621 0.000000 -1.251801 99.986015 -0.001571 -1.637320 0.000012 
135 4.281308 0.000000 0.008188 99.930781 0.006914 -7.437545 -0.004148 
136 2.356339 0.000000 -0.621806 99.917705 -0.007462 -3.061665 0.000708 
137 2.356339 0.000000 -1.251801 99.947499 0.000817 -1.591791 0.000796 
138 2.997996 0.000000 -0.621806 99.955173 -0.008243 -3.125423 -0.000080 
139 2.356339 0.000000 0.008188 99.789774 0.013169 -7.826557 -0.001925 
140 1.393855 0.000000 -0.306809 99.562446 0.005831 -5.506065 0.005700 
141 1.393855 0.000000 -0.621806 99.713496 0.005934 -2.915976 0.004872 
142 1.714683 0.000000 -0.306809 99.721529 -0.005680 -5.656518 0.002362 
143 1.393855 0.000000 0.008188 99.467988 0.047413 -9.133260 0.002270 
144 0.912612 0.000000 -0.149310 98.568931 0.025302 -8.511570 0.021172 
145 0.912612 0.000000 -0.306809 98.890637 0.029862 -5.170335 0.019391 
146 1.073026 0.000000 -0.149310 99.069269 -0.001512 -8.532120 0.011248 
147 0.912612 0.000000 0.008188 98.676374 0.096502 -11.071716 0.014038 
148 0.671991 0.000000 -0.070561 96.397651 0.053549 -10.274934 0.060192 
149 0.671991 0.000000 -0.149310 96.996548 0.051543 -7.375196 0.053727 
150 0.752198 0.000000 -0.070561 97.513657 0.025531 -10.610378 0.037851 
151 0.671991 0.000000 0.008188 96.791399 -0.034371 -12.253169 0.048128 
152 0.270956 0.000000 0.165687 110.401687 0.111045 -4.256415 -0.220666 
153 0.110542 0.000000 0.165687 106.897463 0.118115 6.035782 -0.146351 
154 0.270956 0.000000 0.323185 104.341006 0.100327 -2.169774 -0.089176 
155 0.511577 0.000000 0.086937 102.479726 0.155923 -16.280393 -0.076717 
156 0.431370 0.000000 0.086937 110.643824 0.366394 -23.930810 -0.281487 
157 0.591784 0.000000 0.086937 98.933508 0.120299 -13.610522 0.002690 
158 0.511577 0.000000 0.165687 102.659836 0.120759 -10.420356 -0.064764 
159 0.551681 0.000000 -0.031187 91.678692 0.112301 -8.957937 0.151476 
160 0.511577 0.000000 -0.031187 91.107169 0.114945 -7.674792 0.164057 
161 0.551681 0.000000 -0.070561 93.536013 0.094867 -7.473193 0.119516 
162 0.591784 0.000000 -0.031187 93.041343 0.100532 -10.953984 0.122331 
163 0.551681 0.000000 0.008188 87.108142 2.027803 -18.765344 0.205592 
164 15.831124 0.000000 5.048144 99.995858 -0.000063 -0.912187 -0.000000 
165 20.964375 0.000000 5.048144 99.995853 -0.000080 -0.911690 -0.000000 
166 15.831124 0.000000 10.088100 99.996077 0.000015 -0.897986 -0.000002 
167 8.131247 0.000000 2.528166 99.994501 -0.000180 -1.017793 0.000006 
168 10.697873 0.000000 2.528166 99.994763 -0.000386 -1.014796 0.000002 
169 8.131247 0.000000 5.048144 99.996015 0.000818 -0.913739 -0.000004 
170 4.281308 0.000000 1.268177 99.984541 -0.000464 -1.503945 0.000083 
171 5.564621 0.000000 1.268177 99.989004 -0.000381 -1.500751 -0.000005 
172 4.281308 0.000000 2.528166 99.995754 0.000067 -1.028654 -0.000021 
173 2.356339 0.000000 0.638183 99.952763 0.007747 -2.627019 0.000254 
174 2.997996 0.000000 0.638183 99.964334 0.003054 -2.593690 0.000040 
175 2.356339 0.000000 1.268177 99.998959 0.003462 -1.550607 -0.000220 
176 1.393855 0.000000 0.323185 99.865197 0.015939 -4.540902 0.000632 
177 1.714683 0.000000 0.323185 99.863139 0.012638 -4.250918 0.000928 
178 1.393855 0.000000 0.638183 100.035771 0.017244 -2.849860 -0.001528 
179 0.912612 0.000000 0.165687 99.562468 0.057654 -7.663745 0.002858 
180 1.073026 0.000000 0.165687 99.594625 0.035113 -6.782543 0.003491 
181 0.912612 0.000000 0.323185 100.178116 0.033390 -5.509132 -0.006601 
182 0.671991 0.000000 0.086937 98.461719 0.085898 -11.192027 0.018002 
183 0.752198 0.000000 0.086937 98.681459 0.079299 -9.956765 0.016283 
184 0.671991 0.000000 0.165687 99.847833 0.082388 -9.246706 -0.005510 
185 0.631888 0.000000 -0.031187 95.180061 0.081369 -11.594282 0.080632 
186 0.631888 0.000000 -0.070561 95.511799 0.059153 -9.756505 0.078230 
187 0.671991 0.000000 -0.031187 96.413435 0.069149 -11.371108 0.057514 
188 0.631888 0.000000 0.008188 95.683844 0.092728 -12.797217 0.068082 
189 0.551681 0.000000 0.047563 98.685973 0.189074 -18.443349 -0.007911 
190 0.511577 0.000000 0.047563 103.575535 0.867968 -28.867440 -0.156197 
191 0.591784 0.000000 0.047563 96.769764 0.141106 -15.388862 0.039878 
192 0.551681 0.000000 0.086937 100.231144 0.143201 -14.808336 -0.026559 
193 0.571732 0.000000 -0.011499 78.535202 1.572800 -13.786680 0.363968 
194 0.551681 0.000000 -0.011499 83.607340 1.846656 -12.377420 0.285320 
195 0.571732 0.000000 -0.031187 92.003539 0.109113 -9.993858 0.143546 
196 0.591784 0.000000 -0.011499 92.271746 0.120013 -12.401807 0.133211 
197 0.571732 0.000000 0.008188 76.962781 1.438723 -14.021757 0.387805 
198 0.351163 0.000000 -0.070561 94.055965 0.183073 -0.273386 0.115337 
199 0.270956 0.000000 -0.070561 94.334524 0.054202 3.258673 0.109038 
200 0.351163 0.000000 -0.149310 96.380971 0.139083 -0.804684 0.071004 
201 0.351163 0.000000 0.008188 97.392158 0.149310 -2.485877 0.050857 
202 0.471473 0.000000 -0.031187 92.060284 0.545450 -1.327412 0.152284 
203 0.431370 0.000000 -0.031187 92.738844 0.348199 -0.125540 0.139937 
204 0.471473 0.000000 -0.070561 93.048485 0.090831 -4.749216 0.131942 
205 0.471473 0.000000 0.008188 96.242930 0.547103 -8.824833 0.065912 
206 0.531629 0.000000 -0.011499 90.242797 1.608919 -8.135815 0.178746 
207 0.511577 0.000000 -0.011499 92.481217 0.961842 -5.526784 0.141575 
208 0.531629 0.000000 -0.031187 91.385212 0.122382 -8.567186 0.157533 
209 0.531629 0.000000 0.008188 92.835707 1.564078 -17.492151 0.107311 
210 0.631888 0.000000 0.047563 97.104770 0.109098 -13.100941 0.039902 
211 0.671991 0.000000 0.047563 97.569487 0.093629 -12.146042 0.033266 
212 0.631888 0.000000 0.086937 98.511068 0.096308 -12.261087 0.014523 
213 0.571732 0.000000 0.027875 95.106629 0.192638 -19.023993 0.059278 
214 0.551681 0.000000 0.027875 88.132883 1.871789 -27.365405 0.148023 
215 0.591784 0.000000 0.027875 94.953261 0.137761 -15.966645 0.072893 
216 0.571732 0.000000 0.047563 97.305321 0.165512 -17.214715 0.023530 
217 0.561706 0.000000 -0.001656 79.852789 1.597194 -13.348548 0.344280 
218 0.551681 0.000000 -0.001656 85.054366 2.036203 -11.398655 0.263168 
219 0.561706 0.000000 -0.011499 80.444298 1.671210 -11.655312 0.339008 
220 0.571732 0.000000 -0.001656 76.743329 1.413851 -13.473955 0.392691 
221 0.561706 0.000000 0.008188 81.317199 1.701508 -15.077934 0.315727 
222 -14.968384 0.000000 -5.031768 99.995734 -0.000028 -0.894875 0.000005 
223 -20.101635 0.000000 -5.031768 99.995879 -0.000018 -0.894924 0.000002 
224 -14.968384 0.000000 -10.071724 99.995731 -0.000021 -0.894992 0.000005 
225 -14.968384 0.000000 0.008188 99.995875 -0.000030 -0.894764 0.000002 
226 -7.268507 0.000000 -2.511790 99.994466 -0.000543 -0.894898 0.000031 
227 -9.835133 0.000000 -2.511790 99.995301 -0.000059 -0.894598 0.000014 
228 -7.268507 0.000000 -5.031768 99.994572 -0.000066 -0.895051 0.000028 
229 -7.268507 0.000000 0.008188 99.995066 -0.000134 -0.894147 0.000019 
230 -3.418569 0.000000 -1.251801 99.985605 -0.000370 -0.893100 0.000208 
231 -4.701881 0.000000 -1.251801 99.991451 -0.000277 -0.893403 0.000091 
232 -3.418569 0.000000 -2.511790 99.987485 -0.000295 -0.896621 0.000170 
233 -3.418569 0.000000 0.008188 99.988760 -0.000355 -0.888139 0.000146 
234 -1.493599 0.000000 -0.621806 99.960749 -0.000791 -0.990844 0.000687 
235 -2.135256 0.000000 -0.621806 99.969465 0.001531 -0.907441 0.000528 
236 -1.493599 0.000000 -1.251801 99.959956 -0.003266 -0.939179 0.000713 
237 -1.493599 0.000000 0.008188 99.938312 0.000015 -0.973534 0.001139 
238 -0.531115 0.000000 -0.306809 99.547723 0.003710 -0.986739 0.008928 
239 -0.851943 0.000000 -0.306809 99.703297 0.005594 -0.731136 0.005872 
240 -0.531115 0.000000 -0.621806 99.675380 0.007780 -1.028868 0.006376 
241 -0.531115 0.000000 0.008188 99.484588 0.000139 -0.793468 0.010219 
242 -0.049872 0.000000 -0.149310 98.828748 0.081434 -3.317799 0.022186 
243 -0.210286 0.000000 -0.149310 98.608150 -0.002173 -1.851586 0.027300 
244 -0.049872 0.000000 -0.306809 99.281746 0.021633 -1.794423 0.013991 
245 -0.049872 0.000000 0.008188 87.894083 0.108341 -2.440680 0.226866 
246 0.190749 0.000000 -0.070561 101.643229 -0.095108 13.809702 -0.052206 
247 0.110542 0.000000 -0.070561 104.227656 -0.107082 -10.586480 -0.097549 
248 0.190749 0.000000 -0.149310 100.183980 0.075985 1.068216 -0.003798 
249 0.190749 0.000000 0.008188 91.640945 -0.439784 4.034403 0.158547 
250 0.351163 0.000000 0.086937 115.192363 0.174668 -17.083084 -0.356114 
251 0.270956 0.000000 0.086937 117.754362 0.245430 -10.147437 -0.396912 
252 0.351163 0.000000 0.165687 108.335403 0.192800 -7.940705 -0.179965 
253 0.311059 0.000000 -0.031187 92.743370 0.104605 2.421951 0.139279 
254 0.270956 0.000000 -0.031187 90.967446 0.044770 2.854882 0.171677 
255 0.311059 0.000000 -0.070561 94.178873 0.080047 1.030002 0.112927 
256 0.351163 0.000000 -0.031187 92.903968 0.140216 1.777348 0.136567 
257 0.311059 0.000000 0.008188 97.305445 0.108699 -0.859934 0.053090 
258 -14.968384 0.000000 5.048144 99.996078 -0.000022 -0.894787 -0.000002 
259 -20.101635 0.000000 5.048144 99.996025 -0.000015 -0.894893 -0.000001 
260 -14.968384 0.000000 10.088100 99.996176 -0.000013 -0.894898 -0.000004 
261 -7.268507 0.000000 2.528166 99.996183 0.000244 -0.894203 -0.000004 
262 -9.835133 0.000000 2.528166 99.996016 -0.000047 -0.894348 -0.000000 
263 -7.268507 0.000000 5.048144 99.996795 -0.000030 -0.894305 -0.000016 
264 -3.418569 0.000000 1.268177 99.995871 -0.000225 -0.887462 0.000004 
265 -4.701881 0.000000 1.268177 99.995341 -0.000212 -0.891408 0.000014 
266 -3.418569 0.000000 2.528166 99.999935 -0.000102 -0.890760 -0.000078 
267 -1.493599 0.000000 0.638183 99.950585 0.001278 -0.943263 0.000899 
268 -2.135256 0.000000 0.638183 99.983032 -0.000894 -0.891147 0.000260 
269 -1.493599 0.000000 1.268177 100.020286 0.002167 -0.866531 -0.000481 
270 -0.531115 0.000000 0.323185 99.788687 0.001380 -0.574765 0.004189 
271 -0.851943 0.000000 0.323185 99.945266 -0.007155 -0.557093 0.001063 
272 -0.531115 0.000000 0.638183 100.121964 -0.008151 -0.623814 -0.002480 
273 -0.049872 0.000000 0.165687 98.396621 0.069415 4.155299 0.030083 
274 -0.210286 0.000000 0.165687 98.463122 -0.017880 0.234643 0.030496 
275 -0.049872 0.000000 0.323185 100.452232 -0.008514 1.021158 -0.009169 
276 0.190749 0.000000 0.086937 119.050232 0.503649 2.453216 -0.417923 
277 0.110542 0.000000 0.086937 116.667926 0.686575 17.989366 -0.393549 
278 0.190749 0.000000 0.165687 110.480046 0.127720 1.131170 -0.220714 
279 0.230852 0.000000 -0.031187 90.530311 0.031123 2.968981 0.179545 
280 0.190749 0.000000 -0.031187 71.003759 -0.394211 61.676366 0.115434 
281 0.230852 0.000000 -0.070561 94.909970 -0.014538 7.704331 0.093274 
282 0.230852 0.000000 0.008188 87.846759 -0.172169 2.297451 0.227764 
283 0.030335 0.000000 -0.070561 102.066684 0.062179 -6.397065 -0.045853 
284 -0.049872 0.000000 -0.070561 96.617419 0.086896 -5.421811 0.063567 
285 0.030335 0.000000 -0.149310 100.360183 0.076974 -3.234935 -0.008264 
286 0.030335 0.000000 0.008188 84.247551 0.987255 12.367274 0.274843 
287 0.150645 0.000000 -0.031187 121.063180 -0.343604 0.970322 -0.465735 
288 0.110542 0.000000 -0.031187 70.043041 -0.412777 -58.301825 0.169470 
289 0.150645 0.000000 -0.070561 127.564257 -0.344652 0.476960 -0.627299 
290 0.150645 0.000000 0.008188 16.485002 -6.873788 0.855617 0.968026 
291 0.230852 0.000000 0.047563 116.536673 0.377057 -2.158389 -0.358560 
292 0.190749 0.000000 0.047563 119.055763 0.508139 2.594772 -0.418127 
293 0.270956 0.000000 0.047563 112.734267 0.217088 -7.945162 -0.277219 
294 0.230852 0.000000 0.086937 118.797376 0.382769 -2.802118 -0.412081 
295 0.210801 0.000000 -0.011499 52.182874 -0.558326 17.556309 0.696841 
296 0.190749 0.000000 -0.011499 34.342602 -0.537096 41.425497 0.710423 
297 0.210801 0.000000 -0.031187 90.555934 0.032904 2.969843 0.179080 
298 0.230852 0.000000 -0.011499 85.115403 -0.218943 3.128415 0.274553 
299 0.210801 0.000000 0.008188 79.765705 -0.577195 3.525706 0.362467 
300 0.030335 0.000000 0.086937 97.502624 0.139549 16.045150 0.023577 
301 -0.049872 0.000000 0.086937 93.607686 0.091461 5.386934 0.120857 
302 0.030335 0.000000 0.165687 101.442409 0.096523 6.932426 -0.033863 
303 0.070438 0.000000 -0.031187 95.540175 0.027564 4.575469 0.085114 
304 0.030335 0.000000 -0.031187 108.559430 0.736481 -7.874553 -0.184770 
305 0.070438 0.000000 -0.070561 101.414032 -0.011022 -5.732810 -0.031767 
306 0.070438 0.000000 0.008188 91.923372 -0.123568 4.910505 0.152597 
307 0.070438 0.000000 0.047563 105.864750 0.794878 33.840723 -0.235317 
308 0.030335 0.000000 0.047563 89.808294 0.885472 43.858660 0.001010 
309 0.110542 0.000000 0.047563 113.387237 0.744527 24.013958 -0.343389 
310 0.070438 0.000000 0.086937 109.869675 0.823605 30.363218 -0.299395 
311 0.090490 0.000000 -0.011499 84.137143 -0.487556 5.827390 0.288674 
312 0.070438 0.000000 -0.011499 95.860032 0.051747 3.645111 0.079756 
313 0.090490 0.000000 -0.031187 87.325290 -0.315704 5.336440 0.234572 
314 0.110542 0.000000 -0.011499 38.421631 -0.433767 -44.404766 0.655181 
315 0.090490 0.000000 0.008188 87.003669 -0.329144 5.366233 0.240146 
316 -0.370701 0.000000 -0.149310 99.118823 -0.015937 -1.215971 0.017398 
317 -0.531115 0.000000 -0.149310 99.490790 0.004296 -0.944546 0.010069 
318 -0.370701 0.000000 -0.306809 99.471336 0.004965 -1.326106 0.010369 
319 -0.370701 0.000000 0.008188 98.934996 0.006314 -0.744273 0.021131 
320 -0.130079 0.000000 -0.070561 97.006978 -0.056228 -2.490498 0.058344 
321 -0.210286 0.000000 -0.070561 98.013307 -0.009558 -1.644795 0.039069 
322 -0.130079 0.000000 -0.149310 98.455014 -0.033289 -2.509578 0.030031 
323 -0.130079 0.000000 0.008188 95.543856 0.078899 -0.773421 0.087077 
324 -0.009769 0.000000 -0.031187 95.864709 0.127645 -14.872084 0.058876 
325 -0.049872 0.000000 -0.031187 92.830414 0.098166 -6.290268 0.134294 
326 -0.009769 0.000000 -0.070561 98.876553 0.088358 -7.454610 0.016785 
327 -0.009769 0.000000 0.008188 48.485519 1.445586 -11.317495 0.751898 
328 -0.370701 0.000000 0.165687 99.238289 -0.002133 -0.270671 0.015169 
329 -0.531115 0.000000 0.165687 99.596944 0.004202 -0.625502 0.008006 
330 -0.370701 0.000000 0.323185 99.846097 0.011842 -0.100978 0.003075 
331 -0.130079 0.000000 0.086937 96.306455 -0.008299 1.177407 0.072368 
332 -0.210286 0.000000 0.086937 97.859897 -0.024254 -0.064067 0.042344 
333 -0.130079 0.000000 0.165687 98.103124 0.010502 1.656563 0.037303 
334 -0.009769 0.000000 0.047563 83.677806 0.149982 12.457486 0.284281 
335 -0.049872 0.000000 0.047563 89.484673 0.104750 3.525064 0.198006 
336 -0.009769 0.000000 0.086937 93.311958 0.115307 10.468037 0.118329 
337 0.010283 0.000000 -0.011499 80.115647 1.322428 -27.557084 0.282034 
338 -0.009769 0.000000 -0.011499 61.180561 1.496165 -34.832292 0.504141 
339 0.010283 0.000000 -0.031187 98.706968 1.170332 -30.441463 -0.067112 
340 0.030335 0.000000 -0.011499 106.459090 0.833192 -12.659952 -0.149451 
341 0.010283 0.000000 0.008188 51.803024 1.303281 9.287225 0.722850 
342 -0.089976 0.000000 -0.031187 94.689816 0.082391 -3.115355 0.102413 
343 -0.130079 0.000000 -0.031187 96.098094 0.078649 -1.778277 0.076199 
344 -0.089976 0.000000 -0.070561 96.496239 0.079755 -3.575712 0.067568 
345 -0.089976 0.000000 0.008188 93.241634 0.082738 -1.295297 0.130431 
346 -0.029821 0.000000 -0.011499 86.690655 0.126796 -9.761937 0.238942 
347 -0.049872 0.000000 -0.011499 89.989695 0.104477 -5.226688 0.187453 
348 -0.029821 0.000000 -0.031187 92.601422 0.107857 -9.865124 0.132764 
349 -0.029821 0.000000 0.008188 81.281147 0.139282 -4.152149 0.337612 
350 0.010283 0.000000 0.027875 57.679065 1.116591 43.076782 0.481627 
351 -0.009769 0.000000 0.027875 30.680885 1.340008 28.357514 0.825274 
352 0.030335 0.000000 0.027875 82.063000 0.934479 45.787525 0.116829 
353 0.010283 0.000000 0.047563 84.720648 0.222446 20.983991 0.238203 
354 0.000257 0.000000 -0.001656 47.812803 1.533623 -26.644558 0.700165 
355 -0.009769 0.000000 -0.001656 50.364126 1.451971 -14.584600 0.724864 
356 0.000257 0.000000 -0.011499 70.901044 1.390133 -28.862670 0.413806 
357 0.010283 0.000000 -0.001656 71.695200 1.346040 -20.906916 0.442089 
358 0.000257 0.000000 0.008188 34.185202 1.410223 9.093489 0.874669 
359 0.050386 0.000000 0.027875 97.804487 0.852653 39.393280 -0.111828 
360 0.050386 0.000000 0.008188 104.643345 0.439552 1.100992 -0.095164 
361 0.070438 0.000000 0.027875 103.988424 0.832065 35.403241 -0.206767 
362 0.050386 0.000000 0.047563 98.825729 0.847904 38.885349 -0.127931 
363 0.311059 0.000000 0.047563 110.982855 0.156031 -10.212673 -0.242152 
364 0.351163 0.000000 0.047563 112.467133 0.184424 -15.073736 -0.287611 
365 0.311059 0.000000 0.086937 116.639638 0.181296 -14.127095 -0.380441 
366 0.471473 0.000000 0.047563 108.158938 0.450589 -26.089119 -0.237920 
367 0.431370 0.000000 0.047563 108.915146 0.361527 -22.109703 -0.235148 
368 0.471473 0.000000 0.086937 104.804306 0.179555 -16.148507 -0.124475 
369 0.531629 0.000000 0.027875 98.999872 1.457678 -29.127369 -0.065150 
370 0.511577 0.000000 0.027875 102.151724 0.900648 -25.545338 -0.108835 
371 0.531629 0.000000 0.047563 100.571419 0.209920 -19.823786 -0.050764 
372 -4.701881 0.000000 -15.111679 99.995546 -0.000011 -0.895393 0.000009 
373 -9.835133 0.000000 -15.111679 99.995666 -0.000016 -0.895158 0.000007 
374 -4.701881 0.000000 -20.151635 99.995738 -0.000007 -0.895253 0.000005 
375 0.431370 0.000000 -15.111679 99.995520 0.000001 -0.895735 0.000009 
376 -2.135256 0.000000 -7.551746 99.994070 -0.001612 -0.897518 0.000038 
377 -4.701881 0.000000 -7.551746 99.994395 -0.000041 -0.895911 0.000032 
378 -2.135256 0.000000 -10.071724 99.994866 -0.000009 -0.896250 0.000022 
379 0.431370 0.000000 -7.551746 99.994104 -0.001654 -0.899283 0.000037 
380 -0.851943 0.000000 -3.771779 99.983836 -0.002045 -0.912030 0.000240 
381 -2.135256 0.000000 -3.771779 99.987285 -0.000178 -0.901603 0.000173 
382 -0.851943 0.000000 -5.031768 99.990504 -0.000051 -0.902815 0.000108 
383 0.431370 0.000000 -3.771779 99.993818 -0.001419 -0.921549 0.000039 
384 -0.210286 0.000000 -1.881795 99.966729 -0.005504 -0.993821 0.000567 
385 -0.851943 0.000000 -1.881795 99.940730 0.000042 -0.939100 0.001097 
386 -0.210286 0.000000 -2.511790 99.984099 0.001826 -0.948755 0.000228 
387 0.431370 0.000000 -1.881795 99.964368 -0.005264 -1.041875 0.000604 
388 0.110542 0.000000 -0.936804 99.736315 0.017995 -1.257175 0.005109 
389 -0.210286 0.000000 -0.936804 99.703918 0.028558 -1.123727 0.005787 
390 0.110542 0.000000 -1.251801 99.894231 0.010286 -1.156529 0.001980 
391 0.431370 0.000000 -0.936804 99.748462 0.016778 -1.416817 0.004824 
392 0.270956 0.000000 -0.464308 99.280126 0.032847 -1.530962 0.014111 
393 0.110542 0.000000 -0.464308 99.571660 0.014893 -1.498943 0.008324 
394 0.270956 0.000000 -0.621806 99.412878 0.052069 -1.585609 0.011456 
395 0.431370 0.000000 -0.464308 98.813635 0.039495 -1.991792 0.023190 
396 0.190749 0.000000 -0.228060 99.390463 0.080875 -0.700520 0.012104 
397 0.110542 0.000000 -0.228060 99.943800 0.076281 -1.399555 0.000927 
398 0.190749 0.000000 -0.306809 99.216054 0.045863 -1.298694 0.015449 
399 0.270956 0.000000 -0.228060 98.586408 0.093669 -0.570626 0.028039 
400 0.150645 0.000000 -0.109936 103.883082 0.024905 0.708150 -0.079220 
401 0.110542 0.000000 -0.109936 103.197598 0.033748 -2.791996 -0.065754 
402 0.150645 0.000000 -0.149310 101.325598 0.071037 -0.097341 -0.026689 
403 0.190749 0.000000 -0.109936 101.127014 0.036644 3.819582 -0.024126 
404 0.130593 0.000000 -0.050874 116.322225 -0.351288 -29.874763 -0.442348 
405 0.110542 0.000000 -0.050874 92.825878 -0.374444 -52.138886 -0.133525 
406 0.130593 0.000000 -0.070561 112.160524 -0.353498 -39.218340 -0.411819 
407 0.150645 0.000000 -0.050874 122.702226 -0.343804 1.354755 -0.505779 
408 0.130593 0.000000 -0.031187 104.263924 -0.364627 -38.669165 -0.236640 
409 -0.049872 0.000000 -0.464308 99.609802 -0.005788 -1.508139 0.007561 
410 -0.210286 0.000000 -0.464308 99.733850 0.016404 -1.522241 0.005084 
411 -0.049872 0.000000 -0.621806 99.843247 0.027747 -1.422184 0.002930 
412 0.030335 0.000000 -0.228060 99.723237 0.076040 -2.064196 0.005101 
413 -0.049872 0.000000 -0.228060 99.408309 -0.027715 -2.345918 0.011248 
414 0.030335 0.000000 -0.306809 99.670457 0.000976 -1.770471 0.006267 
415 0.070438 0.000000 -0.109936 101.866118 0.058289 -3.846962 -0.039151 
416 0.030335 0.000000 -0.109936 100.866379 0.072619 -4.541915 -0.019466 
417 0.070438 0.000000 -0.149310 101.055779 0.071479 -2.619542 -0.021914 
418 0.090490 0.000000 -0.050874 95.334721 -0.203180 -11.782867 0.077241 
419 0.070438 0.000000 -0.050874 99.370276 -0.088723 -5.480293 0.009551 
420 0.090490 0.000000 -0.070561 101.292718 -0.066282 -7.934421 -0.032317 
421 0.150645 0.000000 0.047563 117.756783 0.649710 11.768548 -0.400558 
422 0.150645 0.000000 0.086937 117.827326 0.641759 11.377185 -0.401313 
423 0.130593 0.000000 -0.011499 112.160524 -0.353498 -39.218340 -0.411819 
424 0.150645 0.000000 -0.011499 127.564257 -0.344652 0.476960 -0.627299 
425 0.130593 0.000000 0.008188 17.616738 -6.863304 -2.497500 0.963631 
426 0.120568 0.000000 -0.041030 94.359013 -0.370044 -51.213192 -0.152655 
427 0.110542 0.000000 -0.041030 82.239230 -0.391838 -55.280297 0.018064 
428 0.120568 0.000000 -0.050874 100.533532 -0.366348 -42.575390 -0.191979 
429 0.130593 0.000000 -0.041030 106.337171 -0.361584 -38.204796 -0.276733 
430 0.120568 0.000000 -0.031187 87.921886 -0.385606 -48.763741 -0.010831 
431 0.170697 0.000000 -0.050874 116.147629 -0.334328 31.947792 -0.451104 
432 0.170697 0.000000 -0.070561 112.839827 -0.331407 40.539130 -0.437636 
433 0.190749 0.000000 -0.050874 93.867340 -0.346797 54.208483 -0.174976 
434 0.170697 0.000000 -0.031187 101.305665 -0.344846 43.591065 -0.216314 
435 2.035511 0.000000 -0.306809 99.747795 -0.011043 -6.045091 0.001383 
436 2.035511 0.000000 -0.621806 99.889927 -0.006052 -3.003899 0.001298 
437 2.356339 0.000000 -0.306809 99.796068 -0.011638 -6.284320 0.000125 
438 2.035511 0.000000 0.008188 99.721472 0.018233 -8.180432 -0.001129 
439 5.564621 0.000000 -15.111679 99.995615 0.000012 -0.896026 0.000007 
440 5.564621 0.000000 -20.151635 99.995763 0.000004 -0.895522 0.000005 
441 10.697873 0.000000 -15.111679 99.995737 0.000016 -0.896188 0.000005 
442 15.831124 0.000000 -15.111679 99.995827 0.000015 -0.896260 0.000003 
443 15.831124 0.000000 -20.151635 99.995863 0.000008 -0.895659 0.000003 
444 20.964375 0.000000 -15.111679 99.995884 0.000012 -0.896290 0.000002 
445 -14.968384 0.000000 -15.111679 99.995784 -0.000014 -0.895051 0.000004 
446 -20.101635 0.000000 -15.111679 99.995863 -0.000011 -0.895013 0.000003 
447 -14.968384 0.000000 -20.151635 99.995836 -0.000009 -0.895070 0.000003 
448 2.997996 0.000000 -7.551746 99.994580 -0.001871 -0.900653 0.000027 
449 2.997996 0.000000 -10.071724 99.995052 0.000035 -0.897475 0.000018 
450 5.564621 0.000000 -7.551746 99.994985 -0.000962 -0.901588 0.000019 
451 8.131247 0.000000 -7.551746 99.995289 0.000081 -0.901549 0.000013 
452 8.131247 0.000000 -10.071724 99.995469 0.000045 -0.898070 0.000010 
453 10.697873 0.000000 -7.551746 99.995518 0.000066 -0.901726 0.000008 
454 -7.268507 0.000000 -7.551746 99.994950 -0.000044 -0.895285 0.000021 
455 -9.835133 0.000000 -7.551746 99.995338 -0.000038 -0.895042 0.000013 
456 -7.268507 0.000000 -10.071724 99.995257 -0.000030 -0.895322 0.000015 
457 1.714683 0.000000 -3.771779 99.996355 0.002549 -0.928927 -0.000013 
458 1.714683 0.000000 -5.031768 99.990782 -0.002444 -0.911080 0.000101 
459 2.997996 0.000000 -3.771779 99.989642 0.000053 -0.936665 0.000119 
460 4.281308 0.000000 -3.771779 99.991093 -0.003520 -0.940663 0.000090 
461 4.281308 0.000000 -5.031768 99.993080 -0.000025 -0.914358 0.000055 
462 5.564621 0.000000 -3.771779 99.993035 -0.001806 -0.942032 0.000051 
463 -3.418569 0.000000 -3.771779 99.990270 -0.000215 -0.897539 0.000114 
464 -4.701881 0.000000 -3.771779 99.992396 -0.000197 -0.895826 0.000072 
465 -3.418569 0.000000 -5.031768 99.992271 -0.000155 -0.897343 0.000074 
466 1.073026 0.000000 -1.881795 99.966641 -0.003996 -1.092869 0.000548 
467 1.073026 0.000000 -2.511790 99.987597 0.002160 -0.985341 0.000151 
468 1.714683 0.000000 -1.881795 99.949540 0.001551 -1.153139 0.000876 
469 2.356339 0.000000 -1.881795 99.982889 0.001750 -1.154278 0.000209 
470 2.356339 0.000000 -2.511790 99.999051 0.007409 -1.004670 -0.000082 
471 2.997996 0.000000 -1.881795 99.992960 0.005765 -1.159526 0.000006 
472 -1.493599 0.000000 -1.881795 99.974986 0.000134 -0.928236 0.000414 
473 -2.135256 0.000000 -1.881795 99.979592 0.004531 -0.911344 0.000325 
474 -1.493599 0.000000 -2.511790 99.981953 0.005833 -0.918028 0.000277 
475 0.752198 0.000000 -0.936804 99.650961 0.048485 -1.683121 0.006685 
476 0.752198 0.000000 -1.251801 99.915671 0.017381 -1.313043 0.001513 
477 1.073026 0.000000 -0.936804 99.713871 0.004602 -1.862251 0.005368 
478 1.393855 0.000000 -0.936804 99.875623 0.011210 -1.891375 0.002128 
479 1.393855 0.000000 -1.251801 99.914165 0.003796 -1.474703 0.001498 
480 1.714683 0.000000 -0.936804 99.901909 0.001781 -1.974793 0.001571 
481 -0.531115 0.000000 -0.936804 99.665943 0.015750 -0.944246 0.006581 
482 -0.851943 0.000000 -0.936804 99.918187 0.007327 -1.024360 0.001531 
483 -0.531115 0.000000 -1.251801 99.942141 0.009992 -1.045787 0.001047 
484 0.591784 0.000000 -0.464308 98.613733 0.003642 -2.734560 0.026785 
485 0.591784 0.000000 -0.621806 99.184566 0.034383 -2.131375 0.015788 
486 0.752198 0.000000 -0.464308 98.949974 0.021651 -3.164072 0.019889 
487 0.912612 0.000000 -0.464308 99.245145 0.027514 -3.449582 0.013850 
488 0.912612 0.000000 -0.621806 99.608240 0.010354 -2.471148 0.007209 
489 1.073026 0.000000 -0.464308 99.518169 0.001202 -3.507656 0.008383 
490 0.351163 0.000000 -0.228060 97.469328 0.075739 -1.485396 0.049752 
491 0.351163 0.000000 -0.306809 98.282152 0.081661 -1.607365 0.033803 
492 0.431370 0.000000 -0.228060 97.135916 0.102433 -2.391909 0.055888 
493 2.035511 0.000000 -0.936804 99.928507 -0.002788 -2.015971 0.001023 
494 2.035511 0.000000 -1.251801 99.951571 -0.002032 -1.544362 0.000730 
495 2.356339 0.000000 -0.936804 99.933302 -0.000734 -2.077540 0.000902 
496 2.035511 0.000000 0.323185 99.904489 0.011888 -4.251925 0.000101 
497 2.356339 0.000000 0.323185 99.914481 0.010479 -4.113244 0.000018 
498 2.035511 0.000000 0.638183 99.948452 0.010498 -2.653011 0.000327 
499 0.391266 0.000000 -0.031187 93.033576 0.170317 1.226841 0.134322 
500 0.391266 0.000000 -0.070561 93.687750 0.164971 -1.700829 0.121969 
501 0.391266 0.000000 0.008188 97.284166 0.248365 -4.036249 0.051944 
502 -0.370701 0.000000 -0.464308 99.629351 0.019573 -1.226460 0.007249 
503 -0.531115 0.000000 -0.464308 99.614081 0.009447 -0.988790 0.007606 
504 -0.370701 0.000000 -0.621806 99.635640 0.009900 -1.088798 0.007155 
505 -0.130079 0.000000 -0.228060 99.067518 0.026372 -2.084623 0.018128 
506 -0.210286 0.000000 -0.228060 98.915152 -0.002971 -1.682559 0.021296 
507 -0.130079 0.000000 -0.306809 99.391666 0.008269 -1.872195 0.011779 
508 0.230852 0.000000 -0.109936 98.043546 0.058471 3.435478 0.037566 
509 0.230852 0.000000 -0.149310 98.696926 0.071556 1.201575 0.025747 
510 0.270956 0.000000 -0.109936 96.480620 0.073172 1.874030 0.068797 
511 0.391266 0.000000 0.047563 111.175689 0.250153 -20.024349 -0.276107 
512 0.391266 0.000000 0.086937 113.920019 0.172087 -19.699836 -0.336588 
513 0.210801 0.000000 -0.050874 90.854589 -0.184524 17.725865 0.143120 
514 0.210801 0.000000 -0.070561 96.827188 -0.059644 11.029585 0.050284 
515 0.230852 0.000000 -0.050874 89.862641 -0.015273 2.946519 0.191602 
516 -0.009769 0.000000 -0.109936 99.378890 0.080822 -4.780213 0.010098 
517 -0.049872 0.000000 -0.109936 98.145821 0.075442 -4.076994 0.035077 
518 -0.009769 0.000000 -0.149310 99.517204 0.076147 -3.419910 0.008462 
519 0.170697 0.000000 -0.011499 92.018744 -0.357307 52.729653 -0.124799 
520 0.170697 0.000000 0.008188 119.121935 0.618207 4.141464 -0.420757 
521 0.050386 0.000000 -0.011499 106.279029 0.568198 -2.891036 -0.130391 
522 0.050386 0.000000 -0.031187 104.667395 0.440878 1.072014 -0.095661 
523 0.090490 0.000000 0.027875 111.154443 0.733007 28.214138 -0.315189 
524 0.110542 0.000000 0.027875 114.712248 0.722238 21.553409 -0.362397 
525 0.090490 0.000000 0.047563 110.081540 0.787434 28.973715 -0.295804 
526 -0.089976 0.000000 -0.109936 97.693289 0.080106 -3.218072 0.044566 
527 -0.130079 0.000000 -0.109936 97.808488 -0.049942 -2.547775 0.042701 
528 -0.089976 0.000000 -0.149310 98.416442 0.074927 -2.779639 0.030647 
529 -0.089976 0.000000 0.047563 93.519692 0.079205 1.100471 0.125285 
530 -0.130079 0.000000 0.047563 95.608261 -0.027436 0.221325 0.085901 
531 -0.089976 0.000000 0.086937 95.055359 0.077362 2.536356 0.095804 
532 -0.029821 0.000000 0.027875 82.332808 0.131385 2.964522 0.321250 
533 -0.049872 0.000000 0.027875 87.870410 0.108030 0.960929 0.227786 
534 -0.029821 0.000000 0.047563 86.404517 0.120088 6.572663 0.249105 
535 0.130593 0.000000 0.027875 116.670779 0.681499 17.990064 -0.393618 
536 0.150645 0.000000 0.027875 117.233875 0.662766 14.822768 -0.396394 
537 0.130593 0.000000 0.047563 116.938202 0.700873 16.390821 -0.394369 
538 0.170697 0.000000 0.027875 119.112969 0.520279 4.148061 -0.420538 
539 0.190749 0.000000 0.027875 119.112904 0.519563 4.148110 -0.420536 
540 0.170697 0.000000 0.047563 118.073404 0.625861 9.994165 -0.404160 
541 0.511577 0.000000 -0.228060 97.130846 0.087211 -3.403735 0.055401 
542 0.511577 0.000000 -0.306809 97.908193 0.055755 -2.939427 0.040534 
543 0.591784 0.000000 -0.228060 97.203289 0.052444 -4.697520 0.052945 
544 0.671991 0.000000 -0.228060 97.597406 0.051964 -5.490135 0.044460 
545 0.671991 0.000000 -0.306809 98.078222 0.053689 -4.259096 0.036252 
546 0.752198 0.000000 -0.228060 97.964036 0.046126 -6.163766 0.036505 
547 0.311059 0.000000 -0.109936 95.759907 0.086492 0.500152 0.082978 
548 0.311059 0.000000 -0.149310 96.837245 0.089981 -0.093305 0.062253 
549 0.351163 0.000000 -0.109936 95.347861 0.168000 -0.518713 0.090849 
550 0.391266 0.000000 -0.109936 94.944902 0.147849 -1.686420 0.098260 
551 0.391266 0.000000 -0.149310 95.827214 0.123115 -1.937434 0.081338 
552 0.431370 0.000000 -0.109936 94.538018 0.113943 -2.984047 0.105365 
553 0.210801 0.000000 0.027875 109.743260 0.288749 0.123017 -0.204368 
554 0.230852 0.000000 0.027875 104.060652 0.157857 -1.924076 -0.083235 
555 0.210801 0.000000 0.047563 118.885579 0.441338 -1.215183 -0.413545 
556 0.050386 0.000000 -0.050874 102.933737 -0.000205 -4.685928 -0.061731 
557 0.030335 0.000000 -0.050874 104.030821 0.058944 -7.148631 -0.087352 
558 0.050386 0.000000 -0.070561 102.156846 0.029334 -5.440382 -0.046562 
559 0.010283 0.000000 -0.050874 101.813077 0.089866 -9.856982 -0.046307 
560 -0.009769 0.000000 -0.050874 98.141677 0.097857 -10.054863 0.026710 
561 0.010283 0.000000 -0.070561 100.756330 0.081871 -7.388793 -0.020644 
562 0.471473 0.000000 -0.109936 94.433345 0.079506 -4.079883 0.106569 
563 0.471473 0.000000 -0.149310 95.530915 0.106657 -3.564075 0.086113 
564 0.511577 0.000000 -0.109936 94.521055 0.111345 -5.223733 0.103847 
565 0.551681 0.000000 -0.109936 94.869392 0.093338 -6.235844 0.096090 
566 0.551681 0.000000 -0.149310 95.839409 0.089145 -5.320562 0.078649 
567 0.591784 0.000000 -0.109936 95.425891 0.079955 -7.226662 0.084167 
568 0.631888 0.000000 -0.109936 96.036674 0.056743 -8.226815 0.070927 
569 0.631888 0.000000 -0.149310 96.555828 0.050131 -6.951367 0.062865 
570 0.671991 0.000000 -0.109936 96.667112 0.050158 -8.699530 0.057979 
571 -0.029821 0.000000 -0.050874 95.809539 0.095790 -8.169114 0.075379 
572 -0.049872 0.000000 -0.050874 95.110592 0.092004 -6.075067 0.091706 
573 -0.029821 0.000000 -0.070561 97.385044 0.088464 -6.601478 0.047257 
1 19 21 3 22 
2 20 19 22 9 
3 28 20 9 30 
4 29 28 30 4 
5 35 37 19 38 
6 36 35 38 20 
7 44 36 20 46 
8 45 44 46 28 
9 51 53 35 54 
10 52 51 54 36 
11 60 52 36 62 
12 61 60 62 44 
13 67 69 51 70 
14 68 67 70 52 
15 76 68 52 78 
16 77 76 78 60 
17 83 85 67 86 
18 84 83 86 68 
19 92 84 68 94 
20 93 92 94 76 
21 99 101 83 102 
22 100 99 102 84 
23 108 100 84 110 
24 109 108 110 92 
25 115 117 99 118 
26 116 115 118 100 
27 10 125 124 26 
28 125 13 126 124 
29 124 126 8 127 
30 26 124 127 14 
31 23 129 128 42 
32 129 26 130 128 
33 128 130 14 131 
34 42 128 131 27 
35 39 133 132 58 
36 133 42 134 132 
37 132 134 27 135 
38 58 132 135 43 
39 137 58 138 136 
40 136 138 43 139 
41 71 141 140 90 
42 141 74 142 140 
43 140 142 59 143 
44 90 140 143 75 
45 87 145 144 106 
46 145 90 146 144 
47 144 146 75 147 
48 106 144 147 91 
49 149 106 150 148 
50 148 150 91 151 
51 152 116 100 154 
52 153 152 154 108 
53 155 157 115 158 
54 156 155 158 116 
55 119 161 159 160 
56 161 122 162 159 
57 14 127 164 37 
58 127 8 165 164 
59 164 165 21 166 
60 37 164 166 19 
61 27 131 167 53 
62 131 14 168 167 
63 167 168 37 169 
64 53 167 169 35 
65 43 135 170 69 
66 135 27 171 170 
67 170 171 53 172 
68 69 170 172 51 
69 139 43 174 173 
70 173 174 69 175 
71 85 173 175 67 
72 75 143 176 101 
73 143 59 177 176 
74 176 177 85 178 
75 101 176 178 83 
76 91 147 179 117 
77 147 75 180 179 
78 179 180 101 181 
79 117 179 181 99 
80 151 91 183 182 
81 182 183 117 184 
82 157 182 184 115 
83 122 186 185 162 
84 186 148 187 185 
85 185 187 151 188 
86 162 185 188 107 
87 189 191 157 192 
88 190 189 192 155 
89 159 195 193 194 
90 195 162 196 193 
91 193 196 107 197 
92 120 204 202 203 
93 204 119 160 202 
94 202 160 123 205 
95 203 202 205 5 
96 160 208 206 207 
97 208 159 194 206 
98 206 194 163 209 
99 207 206 209 123 
100 107 188 210 191 
101 188 151 211 210 
102 210 211 182 212 
103 191 210 212 157 
104 163 197 213 214 
105 197 107 215 213 
106 213 215 191 216 
107 214 213 216 189 
108 194 219 217 218 
109 219 193 220 217 
110 217 220 197 221 
111 218 217 221 163 
112 16 224 222 223 
113 224 15 32 222 
114 222 32 18 225 
115 223 222 225 6 
116 32 228 226 227 
117 228 31 48 226 
118 226 48 34 229 
119 227 226 229 18 
120 48 232 230 231 
121 232 47 64 230 
122 230 64 50 233 
123 231 230 233 34 
124 64 236 234 235 
125 236 63 80 234 
126 234 80 66 237 
127 235 234 237 50 
128 80 240 238 239 
129 239 238 241 66 
130 250 156 116 252 
131 251 250 252 152 
132 199 255 253 254 
133 255 198 256 253 
134 253 256 201 257 
135 254 253 257 114 
136 6 225 258 259 
137 225 18 45 258 
138 258 45 28 260 
139 259 258 260 29 
140 18 229 261 262 
141 229 34 61 261 
142 261 61 44 263 
143 262 261 263 45 
144 34 233 264 265 
145 233 50 77 264 
146 264 77 60 266 
147 265 264 266 61 
148 50 237 267 268 
149 237 66 93 267 
150 267 93 76 269 
151 268 267 269 77 
152 66 241 270 271 
153 270 109 92 272 
154 271 270 272 93 
155 273 153 108 275 
156 274 273 275 109 
157 276 251 152 278 
158 277 276 278 153 
159 281 199 254 279 
160 279 254 114 282 
161 282 114 293 291 
162 291 293 251 294 
163 292 291 294 276 
164 280 297 295 296 
165 297 279 298 295 
166 295 298 282 299 
167 296 295 299 249 
168 300 277 153 302 
169 301 300 302 273 
170 307 309 277 310 
171 308 307 310 300 
172 303 313 311 312 
173 313 288 314 311 
174 311 314 98 315 
175 312 311 315 306 
176 238 318 316 317 
177 318 96 243 316 
178 316 243 82 319 
179 317 316 319 241 
180 243 322 320 321 
181 321 320 323 82 
182 241 319 328 329 
183 319 82 274 328 
184 328 274 109 330 
185 329 328 330 270 
186 82 323 331 332 
187 331 301 273 333 
188 332 331 333 274 
189 334 308 300 336 
190 335 334 336 301 
191 324 339 337 338 
192 339 304 340 337 
193 337 340 286 341 
194 320 344 342 343 
195 344 284 325 342 
196 342 325 245 345 
197 343 342 345 323 
198 325 348 346 347 
199 348 324 338 346 
200 346 338 327 349 
201 347 346 349 245 
202 327 341 350 351 
203 341 286 352 350 
204 350 352 308 353 
205 351 350 353 334 
206 338 356 354 355 
207 356 337 357 354 
208 354 357 341 358 
209 355 354 358 327 
210 286 360 359 352 
211 360 306 361 359 
212 359 361 307 362 
213 352 359 362 308 
214 114 257 363 293 
215 257 201 364 363 
216 363 364 250 365 
217 293 363 365 251 
218 5 205 366 367 
219 205 123 190 366 
220 366 190 155 368 
221 367 366 368 156 
222 123 209 369 370 
223 209 163 214 369 
224 369 214 189 371 
225 370 369 371 190 
226 17 374 372 373 
227 374 7 375 372 
228 372 375 11 33 
229 373 372 33 15 
230 33 378 376 377 
231 378 11 379 376 
232 376 379 24 49 
233 377 376 49 31 
234 49 382 380 381 
235 382 24 383 380 
236 380 383 40 65 
237 381 380 65 47 
238 65 386 384 385 
239 386 40 387 384 
240 384 387 56 81 
241 385 384 81 63 
242 81 390 388 389 
243 390 56 391 388 
244 388 391 72 97 
245 389 388 97 79 
246 97 394 392 393 
247 394 72 395 392 
248 392 395 88 113 
249 393 392 113 95 
250 95 398 396 397 
251 398 113 399 396 
252 396 399 111 248 
253 397 396 248 112 
254 112 402 400 401 
255 402 248 403 400 
256 400 403 246 289 
257 401 400 289 247 
258 247 406 404 405 
259 406 289 407 404 
260 404 407 287 408 
261 79 411 409 410 
262 411 97 393 409 
263 409 393 95 244 
264 410 409 244 96 
265 244 414 412 413 
266 414 95 397 412 
267 412 397 112 285 
268 413 412 285 242 
269 285 417 415 416 
270 417 112 401 415 
271 415 401 247 305 
272 416 415 305 283 
273 305 420 418 419 
274 420 247 405 418 
275 418 405 288 313 
276 419 418 313 303 
277 421 292 276 422 
278 309 421 422 277 
279 288 408 423 314 
280 408 287 424 423 
281 423 424 290 425 
282 314 423 425 98 
283 405 428 426 427 
284 428 404 429 426 
285 426 429 408 430 
286 427 426 430 288 
287 289 432 431 407 
288 432 246 433 431 
289 431 433 280 434 
290 407 431 434 287 
291 74 436 435 142 
292 436 136 437 435 
293 435 437 139 438 
294 142 435 438 59 
295 7 440 439 375 
296 440 12 441 439 
297 439 441 10 25 
298 375 439 25 11 
299 12 443 442 441 
300 443 2 444 442 
301 442 444 13 125 
302 441 442 125 10 
303 1 447 445 446 
304 447 17 373 445 
305 445 373 15 224 
306 446 445 224 16 
307 11 449 448 379 
308 449 25 450 448 
309 448 450 23 41 
310 379 448 41 24 
311 25 452 451 450 
312 452 10 453 451 
313 451 453 26 129 
314 450 451 129 23 
315 15 456 454 455 
316 456 33 377 454 
317 454 377 31 228 
318 455 454 228 32 
319 24 458 457 383 
320 458 41 459 457 
321 457 459 39 57 
322 383 457 57 40 
323 41 461 460 459 
324 461 23 462 460 
325 460 462 42 133 
326 459 460 133 39 
327 31 465 463 464 
328 465 49 381 463 
329 463 381 47 232 
330 464 463 232 48 
331 40 467 466 387 
332 467 57 468 466 
333 466 468 55 73 
334 387 466 73 56 
335 57 470 469 468 
336 470 39 471 469 
337 469 471 58 137 
338 468 469 137 55 
339 47 474 472 473 
340 474 65 385 472 
341 472 385 63 236 
342 473 472 236 64 
343 56 476 475 391 
344 476 73 477 475 
345 475 477 71 89 
346 391 475 89 72 
347 73 479 478 477 
348 479 55 480 478 
349 478 480 74 141 
350 477 478 141 71 
351 63 483 481 482 
352 483 81 389 481 
353 481 389 79 240 
354 482 481 240 80 
355 72 485 484 395 
356 485 89 486 484 
357 484 486 87 105 
358 395 484 105 88 
359 89 488 487 486 
360 488 71 489 487 
361 487 489 90 145 
362 486 487 145 87 
363 113 491 490 399 
364 491 88 492 490 
365 490 492 104 200 
366 399 490 200 111 
367 55 494 493 480 
368 494 137 495 493 
369 493 495 136 436 
370 480 493 436 74 
371 59 438 496 177 
372 438 139 497 496 
373 496 497 173 498 
374 177 496 498 85 
375 198 500 499 256 
376 500 120 203 499 
377 499 203 5 501 
378 256 499 501 201 
379 240 504 502 503 
380 504 79 410 502 
381 502 410 96 318 
382 503 502 318 238 
383 96 507 505 506 
384 507 244 413 505 
385 505 413 242 322 
386 506 505 322 243 
387 248 509 508 403 
388 509 111 510 508 
389 508 510 199 281 
390 403 508 281 246 
391 201 501 511 364 
392 501 5 367 511 
393 511 367 156 512 
394 364 511 512 250 
395 246 514 513 433 
396 514 281 515 513 
397 513 515 279 297 
398 433 513 297 280 
399 242 518 516 517 
400 518 285 416 516 
401 516 416 283 326 
402 517 516 326 284 
403 287 434 519 424 
404 434 280 296 519 
405 519 296 249 520 
406 424 519 520 290 
407 304 522 521 340 
408 522 303 312 521 
409 521 312 306 360 
410 340 521 360 286 
411 306 315 523 361 
412 315 98 524 523 
413 523 524 309 525 
414 361 523 525 307 
415 322 528 526 527 
416 528 242 517 526 
417 526 517 284 344 
418 527 526 344 320 
419 323 345 529 530 
420 345 245 335 529 
421 529 335 301 531 
422 530 529 531 331 
423 245 349 532 533 
424 349 327 351 532 
425 532 351 334 534 
426 533 532 534 335 
427 98 425 535 524 
428 425 290 536 535 
429 535 536 421 537 
430 524 535 537 309 
431 290 520 538 536 
432 520 249 539 538 
433 538 539 292 540 
434 536 538 540 421 
435 88 542 541 492 
436 542 105 543 541 
437 541 543 103 121 
438 492 541 121 104 
439 105 545 544 543 
440 545 87 546 544 
441 544 546 106 149 
442 543 544 149 103 
443 111 548 547 510 
444 548 200 549 547 
445 547 549 198 255 
446 510 547 255 199 
447 200 551 550 549 
448 551 104 552 550 
449 550 552 120 500 
450 549 550 500 198 
451 249 299 553 539 
452 299 282 554 553 
453 553 554 291 555 
454 539 553 555 292 
455 283 558 556 557 
456 558 305 419 556 
457 556 419 303 522 
458 557 556 522 304 
459 326 561 559 560 
460 561 283 557 559 
461 559 557 304 339 
462 560 559 339 324 
463 104 563 562 552 
464 563 121 564 562 
465 562 564 119 204 
466 552 562 204 120 
467 121 566 565 564 
468 566 103 567 565 
469 565 567 122 161 
470 564 565 161 119 
471 103 569 568 567 
472 569 149 570 568 
473 568 570 148 186 
474 567 568 186 122 
475 284 573 571 572 
476 573 326 560 571 
477 571 560 324 348 
478 572 571 348 325 
