2 0.000000 100.000000 5791.461216
573 478 
1 -20.101635 0.000000 -20.151635 93.978250 -0.000010 -34.202619 -0.000173 
2 20.964375 0.000000 -20.151635 94.010644 0.000020 -34.099692 -0.000079 
3 20.964375 0.000000 20.168012 93.968327 0.000012 -34.179079 0.000174 
4 -20.101635 0.000000 20.168012 93.964159 -0.000005 -34.204099 0.000082 
5 0.431370 0.000000 0.008188 98.873018 0.471932 -4.487192 0.020377 
6 -20.101635 0.000000 0.008188 93.972375 -0.000021 -34.211812 -0.000126 
7 0.431370 0.000000 -20.151635 93.998588 0.000000 -34.174659 -0.000364 
8 20.964375 0.000000 0.008188 94.074313 -0.000016 -33.893926 0.000123 
9 0.431370 0.000000 20.168012 93.954601 0.000011 -34.188026 0.000371 
10 10.697873 0.000000 -10.071724 94.121577 0.000101 -33.827545 -0.000317 
11 0.431370 0.000000 -10.071724 94.083205 0.000029 -34.097020 -0.001426 
12 10.697873 0.000000 -20.151635 94.002015 0.000013 -34.142497 -0.000209 
13 20.964375 0.000000 -10.071724 94.509155 0.000275 -32.722905 -0.000277 
14 10.697873 0.000000 0.008188 94.332818 -0.000253 -33.123417 0.000416 
15 -9.835133 0.000000 -10.071724 94.004802 -0.000033 -34.204656 -0.000686 
16 -20.101635 0.000000 -10.071724 93.978924 -0.000017 -34.207321 -0.000218 
17 -9.835133 0.000000 -20.151635 93.987721 -0.000010 -34.196203 -0.000307 
18 -9.835133 0.000000 0.008188 93.980777 -0.000070 -34.241172 -0.000484 
19 10.697873 0.000000 10.088100 93.965479 0.000049 -34.110538 0.000696 
20 0.431370 0.000000 10.088100 93.910958 0.000056 -34.145937 0.001479 
21 20.964375 0.000000 10.088100 93.979592 0.000020 -34.141275 0.000221 
22 10.697873 0.000000 20.168012 93.961465 0.000017 -34.178070 0.000310 
23 5.564621 0.000000 -5.031768 94.453722 0.000820 -33.033449 -0.001271 
24 0.431370 0.000000 -5.031768 94.388583 0.005989 -33.828646 -0.005358 
25 5.564621 0.000000 -10.071724 94.094129 0.000077 -33.977353 -0.000817 
26 10.697873 0.000000 -5.031768 95.061073 -0.000331 -31.216609 -0.001108 
27 5.564621 0.000000 0.008188 94.883182 -0.000810 -31.370587 0.001307 
28 -9.835133 0.000000 10.088100 93.948640 -0.000015 -34.210136 0.000332 
29 -20.101635 0.000000 10.088100 93.964988 -0.000013 -34.208473 0.000036 
30 -9.835133 0.000000 20.168012 93.958344 -0.000001 -34.200475 0.000216 
31 -4.701881 0.000000 -5.031768 94.106769 0.001082 -34.214267 -0.002670 
32 -9.835133 0.000000 -5.031768 94.007157 -0.000058 -34.223476 -0.000859 
33 -4.701881 0.000000 -10.071724 94.041833 -0.000025 -34.179717 -0.001212 
34 -4.701881 0.000000 0.008188 94.007445 0.000360 -34.357127 -0.001781 
35 5.564621 0.000000 5.048144 93.951937 0.000014 -33.848198 0.002733 
36 0.431370 0.000000 5.048144 93.743185 0.000725 -33.985104 0.005723 
37 10.697873 0.000000 5.048144 94.009142 0.000068 -33.962942 0.000880 
38 5.564621 0.000000 10.088100 93.938232 0.000069 -34.106679 0.001234 
39 2.997996 0.000000 -2.511790 95.149023 0.001356 -31.499375 -0.004555 
40 0.431370 0.000000 -2.511790 95.359483 0.007624 -33.098300 -0.018893 
41 2.997996 0.000000 -5.031768 94.406385 0.006236 -33.440760 -0.003085 
42 5.564621 0.000000 -2.511790 95.594126 -0.003128 -29.777288 -0.002492 
43 2.997996 0.000000 0.008188 95.399898 0.002892 -28.959066 0.006023 
44 -4.701881 0.000000 5.048144 93.885954 -0.000107 -34.232550 0.001356 
45 -9.835133 0.000000 5.048144 93.951617 -0.000040 -34.227564 0.000157 
46 -4.701881 0.000000 10.088100 93.925477 0.000006 -34.195399 0.000868 
47 -2.135256 0.000000 -2.511790 94.485688 0.005484 -34.276225 -0.010240 
48 -4.701881 0.000000 -2.511790 94.113096 0.000297 -34.289169 -0.003302 
49 -2.135256 0.000000 -5.031768 94.244762 0.000377 -34.122691 -0.004643 
50 -2.135256 0.000000 0.008188 94.066647 0.001990 -34.845760 -0.006276 
51 2.997996 0.000000 2.528166 93.862299 0.000851 -32.970492 0.010282 
52 0.431370 0.000000 2.528166 93.111932 -0.002950 -33.443868 0.021168 
53 5.564621 0.000000 2.528166 94.101285 -0.005708 -33.327759 0.003421 
54 2.997996 0.000000 5.048144 93.847655 0.003059 -33.836467 0.004771 
55 1.714683 0.000000 -1.251801 96.171105 -0.003000 -29.413091 -0.011401 
56 0.431370 0.000000 -1.251801 97.603171 0.015565 -31.537000 -0.052096 
57 1.714683 0.000000 -2.511790 95.253898 0.002883 -32.159647 -0.010755 
58 2.997996 0.000000 -1.251801 96.021078 -0.005163 -28.554423 -0.003540 
59 1.714683 0.000000 0.008188 95.326281 0.022201 -26.599331 0.020538 
60 -2.135256 0.000000 2.528166 93.627671 -0.003115 -34.321513 0.005589 
61 -4.701881 0.000000 2.528166 93.895207 0.000376 -34.301325 0.000711 
62 -2.135256 0.000000 5.048144 93.795953 0.000528 -34.173510 0.003449 
63 -0.851943 0.000000 -1.251801 95.762189 0.003252 -34.612301 -0.036841 
64 -2.135256 0.000000 -1.251801 94.500158 0.004416 -34.587864 -0.012660 
65 -0.851943 0.000000 -2.511790 94.965988 0.001981 -33.978472 -0.017308 
66 -0.851943 0.000000 0.008188 94.039886 -0.000967 -36.687032 -0.018944 
67 1.714683 0.000000 1.268177 93.415556 0.012322 -30.957509 0.031517 
68 0.431370 0.000000 1.268177 91.588661 0.009180 -32.068482 0.058313 
69 2.997996 0.000000 1.268177 94.205803 0.000776 -31.632632 0.012464 
70 1.714683 0.000000 2.528166 93.476036 0.000909 -32.952694 0.017635 
71 1.073026 0.000000 -0.621806 97.532875 0.027068 -26.326557 -0.020575 
72 0.431370 0.000000 -0.621806 101.303645 0.035975 -27.718864 -0.103077 
73 1.073026 0.000000 -1.251801 96.834456 0.017063 -30.001262 -0.027699 
74 1.714683 0.000000 -0.621806 96.349372 -0.003651 -27.045005 -0.001463 
75 1.073026 0.000000 0.008188 94.676516 0.058849 -24.454308 0.043834 
76 -0.851943 0.000000 1.268177 92.602012 0.001915 -34.635776 0.022523 
77 -2.135256 0.000000 1.268177 93.635207 -0.000452 -34.605739 0.003489 
78 -0.851943 0.000000 2.528166 93.280296 -0.003156 -34.093235 0.013644 
79 -0.210286 0.000000 -0.621806 99.853659 0.035191 -35.292300 -0.121630 
80 -0.851943 0.000000 -0.621806 95.698143 0.011623 -35.647707 -0.042889 
81 -0.210286 0.000000 -1.251801 97.111045 0.005800 -33.678723 -0.056481 
82 -0.210286 0.000000 0.008188 92.308806 -0.003275 -46.821051 -0.071313 
83 1.073026 0.000000 0.638183 92.244709 0.010550 -27.749150 0.072090 
84 0.431370 0.000000 0.638183 88.948939 0.021826 -28.781266 0.125972 
85 1.714683 0.000000 0.638183 93.925487 0.009216 -28.888397 0.034346 
86 1.073026 0.000000 1.268177 92.440765 0.000838 -30.994964 0.049402 
87 0.752198 0.000000 -0.306809 97.974750 0.049084 -22.582667 -0.010903 
88 0.431370 0.000000 -0.306809 103.966826 0.107218 -20.435594 -0.122673 
89 0.752198 0.000000 -0.621806 98.758771 0.024763 -26.551781 -0.045829 
90 1.073026 0.000000 -0.306809 96.505282 0.003132 -24.830319 0.007019 
91 0.752198 0.000000 0.008188 93.448212 0.119599 -21.420957 0.080856 
92 -0.210286 0.000000 0.638183 89.037599 0.014165 -34.794515 0.086165 
93 -0.851943 0.000000 0.638183 92.587912 -0.006238 -35.529501 0.016513 
94 -0.210286 0.000000 1.268177 91.681708 -0.007246 -33.772974 0.045385 
95 0.110542 0.000000 -0.306809 110.613306 0.028812 -30.063848 -0.313914 
96 -0.210286 0.000000 -0.306809 101.724114 -0.014378 -39.725961 -0.192595 
97 0.110542 0.000000 -0.621806 102.096650 0.034210 -31.849843 -0.143814 
98 0.110542 0.000000 0.008188 20.250987 -9.014686 -1.012270 0.950761 
99 0.752198 0.000000 0.323185 91.187265 0.033806 -24.443048 0.108742 
100 0.431370 0.000000 0.323185 86.940378 0.094745 -23.117184 0.190696 
101 1.073026 0.000000 0.323185 93.131069 0.032897 -25.720979 0.066503 
102 0.752198 0.000000 0.638183 90.851403 0.031384 -27.842542 0.097081 
103 0.591784 0.000000 -0.149310 97.300972 0.095453 -17.722269 0.021843 
104 0.431370 0.000000 -0.149310 102.419425 0.120845 -13.284426 -0.066623 
105 0.591784 0.000000 -0.306809 99.909887 0.075338 -21.361656 -0.043831 
106 0.752198 0.000000 -0.149310 96.026637 0.052902 -21.301250 0.032514 
107 0.591784 0.000000 0.008188 72.530086 1.606250 -12.719055 0.457503 
108 0.110542 0.000000 0.323185 80.589527 0.071860 -28.360978 0.270098 
109 -0.210286 0.000000 0.323185 86.523199 0.020687 -37.946787 0.107378 
110 0.110542 0.000000 0.638183 87.773463 0.016828 -31.682554 0.129203 
111 0.270956 0.000000 -0.149310 111.508053 0.101331 -12.768369 -0.259709 
112 0.110542 0.000000 -0.149310 123.256857 0.103313 -25.902356 -0.586320 
113 0.270956 0.000000 -0.306809 108.098439 0.058251 -23.201536 -0.222359 
114 0.270956 0.000000 0.008188 103.452146 0.125030 1.918850 -0.070604 
115 0.591784 0.000000 0.165687 90.475899 0.126521 -21.810381 0.133840 
116 0.431370 0.000000 0.165687 88.921933 0.209089 -19.262155 0.172182 
117 0.752198 0.000000 0.165687 91.920097 0.084190 -22.483319 0.104519 
118 0.591784 0.000000 0.323185 89.571336 0.091163 -23.874940 0.140695 
119 0.511577 0.000000 -0.070561 96.135010 0.150979 -12.007643 0.061385 
120 0.431370 0.000000 -0.070561 99.924853 0.175506 -8.784601 -0.006218 
121 0.511577 0.000000 -0.149310 99.163780 0.142361 -15.591569 -0.007657 
122 0.591784 0.000000 -0.070561 94.154552 0.107992 -16.206294 0.087226 
123 0.511577 0.000000 0.008188 93.573640 1.381350 -12.816517 0.107780 
124 15.831124 0.000000 -5.031768 96.026865 0.007661 -28.544538 -0.003595 
125 15.831124 0.000000 -10.071724 94.219741 0.000157 -33.528409 -0.000151 
126 20.964375 0.000000 -5.031768 94.683942 -0.000976 -32.232204 -0.000396 
127 15.831124 0.000000 0.008188 94.149313 -0.000061 -33.672438 0.000207 
128 8.131247 0.000000 -2.511790 95.993400 0.051844 -28.616267 -0.003363 
129 8.131247 0.000000 -5.031768 94.646932 0.000352 -32.392334 -0.000731 
130 10.697873 0.000000 -2.511790 95.401437 -0.001284 -30.239515 -0.001586 
131 8.131247 0.000000 0.008188 94.530706 0.000645 -32.516430 0.000663 
132 4.281308 0.000000 -1.251801 95.992522 -0.017388 -28.506904 -0.002721 
133 4.281308 0.000000 -2.511790 95.279954 -0.000188 -30.767502 -0.002491 
134 5.564621 0.000000 -1.251801 95.994209 0.006384 -28.516244 -0.002806 
135 4.281308 0.000000 0.008188 95.135800 -0.000265 -30.406274 0.002464 
136 2.356339 0.000000 -0.621806 96.056721 -0.018120 -27.680681 0.000689 
137 2.356339 0.000000 -1.251801 95.949685 -0.001136 -29.050638 -0.005028 
138 2.997996 0.000000 -0.621806 95.980839 0.047647 -28.036804 0.000161 
139 2.356339 0.000000 0.008188 95.453758 0.009091 -27.961078 0.010676 
140 1.393855 0.000000 -0.306809 96.018737 -0.001285 -26.082479 0.010011 
141 1.393855 0.000000 -0.621806 96.661932 0.006586 -26.808168 -0.006221 
142 1.714683 0.000000 -0.306809 95.819849 0.025933 -27.013309 0.008884 
143 1.393855 0.000000 0.008188 95.103277 0.037031 -25.662893 0.029678 
144 0.912612 0.000000 -0.149310 95.664784 0.023946 -23.529712 0.029460 
145 0.912612 0.000000 -0.306809 96.985037 0.036146 -23.941613 0.002070 
146 1.073026 0.000000 -0.149310 95.563412 0.000884 -24.791650 0.025301 
147 0.912612 0.000000 0.008188 94.245869 0.093285 -23.445064 0.056804 
148 0.671991 0.000000 -0.070561 94.316831 0.068079 -19.947726 0.070642 
149 0.671991 0.000000 -0.149310 96.357180 0.061620 -19.980958 0.031605 
150 0.752198 0.000000 -0.070561 94.690795 0.049124 -21.169469 0.058550 
151 0.671991 0.000000 0.008188 92.498706 0.110905 -20.721707 0.101459 
152 0.270956 0.000000 0.165687 84.297779 0.155813 -15.854347 0.264250 
153 0.110542 0.000000 0.165687 72.554948 0.157515 -19.568477 0.435283 
154 0.270956 0.000000 0.323185 83.891922 0.125413 -24.086244 0.238198 
155 0.511577 0.000000 0.086937 91.344420 0.216657 -20.729036 0.122646 
156 0.431370 0.000000 0.086937 94.214467 0.481372 -20.406151 0.070699 
157 0.591784 0.000000 0.086937 90.746602 0.160575 -21.065552 0.132127 
158 0.511577 0.000000 0.165687 89.569526 0.160838 -20.225759 0.156819 
159 0.551681 0.000000 -0.031187 92.215490 0.144947 -12.274939 0.134561 
160 0.511577 0.000000 -0.031187 93.889065 0.152953 -10.531364 0.107391 
161 0.551681 0.000000 -0.070561 94.829692 0.126011 -13.786261 0.081725 
162 0.591784 0.000000 -0.031187 91.470171 0.127278 -16.208425 0.137048 
163 0.551681 0.000000 0.008188 83.560054 2.635738 -17.563088 0.270231 
164 15.831124 0.000000 5.048144 94.008280 0.000033 -34.039324 0.000377 
165 20.964375 0.000000 5.048144 94.001183 0.000020 -34.084929 0.000200 
166 15.831124 0.000000 10.088100 93.976500 0.000031 -34.126716 0.000378 
167 8.131247 0.000000 2.528166 94.111328 -0.000333 -33.589295 0.001482 
168 10.697873 0.000000 2.528166 94.089915 0.000033 -33.752202 0.000788 
169 8.131247 0.000000 5.048144 93.996135 -0.000535 -33.907276 0.001502 
170 4.281308 0.000000 1.268177 94.355983 -0.000318 -32.257485 0.005640 
171 5.564621 0.000000 1.268177 94.346829 0.000048 -32.703315 0.002917 
172 4.281308 0.000000 2.528166 94.043859 0.000609 -33.153369 0.005661 
173 2.356339 0.000000 0.638183 94.491255 0.006627 -29.818542 0.018226 
174 2.997996 0.000000 0.638183 94.666846 0.000906 -30.506584 0.010754 
175 2.356339 0.000000 1.268177 93.970717 0.003704 -31.305635 0.018946 
176 1.393855 0.000000 0.323185 94.045554 0.015547 -26.720036 0.044147 
177 1.714683 0.000000 0.323185 94.540850 0.010922 -27.652233 0.029738 
178 1.393855 0.000000 0.638183 93.339266 0.019007 -28.372008 0.048281 
179 0.912612 0.000000 0.165687 93.140129 0.070173 -23.940764 0.075175 
180 1.073026 0.000000 0.165687 93.842708 0.040415 -24.780857 0.057945 
181 0.912612 0.000000 0.323185 92.397067 0.040243 -25.225352 0.082646 
182 0.671991 0.000000 0.086937 91.693261 0.114355 -21.465919 0.113155 
183 0.752198 0.000000 0.086937 92.556937 0.098429 -21.828087 0.095674 
184 0.671991 0.000000 0.165687 91.218934 0.105586 -22.278986 0.118274 
185 0.631888 0.000000 -0.031187 92.599221 0.110338 -18.933192 0.106691 
186 0.631888 0.000000 -0.070561 94.121252 0.076557 -18.571509 0.079628 
187 0.671991 0.000000 -0.031187 93.303871 0.088838 -20.215965 0.088569 
188 0.631888 0.000000 0.008188 91.488766 0.134753 -19.972411 0.123089 
189 0.551681 0.000000 0.047563 90.900334 0.237182 -21.447123 0.127709 
190 0.511577 0.000000 0.047563 93.017459 1.152656 -25.946078 0.067322 
191 0.591784 0.000000 0.047563 90.325911 0.180877 -20.821343 0.140767 
192 0.551681 0.000000 0.086937 90.758453 0.194197 -20.616826 0.133781 
193 0.571732 0.000000 -0.011499 76.328914 2.043862 -13.123369 0.399750 
194 0.551681 0.000000 -0.011499 81.914244 2.403428 -11.722584 0.314686 
195 0.571732 0.000000 -0.031187 91.331518 0.140929 -14.223897 0.145621 
196 0.591784 0.000000 -0.011499 89.664027 0.158493 -17.049678 0.166965 
197 0.571732 0.000000 0.008188 74.709865 1.869784 -13.373575 0.423609 
198 0.351163 0.000000 -0.070561 104.734507 0.232435 -5.453978 -0.099912 
199 0.270956 0.000000 -0.070561 109.532579 0.095823 -2.814690 -0.200532 
200 0.351163 0.000000 -0.149310 106.647368 0.174062 -12.016639 -0.151809 
201 0.351163 0.000000 0.008188 101.663380 0.210131 -1.597888 -0.033804 
202 0.471473 0.000000 -0.031187 97.758060 0.692922 -1.408482 0.044090 
203 0.431370 0.000000 -0.031187 100.523991 0.427730 -0.134618 -0.010527 
204 0.471473 0.000000 -0.070561 97.893972 0.122297 -10.298965 0.031069 
205 0.471473 0.000000 0.008188 96.681391 0.703230 -7.938990 0.058919 
206 0.531629 0.000000 -0.011499 90.911072 2.105815 -7.738473 0.167086 
207 0.511577 0.000000 -0.011499 94.663580 1.262258 -5.248555 0.100967 
208 0.531629 0.000000 -0.031187 93.100439 0.145845 -11.715345 0.119504 
209 0.531629 0.000000 0.008188 89.255638 2.047758 -16.160071 0.176809 
210 0.631888 0.000000 0.047563 91.238594 0.139534 -20.897087 0.123881 
211 0.671991 0.000000 0.047563 92.005747 0.120949 -21.189742 0.108592 
212 0.631888 0.000000 0.086937 91.194338 0.129185 -21.374604 0.122670 
213 0.571732 0.000000 0.027875 89.349354 0.240404 -21.981180 0.153346 
214 0.551681 0.000000 0.027875 81.986314 2.432387 -25.474095 0.262340 
215 0.591784 0.000000 0.027875 89.660284 0.185160 -20.501764 0.154068 
216 0.571732 0.000000 0.047563 90.322006 0.209815 -21.423618 0.138292 
217 0.561706 0.000000 -0.001656 77.694293 2.077085 -12.678533 0.379854 
218 0.551681 0.000000 -0.001656 83.777503 2.649238 -10.807545 0.285751 
219 0.561706 0.000000 -0.011499 79.044498 2.174388 -11.131804 0.362332 
220 0.571732 0.000000 -0.001656 74.571193 1.837736 -12.861805 0.427033 
221 0.561706 0.000000 0.008188 78.825648 2.212158 -14.268489 0.357803 
222 -14.968384 0.000000 -5.031768 93.984102 -0.000033 -34.215089 -0.000368 
223 -20.101635 0.000000 -5.031768 93.976661 -0.000021 -34.210265 -0.000196 
224 -14.968384 0.000000 -10.071724 93.986919 -0.000025 -34.208052 -0.000373 
225 -14.968384 0.000000 0.008188 93.974659 -0.000035 -34.219432 -0.000221 
226 -7.268507 0.000000 -2.511790 94.026384 0.000709 -34.254244 -0.001431 
227 -9.835133 0.000000 -2.511790 93.997950 -0.000069 -34.235162 -0.000766 
228 -7.268507 0.000000 -5.031768 94.038233 -0.000075 -34.226751 -0.001466 
229 -7.268507 0.000000 0.008188 93.988552 0.000338 -34.271200 -0.000836 
230 -3.418569 0.000000 -1.251801 94.177456 0.000518 -34.413137 -0.005366 
231 -4.701881 0.000000 -1.251801 94.075499 0.000331 -34.334694 -0.002907 
232 -3.418569 0.000000 -2.511790 94.227785 0.000461 -34.304822 -0.005570 
233 -3.418569 0.000000 0.008188 94.028411 0.000568 -34.475419 -0.002990 
234 -1.493599 0.000000 -0.621806 94.715508 -0.000351 -35.172389 -0.020812 
235 -2.135256 0.000000 -0.621806 94.345956 0.005259 -34.774346 -0.011041 
236 -1.493599 0.000000 -1.251801 94.905600 -0.003126 -34.675427 -0.020946 
237 -1.493599 0.000000 0.008188 94.087178 0.000391 -35.418518 -0.010687 
238 -0.531115 0.000000 -0.306809 96.584467 0.006603 -37.916057 -0.076619 
239 -0.851943 0.000000 -0.306809 95.117391 0.007789 -36.349101 -0.036858 
240 -0.531115 0.000000 -0.621806 97.183771 0.010608 -36.031768 -0.074297 
241 -0.531115 0.000000 0.008188 93.850520 0.001780 -38.736772 -0.030846 
242 -0.049872 0.000000 -0.149310 111.634529 0.104485 -45.326805 -0.451680 
243 -0.210286 0.000000 -0.149310 99.849624 0.005258 -44.147031 -0.191891 
244 -0.049872 0.000000 -0.306809 106.785455 0.034084 -37.248091 -0.279055 
245 -0.049872 0.000000 0.008188 82.713487 0.141369 -73.918526 -0.230549 
246 0.190749 0.000000 -0.070561 124.006226 -0.082052 8.486725 -0.544958 
247 0.110542 0.000000 -0.070561 136.478493 -0.105135 -27.921083 -0.940598 
248 0.190749 0.000000 -0.149310 118.536403 0.106975 -16.011051 -0.430724 
249 0.190749 0.000000 0.008188 97.661645 -0.525769 4.408077 0.044250 
250 0.351163 0.000000 0.086937 92.398999 0.252252 -13.803958 0.127181 
251 0.270956 0.000000 0.086937 89.097896 0.342423 -7.817018 0.200034 
252 0.351163 0.000000 0.165687 87.205491 0.251239 -17.164459 0.210052 
253 0.311059 0.000000 -0.031187 105.271305 0.158004 2.750256 -0.108964 
254 0.270956 0.000000 -0.031187 105.428989 0.087817 3.313557 -0.112626 
255 0.311059 0.000000 -0.070561 106.958821 0.125071 -4.886147 -0.146408 
256 0.351163 0.000000 -0.031187 104.061076 0.196588 2.000181 -0.083275 
257 0.311059 0.000000 0.008188 102.362997 0.165035 0.015415 -0.047821 
258 -14.968384 0.000000 5.048144 93.964540 -0.000027 -34.216537 -0.000011 
259 -20.101635 0.000000 5.048144 93.967854 -0.000018 -34.210928 -0.000035 
260 -14.968384 0.000000 10.088100 93.960142 -0.000016 -34.210370 0.000114 
261 -7.268507 0.000000 2.528166 93.948794 0.000183 -34.259061 -0.000006 
262 -9.835133 0.000000 2.528166 93.962841 -0.000058 -34.237462 -0.000122 
263 -7.268507 0.000000 5.048144 93.931932 -0.000043 -34.234755 0.000477 
264 -3.418569 0.000000 1.268177 93.876598 0.000624 -34.424312 0.000215 
265 -4.701881 0.000000 1.268177 93.937744 0.000381 -34.341093 -0.000361 
266 -3.418569 0.000000 2.528166 93.815943 0.000599 -34.326779 0.002024 
267 -1.493599 0.000000 0.638183 93.480864 0.001587 -35.163445 0.002486 
268 -2.135256 0.000000 0.638183 93.789532 -0.001552 -34.782714 -0.000631 
269 -1.493599 0.000000 1.268177 93.330724 0.001560 -34.664349 0.008776 
270 -0.531115 0.000000 0.323185 91.549825 0.002438 -37.380984 0.022129 
271 -0.851943 0.000000 0.323185 93.042902 -0.008375 -36.231429 0.003030 
272 -0.531115 0.000000 0.638183 91.239387 -0.009823 -35.751722 0.039719 
273 -0.049872 0.000000 0.165687 75.423859 0.089681 -38.985090 0.279140 
274 -0.210286 0.000000 0.165687 86.486100 -0.016372 -42.327051 0.072857 
275 -0.049872 0.000000 0.323185 81.977617 -0.007639 -35.017019 0.205348 
276 0.190749 0.000000 0.086937 81.861109 0.661885 1.507868 0.329605 
277 0.110542 0.000000 0.086937 70.236029 0.884318 10.638983 0.495293 
278 0.190749 0.000000 0.165687 79.171055 0.173744 -15.537057 0.349051 
279 0.230852 0.000000 -0.031187 105.516198 0.072055 3.462356 -0.114566 
280 0.190749 0.000000 -0.031187 86.112629 -0.427414 73.243920 -0.278024 
281 0.230852 0.000000 -0.070561 112.854174 0.012744 1.812806 -0.273935 
282 0.230852 0.000000 0.008188 98.450393 -0.184391 2.932340 0.029889 
283 0.030335 0.000000 -0.070561 139.574334 0.091013 -41.915593 -1.123792 
284 -0.049872 0.000000 -0.070561 111.992063 0.113280 -58.421183 -0.595527 
285 0.030335 0.000000 -0.149310 120.688147 0.102046 -37.785953 -0.599342 
286 0.030335 0.000000 0.008188 83.658869 1.271696 -30.284873 0.208240 
287 0.150645 0.000000 -0.031187 154.286509 -0.376479 -1.358640 -1.380631 
288 0.110542 0.000000 -0.031187 94.329909 -0.447289 -80.436304 -0.536833 
289 0.150645 0.000000 -0.070561 162.485257 -0.385381 -1.405750 -1.640358 
290 0.150645 0.000000 0.008188 14.657794 -8.670199 1.295903 0.970830 
291 0.230852 0.000000 0.047563 86.365601 0.505458 -1.651778 0.253800 
292 0.190749 0.000000 0.047563 81.777567 0.667448 1.609206 0.330939 
293 0.270956 0.000000 0.047563 92.261367 0.306705 -5.910826 0.145281 
294 0.230852 0.000000 0.086937 84.910723 0.512601 -2.242120 0.278488 
295 0.210801 0.000000 -0.011499 61.393703 -0.660660 19.940784 0.583274 
296 0.190749 0.000000 -0.011499 40.885215 -0.617751 47.859632 0.603747 
297 0.210801 0.000000 -0.031187 105.551228 0.074273 3.463554 -0.115306 
298 0.230852 0.000000 -0.011499 99.367194 -0.243355 3.658302 0.011272 
299 0.210801 0.000000 0.008188 93.923912 -0.696286 4.164055 0.116047 
300 0.030335 0.000000 0.086937 50.338520 0.185627 -25.650547 0.680805 
301 -0.049872 0.000000 0.086937 69.389850 0.118856 -48.449946 0.283764 
302 0.030335 0.000000 0.165687 70.112615 0.126231 -29.667590 0.420404 
303 0.070438 0.000000 -0.031187 135.520635 0.137699 6.430165 -0.840721 
304 0.030335 0.000000 -0.031187 171.677740 0.983567 -13.643814 -1.966037 
305 0.070438 0.000000 -0.070561 137.239807 0.006871 -28.719233 -0.965956 
306 0.070438 0.000000 0.008188 129.000553 -0.042831 6.820976 -0.668767 
307 0.070438 0.000000 0.047563 47.003876 1.012371 14.084931 0.759123 
308 0.030335 0.000000 0.047563 20.038300 1.121804 7.555587 0.954012 
309 0.110542 0.000000 0.047563 62.520820 0.953947 12.612904 0.593115 
310 0.070438 0.000000 0.086937 54.342703 1.049996 14.726397 0.682890 
311 0.090490 0.000000 -0.011499 114.326002 -0.483332 7.899595 -0.313307 
312 0.070438 0.000000 -0.011499 137.166034 0.166005 5.001877 -0.883957 
313 0.090490 0.000000 -0.031187 120.711500 -0.272341 7.317817 -0.462489 
314 0.110542 0.000000 -0.011499 52.134212 -0.437045 -60.940777 0.356805 
315 0.090490 0.000000 0.008188 120.131707 -0.288395 7.352570 -0.448577 
316 -0.370701 0.000000 -0.149310 96.558215 -0.017273 -40.935125 -0.099917 
317 -0.531115 0.000000 -0.149310 95.385265 0.007169 -38.581983 -0.058692 
318 -0.370701 0.000000 -0.306809 98.174280 0.009071 -38.827205 -0.114574 
319 -0.370701 0.000000 0.008188 93.429590 0.011889 -41.586746 -0.045855 
320 -0.130079 0.000000 -0.070561 99.807404 -0.051428 -51.093136 -0.257203 
321 -0.210286 0.000000 -0.070561 96.734278 -0.004386 -46.279759 -0.149934 
322 -0.130079 0.000000 -0.149310 103.876369 -0.028525 -45.756465 -0.288395 
323 -0.130079 0.000000 0.008188 90.499390 0.100657 -52.785569 -0.097647 
324 -0.009769 0.000000 -0.031187 136.204806 0.171599 -83.249647 -1.548228 
325 -0.049872 0.000000 -0.031187 104.174838 0.128308 -70.333913 -0.579927 
326 -0.009769 0.000000 -0.070561 127.190853 0.118235 -56.706196 -0.939312 
327 -0.009769 0.000000 0.008188 61.964401 1.841692 -109.922150 -0.592586 
328 -0.370701 0.000000 0.165687 90.718780 -0.001191 -40.150277 0.015806 
329 -0.531115 0.000000 0.165687 92.411971 0.006339 -38.312398 -0.000781 
330 -0.370701 0.000000 0.323185 89.916235 0.016080 -37.836082 0.048350 
331 -0.130079 0.000000 0.086937 83.363351 0.007145 -47.710402 0.077427 
332 -0.210286 0.000000 0.086937 88.521303 -0.022415 -44.826015 0.015461 
333 -0.130079 0.000000 0.165687 82.232887 0.025423 -42.088735 0.146629 
334 -0.009769 0.000000 0.047563 41.431825 0.197434 -55.582296 0.519397 
335 -0.049872 0.000000 0.047563 69.371505 0.136234 -60.042434 0.158248 
336 -0.009769 0.000000 0.086937 57.408166 0.151129 -41.520039 0.498037 
337 0.010283 0.000000 -0.011499 140.487366 1.699200 -88.398171 -1.755382 
338 -0.009769 0.000000 -0.011499 117.279016 1.913223 -123.451017 -1.899818 
339 0.010283 0.000000 -0.031187 178.695398 1.515959 -65.378285 -2.620866 
340 0.030335 0.000000 -0.011499 173.179912 1.101767 -24.716286 -2.060339 
341 0.010283 0.000000 0.008188 36.212404 1.658823 -79.191365 0.241464 
342 -0.089976 0.000000 -0.031187 97.483082 0.106156 -59.138357 -0.300031 
343 -0.130079 0.000000 -0.031187 95.569460 0.100279 -52.759783 -0.191713 
344 -0.089976 0.000000 -0.070561 103.698697 0.102471 -54.742090 -0.375013 
345 -0.089976 0.000000 0.008188 88.312704 0.106749 -59.629531 -0.135483 
346 -0.029821 0.000000 -0.011499 99.373585 0.167247 -90.880982 -0.813449 
347 -0.049872 0.000000 -0.011499 94.577493 0.136489 -74.745849 -0.453186 
348 -0.029821 0.000000 -0.031187 114.064151 0.142640 -78.563223 -0.918283 
349 -0.029821 0.000000 0.008188 74.633348 0.183042 -90.184859 -0.370348 
350 0.010283 0.000000 0.027875 -14.440429 1.411929 -31.807653 0.877775 
351 -0.009769 0.000000 0.027875 -25.450735 1.696299 -82.458620 0.254996 
352 0.030335 0.000000 0.027875 9.227966 1.182580 0.792901 0.991282 
353 0.010283 0.000000 0.047563 26.253310 0.292523 -38.368150 0.783856 
354 0.000257 0.000000 -0.001656 82.116691 1.955044 -130.592353 -1.380134 
355 -0.009769 0.000000 -0.001656 69.837488 1.850846 -111.654589 -0.734745 
356 0.000257 0.000000 -0.011499 125.258816 1.781587 -102.531130 -1.620558 
357 0.010283 0.000000 -0.001656 113.670074 1.723859 -91.757569 -1.134331 
358 0.000257 0.000000 0.008188 9.737993 1.790323 -101.947905 -0.049141 
359 0.050386 0.000000 0.027875 33.161114 1.082554 11.427860 0.876857 
360 0.050386 0.000000 0.008188 155.053258 0.628127 1.375156 -1.404380 
361 0.070438 0.000000 0.027875 43.633095 1.058442 13.826877 0.790385 
362 0.050386 0.000000 0.047563 34.799534 1.076815 11.991633 0.864403 
363 0.311059 0.000000 0.047563 94.584399 0.228596 -7.834097 0.099237 
364 0.351163 0.000000 0.047563 93.880978 0.263229 -12.132114 0.103910 
365 0.311059 0.000000 0.086937 91.309120 0.262196 -11.107988 0.153919 
366 0.471473 0.000000 0.047563 93.985200 0.593392 -22.722567 0.065012 
367 0.431370 0.000000 0.047563 94.607649 0.474325 -18.905025 0.069177 
368 0.471473 0.000000 0.086937 91.619015 0.251359 -19.374701 0.123051 
369 0.531629 0.000000 0.027875 90.163813 1.911070 -26.554363 0.116170 
370 0.511577 0.000000 0.027875 93.047034 1.190944 -22.952254 0.081403 
371 0.531629 0.000000 0.047563 91.854865 0.262650 -21.944730 0.108104 
372 -4.701881 0.000000 -15.111679 94.009119 -0.000012 -34.182714 -0.000617 
373 -9.835133 0.000000 -15.111679 93.995244 -0.000018 -34.197685 -0.000459 
374 -4.701881 0.000000 -20.151635 93.993810 -0.000007 -34.187668 -0.000363 
375 0.431370 0.000000 -15.111679 94.020955 0.000004 -34.153963 -0.000643 
376 -2.135256 0.000000 -7.551746 94.123472 0.000954 -34.128993 -0.002402 
377 -4.701881 0.000000 -7.551746 94.070839 -0.000041 -34.186164 -0.001802 
378 -2.135256 0.000000 -10.071724 94.065282 -0.000004 -34.146746 -0.001428 
379 0.431370 0.000000 -7.551746 94.166583 0.000141 -34.021939 -0.002484 
380 -0.851943 0.000000 -3.771779 94.532752 0.006388 -33.952527 -0.008922 
381 -2.135256 0.000000 -3.771779 94.349281 -0.002081 -34.151988 -0.006815 
382 -0.851943 0.000000 -5.031768 94.328547 -0.002251 -34.003296 -0.005410 
383 0.431370 0.000000 -3.771779 94.679629 0.003152 -33.602159 -0.009334 
384 -0.210286 0.000000 -1.881795 95.826810 -0.005866 -33.521894 -0.030649 
385 -0.851943 0.000000 -1.881795 95.280977 0.000516 -34.107044 -0.024176 
386 -0.210286 0.000000 -2.511790 95.216733 0.003091 -33.604085 -0.019546 
387 0.431370 0.000000 -1.881795 96.077502 -0.005480 -32.586460 -0.029276 
388 0.110542 0.000000 -0.936804 99.138546 0.024027 -32.334822 -0.087399 
389 -0.210286 0.000000 -0.936804 98.072565 0.036044 -34.051410 -0.077773 
390 0.110542 0.000000 -1.251801 97.541420 0.013641 -32.667666 -0.058151 
391 0.431370 0.000000 -0.936804 99.079411 0.022125 -30.331883 -0.073675 
392 0.270956 0.000000 -0.464308 104.651132 0.042203 -27.568770 -0.171190 
393 0.110542 0.000000 -0.464308 105.341807 0.020989 -31.357755 -0.208021 
394 0.270956 0.000000 -0.621806 102.120181 0.065605 -29.572044 -0.130304 
395 0.431370 0.000000 -0.464308 102.448245 0.050192 -25.311484 -0.113632 
396 0.190749 0.000000 -0.228060 113.174082 0.106608 -22.992697 -0.333705 
397 0.110542 0.000000 -0.228060 114.744411 0.099958 -28.812088 -0.399643 
398 0.190749 0.000000 -0.306809 110.164009 0.056301 -26.036507 -0.281401 
399 0.270956 0.000000 -0.228060 110.470397 0.112922 -18.795837 -0.255700 
400 0.150645 0.000000 -0.109936 128.162955 0.049782 -15.375722 -0.666216 
401 0.110542 0.000000 -0.109936 129.929988 0.057841 -23.994864 -0.745756 
402 0.150645 0.000000 -0.149310 121.730635 0.099798 -20.292052 -0.523012 
403 0.190749 0.000000 -0.109936 121.923696 0.065715 -8.830055 -0.494336 
404 0.130593 0.000000 -0.050874 151.579900 -0.379457 -41.271788 -1.467997 
405 0.110542 0.000000 -0.050874 123.643139 -0.388427 -71.482854 -1.039758 
406 0.130593 0.000000 -0.070561 147.322538 -0.375959 -53.612758 -1.457840 
407 0.150645 0.000000 -0.050874 156.294181 -0.378367 -0.720650 -1.442853 
408 0.130593 0.000000 -0.031187 136.893315 -0.388356 -53.350760 -1.158623 
409 -0.049872 0.000000 -0.464308 103.576324 -0.004219 -34.928336 -0.194804 
410 -0.210286 0.000000 -0.464308 100.876528 0.023294 -36.820782 -0.153184 
411 -0.049872 0.000000 -0.621806 101.385664 0.037692 -33.962480 -0.143250 
412 0.030335 0.000000 -0.228060 113.007454 0.097821 -35.230976 -0.401192 
413 -0.049872 0.000000 -0.228060 108.930920 -0.025263 -39.907590 -0.345856 
414 0.030335 0.000000 -0.306809 109.366803 0.004663 -34.190706 -0.313010 
415 0.070438 0.000000 -0.109936 129.788440 0.084804 -31.428631 -0.783281 
416 0.030335 0.000000 -0.109936 127.442078 0.099361 -39.986680 -0.784043 
417 0.070438 0.000000 -0.149310 122.957027 0.097183 -31.902431 -0.613621 
418 0.090490 0.000000 -0.050874 130.258561 -0.218260 -27.935837 -0.774775 
419 0.070438 0.000000 -0.050874 139.131437 -0.082185 -23.286187 -0.989981 
420 0.090490 0.000000 -0.070561 134.903295 -0.058149 -27.574461 -0.895925 
421 0.150645 0.000000 0.047563 74.998411 0.840898 7.088529 0.432428 
422 0.150645 0.000000 0.086937 75.300585 0.831096 6.863117 0.428203 
423 0.130593 0.000000 -0.011499 147.322538 -0.375959 -53.612758 -1.457840 
424 0.150645 0.000000 -0.011499 162.485257 -0.385381 -1.405750 -1.640358 
425 0.130593 0.000000 0.008188 15.886740 -8.655477 -1.444493 0.967061 
426 0.120568 0.000000 -0.041030 125.598331 -0.378151 -70.290261 -1.071580 
427 0.110542 0.000000 -0.041030 110.065194 -0.414426 -76.014143 -0.789267 
428 0.120568 0.000000 -0.050874 132.549260 -0.383225 -58.693150 -1.101434 
429 0.130593 0.000000 -0.041030 139.561677 -0.384537 -52.643768 -1.224898 
430 0.120568 0.000000 -0.031187 116.701646 -0.409827 -67.279036 -0.814591 
431 0.170697 0.000000 -0.050874 144.894083 -0.361002 37.859861 -1.242779 
432 0.170697 0.000000 -0.070561 139.858468 -0.354297 48.563486 -1.191893 
433 0.190749 0.000000 -0.050874 115.041946 -0.370651 64.815142 -0.743579 
434 0.170697 0.000000 -0.031187 125.373574 -0.371591 51.769229 -0.839872 
435 2.035511 0.000000 -0.306809 95.800084 0.048938 -27.409821 0.007104 
436 2.035511 0.000000 -0.621806 96.182520 -0.013535 -27.306543 0.000328 
437 2.356339 0.000000 -0.306809 95.875593 0.027011 -27.461238 0.005375 
438 2.035511 0.000000 0.008188 95.423755 0.012839 -27.426113 0.014212 
439 5.564621 0.000000 -15.111679 94.025414 0.000021 -34.117238 -0.000476 
440 5.564621 0.000000 -20.151635 94.000843 0.000008 -34.159032 -0.000300 
441 10.697873 0.000000 -15.111679 94.029056 0.000032 -34.077347 -0.000273 
442 15.831124 0.000000 -15.111679 94.041064 0.000040 -34.024752 -0.000141 
443 15.831124 0.000000 -20.151635 94.004634 0.000017 -34.123929 -0.000131 
444 20.964375 0.000000 -15.111679 94.069054 0.000055 -33.937522 -0.000074 
445 -14.968384 0.000000 -15.111679 93.985185 -0.000016 -34.203121 -0.000307 
446 -20.101635 0.000000 -15.111679 93.979143 -0.000013 -34.204546 -0.000203 
447 -14.968384 0.000000 -20.151635 93.982271 -0.000011 -34.200665 -0.000235 
448 2.997996 0.000000 -7.551746 94.179985 0.000935 -33.888961 -0.001833 
449 2.997996 0.000000 -10.071724 94.090966 0.000059 -34.038203 -0.001171 
450 5.564621 0.000000 -7.551746 94.188061 0.000630 -33.751948 -0.001058 
451 8.131247 0.000000 -7.551746 94.221751 0.000189 -33.584570 -0.000566 
452 8.131247 0.000000 -10.071724 94.102124 0.000088 -33.911049 -0.000517 
453 10.697873 0.000000 -7.551746 94.299684 0.000227 -33.330867 -0.000338 
454 -7.268507 0.000000 -7.551746 94.031850 -0.000050 -34.206996 -0.001211 
455 -9.835133 0.000000 -7.551746 94.008216 -0.000044 -34.212392 -0.000803 
456 -7.268507 0.000000 -10.071724 94.020588 -0.000033 -34.197055 -0.000931 
457 1.714683 0.000000 -3.771779 94.692472 0.002985 -33.198970 -0.006884 
458 1.714683 0.000000 -5.031768 94.407840 0.006862 -33.631879 -0.004394 
459 2.997996 0.000000 -3.771779 94.658932 0.000773 -32.846721 -0.003922 
460 4.281308 0.000000 -3.771779 94.694335 0.000684 -32.481636 -0.002207 
461 4.281308 0.000000 -5.031768 94.415456 0.004697 -33.250210 -0.001985 
462 5.564621 0.000000 -3.771779 94.808910 0.003552 -32.023635 -0.001424 
463 -3.418569 0.000000 -3.771779 94.207185 0.000370 -34.226693 -0.004646 
464 -4.701881 0.000000 -3.771779 94.118823 0.000252 -34.245396 -0.003110 
465 -3.418569 0.000000 -5.031768 94.166283 0.000273 -34.186393 -0.003600 
466 1.073026 0.000000 -1.881795 95.937379 -0.004052 -31.713206 -0.020971 
467 1.073026 0.000000 -2.511790 95.343079 0.003572 -32.586818 -0.015220 
468 1.714683 0.000000 -1.881795 95.656896 0.002225 -31.146044 -0.012032 
469 2.356339 0.000000 -1.881795 95.547897 0.002320 -30.686044 -0.007103 
470 2.356339 0.000000 -2.511790 95.192006 0.009226 -31.797574 -0.007260 
471 2.997996 0.000000 -1.881795 95.548504 0.005922 -30.254837 -0.004487 
472 -1.493599 0.000000 -1.881795 94.840368 0.001536 -34.352734 -0.017481 
473 -2.135256 0.000000 -1.881795 94.536554 0.010499 -34.415689 -0.012160 
474 -1.493599 0.000000 -2.511790 94.713016 0.015215 -34.194270 -0.013980 
475 0.752198 0.000000 -0.936804 98.149139 0.060282 -29.062965 -0.047791 
476 0.752198 0.000000 -1.251801 97.278436 0.022069 -30.608170 -0.039995 
477 1.073026 0.000000 -0.936804 97.215042 0.006108 -28.577436 -0.026743 
478 1.393855 0.000000 -0.936804 96.688757 0.013587 -28.332308 -0.015144 
479 1.393855 0.000000 -1.251801 96.458551 0.005003 -29.629667 -0.018217 
480 1.714683 0.000000 -0.936804 96.358133 0.001291 -28.227096 -0.008166 
481 -0.531115 0.000000 -0.936804 96.744292 0.020408 -34.811015 -0.057127 
482 -0.851943 0.000000 -0.936804 95.881511 0.009642 -35.071926 -0.042330 
483 -0.531115 0.000000 -1.251801 96.377637 0.012956 -34.302684 -0.046532 
484 0.591784 0.000000 -0.464308 100.432332 0.005996 -24.385658 -0.068131 
485 0.591784 0.000000 -0.621806 99.869437 0.043909 -26.866078 -0.069569 
486 0.752198 0.000000 -0.464308 98.813430 0.027915 -24.565983 -0.036758 
487 0.912612 0.000000 -0.464308 97.760740 0.034789 -25.070871 -0.018571 
488 0.912612 0.000000 -0.621806 98.178816 0.014175 -26.276971 -0.032956 
489 1.073026 0.000000 -0.464308 97.252801 0.002426 -25.282673 -0.009732 
490 0.351163 0.000000 -0.228060 106.522930 0.092810 -17.645654 -0.165851 
491 0.351163 0.000000 -0.306809 105.944070 0.103419 -21.383051 -0.168139 
492 0.431370 0.000000 -0.228060 103.452917 0.131479 -17.461969 -0.100744 
493 2.035511 0.000000 -0.936804 96.195645 -0.005650 -28.139466 -0.004543 
494 2.035511 0.000000 -1.251801 96.025646 -0.003443 -29.216576 -0.007453 
495 2.356339 0.000000 -0.936804 96.136432 -0.005246 -28.057474 -0.002944 
496 2.035511 0.000000 0.323185 94.806751 0.009214 -28.421032 0.020392 
497 2.356339 0.000000 0.323185 94.926318 0.006832 -28.923782 0.015241 
498 2.035511 0.000000 0.638183 94.286982 0.010064 -29.394597 0.024592 
499 0.391266 0.000000 -0.031187 103.015683 0.229118 1.359490 -0.061413 
500 0.391266 0.000000 -0.070561 102.212308 0.211848 -7.083462 -0.049758 
501 0.391266 0.000000 0.008188 100.095649 0.321062 -3.214371 -0.002957 
502 -0.370701 0.000000 -0.464308 98.520191 0.026117 -37.053083 -0.107916 
503 -0.531115 0.000000 -0.464308 97.105835 0.013144 -36.884813 -0.079003 
504 -0.370701 0.000000 -0.621806 98.381193 0.014139 -35.874058 -0.096581 
505 -0.130079 0.000000 -0.228060 104.400214 0.044044 -41.544825 -0.262538 
506 -0.210286 0.000000 -0.228060 101.451947 0.002504 -41.917035 -0.204954 
507 -0.130079 0.000000 -0.306809 104.514413 0.015839 -39.341447 -0.247101 
508 0.230852 0.000000 -0.109936 115.562323 0.092404 -7.519934 -0.341121 
509 0.230852 0.000000 -0.149310 114.866470 0.102279 -13.610442 -0.337956 
510 0.270956 0.000000 -0.109936 111.365303 0.109049 -8.037090 -0.246684 
511 0.391266 0.000000 0.047563 94.358074 0.340105 -16.734038 0.081641 
512 0.391266 0.000000 0.086937 93.371325 0.247619 -16.189150 0.101965 
513 0.210801 0.000000 -0.050874 109.505328 -0.182541 15.961088 -0.224621 
514 0.210801 0.000000 -0.070561 116.583160 -0.040476 5.438460 -0.362121 
515 0.230852 0.000000 -0.050874 104.603436 0.014273 3.431137 -0.095365 
516 -0.009769 0.000000 -0.109936 120.775970 0.106580 -47.321896 -0.682621 
517 -0.049872 0.000000 -0.109936 112.628694 0.097953 -50.170254 -0.520229 
518 -0.009769 0.000000 -0.149310 116.492586 0.099212 -42.503397 -0.537707 
519 0.170697 0.000000 -0.011499 112.928840 -0.383810 62.916524 -0.671156 
520 0.170697 0.000000 0.008188 80.859522 0.804704 2.735057 0.345361 
521 0.050386 0.000000 -0.011499 162.248080 0.782316 -5.346625 -1.635364 
522 0.050386 0.000000 -0.031187 155.128354 0.629693 1.331167 -1.406697 
523 0.090490 0.000000 0.027875 57.193793 0.937232 13.958451 0.653315 
524 0.110542 0.000000 0.027875 65.660960 0.927257 11.814895 0.554819 
525 0.090490 0.000000 0.047563 55.359311 1.005342 13.769794 0.674473 
526 -0.089976 0.000000 -0.109936 106.411302 0.102473 -49.858548 -0.380925 
527 -0.130079 0.000000 -0.109936 102.455997 -0.046236 -48.322192 -0.283227 
528 -0.089976 0.000000 -0.149310 107.112490 0.095600 -45.921238 -0.358185 
529 -0.089976 0.000000 0.047563 81.016399 0.102194 -54.993239 0.041208 
530 -0.130079 0.000000 0.047563 86.036860 -0.014479 -50.939305 0.000285 
531 -0.089976 0.000000 0.086937 78.135734 0.099496 -49.088725 0.148509 
532 -0.029821 0.000000 0.027875 60.015216 0.172336 -74.890250 0.078959 
533 -0.049872 0.000000 0.027875 73.600374 0.140732 -67.767196 -0.000943 
534 -0.029821 0.000000 0.047563 57.919609 0.157394 -60.908891 0.293540 
535 0.130593 0.000000 0.027875 70.238724 0.877940 10.637361 0.495260 
536 0.150645 0.000000 0.027875 72.670501 0.855842 8.828342 0.464033 
537 0.130593 0.000000 0.047563 71.448246 0.903009 9.735411 0.479955 
538 0.170697 0.000000 0.027875 80.864052 0.681945 2.709869 0.345320 
539 0.190749 0.000000 0.027875 80.864085 0.681048 2.709685 0.345319 
540 0.170697 0.000000 0.047563 76.363849 0.811768 6.070792 0.413105 
541 0.511577 0.000000 -0.228060 101.138027 0.111242 -17.871632 -0.054831 
542 0.511577 0.000000 -0.306809 101.589158 0.070848 -20.792286 -0.075268 
543 0.591784 0.000000 -0.228060 98.991803 0.066577 -19.603281 -0.018367 
544 0.671991 0.000000 -0.228060 97.806303 0.065216 -20.874789 -0.000183 
545 0.671991 0.000000 -0.306809 98.864588 0.067958 -21.753705 -0.024744 
546 0.752198 0.000000 -0.228060 97.151307 0.056659 -21.797770 0.008648 
547 0.311059 0.000000 -0.109936 108.322272 0.126522 -8.748715 -0.181027 
548 0.311059 0.000000 -0.149310 109.066169 0.126039 -11.899295 -0.203704 
549 0.351163 0.000000 -0.109936 105.956475 0.208468 -8.821523 -0.130464 
550 0.391266 0.000000 -0.109936 103.524319 0.187897 -9.899313 -0.081532 
551 0.391266 0.000000 -0.149310 104.284611 0.154990 -12.801956 -0.103919 
552 0.431370 0.000000 -0.109936 101.303006 0.146917 -11.189982 -0.038754 
553 0.210801 0.000000 0.027875 90.935749 0.394343 0.354438 0.173041 
554 0.230852 0.000000 0.027875 96.797385 0.231704 -0.792556 0.062958 
555 0.210801 0.000000 0.047563 83.997002 0.585378 -1.102698 0.294294 
556 0.050386 0.000000 -0.050874 147.548768 0.022208 -28.115512 -1.256112 
557 0.030335 0.000000 -0.050874 151.064441 0.090989 -40.690199 -1.447617 
558 0.050386 0.000000 -0.070561 139.783693 0.053506 -33.760533 -1.067926 
559 0.010283 0.000000 -0.050874 145.261363 0.125291 -56.123689 -1.425075 
560 -0.009769 0.000000 -0.050874 131.674222 0.131679 -65.828345 -1.167149 
561 0.010283 0.000000 -0.070561 135.052558 0.112636 -50.618568 -1.080145 
562 0.471473 0.000000 -0.109936 99.462859 0.106875 -12.327303 -0.004483 
563 0.471473 0.000000 -0.149310 100.671513 0.138564 -14.235526 -0.033742 
564 0.511577 0.000000 -0.109936 97.914436 0.145303 -13.675726 0.022572 
565 0.551681 0.000000 -0.109936 96.801169 0.120791 -14.965797 0.040554 
566 0.551681 0.000000 -0.149310 98.223838 0.114223 -16.230896 0.008862 
567 0.591784 0.000000 -0.109936 95.974471 0.101976 -16.850956 0.050494 
568 0.631888 0.000000 -0.109936 95.526419 0.071104 -18.671994 0.052605 
569 0.631888 0.000000 -0.149310 96.689580 0.061837 -19.040256 0.028859 
570 0.671991 0.000000 -0.109936 95.396867 0.055657 -19.758723 0.050903 
571 -0.029821 0.000000 -0.050874 118.463845 0.126586 -67.031616 -0.852694 
572 -0.049872 0.000000 -0.050874 109.599377 0.120158 -64.117156 -0.612305 
573 -0.029821 0.000000 -0.070561 118.823495 0.116553 -58.924270 -0.759111 
1 19 21 3 22 
2 20 19 22 9 
3 28 20 9 30 
4 29 28 30 4 
5 35 37 19 38 
6 36 35 38 20 
7 44 36 20 46 
8 45 44 46 28 
9 51 53 35 54 
10 52 51 54 36 
11 60 52 36 62 
12 61 60 62 44 
13 67 69 51 70 
14 68 67 70 52 
15 76 68 52 78 
16 77 76 78 60 
17 83 85 67 86 
18 84 83 86 68 
19 92 84 68 94 
20 93 92 94 76 
21 99 101 83 102 
22 100 99 102 84 
23 108 100 84 110 
24 109 108 110 92 
25 115 117 99 118 
26 116 115 118 100 
27 10 125 124 26 
28 125 13 126 124 
29 124 126 8 127 
30 26 124 127 14 
31 23 129 128 42 
32 129 26 130 128 
33 128 130 14 131 
34 42 128 131 27 
35 39 133 132 58 
36 133 42 134 132 
37 132 134 27 135 
38 58 132 135 43 
39 137 58 138 136 
40 136 138 43 139 
41 71 141 140 90 
42 141 74 142 140 
43 140 142 59 143 
44 90 140 143 75 
45 87 145 144 106 
46 145 90 146 144 
47 144 146 75 147 
48 106 144 147 91 
49 149 106 150 148 
50 148 150 91 151 
51 152 116 100 154 
52 153 152 154 108 
53 155 157 115 158 
54 156 155 158 116 
55 119 161 159 160 
56 161 122 162 159 
57 14 127 164 37 
58 127 8 165 164 
59 164 165 21 166 
60 37 164 166 19 
61 27 131 167 53 
62 131 14 168 167 
63 167 168 37 169 
64 53 167 169 35 
65 43 135 170 69 
66 135 27 171 170 
67 170 171 53 172 
68 69 170 172 51 
69 139 43 174 173 
70 173 174 69 175 
71 85 173 175 67 
72 75 143 176 101 
73 143 59 177 176 
74 176 177 85 178 
75 101 176 178 83 
76 91 147 179 117 
77 147 75 180 179 
78 179 180 101 181 
79 117 179 181 99 
80 151 91 183 182 
81 182 183 117 184 
82 157 182 184 115 
83 122 186 185 162 
84 186 148 187 185 
85 185 187 151 188 
86 162 185 188 107 
87 189 191 157 192 
88 190 189 192 155 
89 159 195 193 194 
90 195 162 196 193 
91 193 196 107 197 
92 120 204 202 203 
93 204 119 160 202 
94 202 160 123 205 
95 203 202 205 5 
96 160 208 206 207 
97 208 159 194 206 
98 206 194 163 209 
99 207 206 209 123 
100 107 188 210 191 
101 188 151 211 210 
102 210 211 182 212 
103 191 210 212 157 
104 163 197 213 214 
105 197 107 215 213 
106 213 215 191 216 
107 214 213 216 189 
108 194 219 217 218 
109 219 193 220 217 
110 217 220 197 221 
111 218 217 221 163 
112 16 224 222 223 
113 224 15 32 222 
114 222 32 18 225 
115 223 222 225 6 
116 32 228 226 227 
117 228 31 48 226 
118 226 48 34 229 
119 227 226 229 18 
120 48 232 230 231 
121 232 47 64 230 
122 230 64 50 233 
123 231 230 233 34 
124 64 236 234 235 
125 236 63 80 234 
126 234 80 66 237 
127 235 234 237 50 
128 80 240 238 239 
129 239 238 241 66 
130 250 156 116 252 
131 251 250 252 152 
132 199 255 253 254 
133 255 198 256 253 
134 253 256 201 257 
135 254 253 257 114 
136 6 225 258 259 
137 225 18 45 258 
138 258 45 28 260 
139 259 258 260 29 
140 18 229 261 262 
141 229 34 61 261 
142 261 61 44 263 
143 262 261 263 45 
144 34 233 264 265 
145 233 50 77 264 
146 264 77 60 266 
147 265 264 266 61 
148 50 237 267 268 
149 237 66 93 267 
150 267 93 76 269 
151 268 267 269 77 
152 66 241 270 271 
153 270 109 92 272 
154 271 270 272 93 
155 273 153 108 275 
156 274 273 275 109 
157 276 251 152 278 
158 277 276 278 153 
159 281 199 254 279 
160 279 254 114 282 
161 282 114 293 291 
162 291 293 251 294 
163 292 291 294 276 
164 280 297 295 296 
165 297 279 298 295 
166 295 298 282 299 
167 296 295 299 249 
168 300 277 153 302 
169 301 300 302 273 
170 307 309 277 310 
171 308 307 310 300 
172 303 313 311 312 
173 313 288 314 311 
174 311 314 98 315 
175 312 311 315 306 
176 238 318 316 317 
177 318 96 243 316 
178 316 243 82 319 
179 317 316 319 241 
180 243 322 320 321 
181 321 320 323 82 
182 241 319 328 329 
183 319 82 274 328 
184 328 274 109 330 
185 329 328 330 270 
186 82 323 331 332 
187 331 301 273 333 
188 332 331 333 274 
189 334 308 300 336 
190 335 334 336 301 
191 324 339 337 338 
192 339 304 340 337 
193 337 340 286 341 
194 320 344 342 343 
195 344 284 325 342 
196 342 325 245 345 
197 343 342 345 323 
198 325 348 346 347 
199 348 324 338 346 
200 346 338 327 349 
201 347 346 349 245 
202 327 341 350 351 
203 341 286 352 350 
204 350 352 308 353 
205 351 350 353 334 
206 338 356 354 355 
207 356 337 357 354 
208 354 357 341 358 
209 355 354 358 327 
210 286 360 359 352 
211 360 306 361 359 
212 359 361 307 362 
213 352 359 362 308 
214 114 257 363 293 
215 257 201 364 363 
216 363 364 250 365 
217 293 363 365 251 
218 5 205 366 367 
219 205 123 190 366 
220 366 190 155 368 
221 367 366 368 156 
222 123 209 369 370 
223 209 163 214 369 
224 369 214 189 371 
225 370 369 371 190 
226 17 374 372 373 
227 374 7 375 372 
228 372 375 11 33 
229 373 372 33 15 
230 33 378 376 377 
231 378 11 379 376 
232 376 379 24 49 
233 377 376 49 31 
234 49 382 380 381 
235 382 24 383 380 
236 380 383 40 65 
237 381 380 65 47 
238 65 386 384 385 
239 386 40 387 384 
240 384 387 56 81 
241 385 384 81 63 
242 81 390 388 389 
243 390 56 391 388 
244 388 391 72 97 
245 389 388 97 79 
246 97 394 392 393 
247 394 72 395 392 
248 392 395 88 113 
249 393 392 113 95 
250 95 398 396 397 
251 398 113 399 396 
252 396 399 111 248 
253 397 396 248 112 
254 112 402 400 401 
255 402 248 403 400 
256 400 403 246 289 
257 401 400 289 247 
258 247 406 404 405 
259 406 289 407 404 
260 404 407 287 408 
261 79 411 409 410 
262 411 97 393 409 
263 409 393 95 244 
264 410 409 244 96 
265 244 414 412 413 
266 414 95 397 412 
267 412 397 112 285 
268 413 412 285 242 
269 285 417 415 416 
270 417 112 401 415 
271 415 401 247 305 
272 416 415 305 283 
273 305 420 418 419 
274 420 247 405 418 
275 418 405 288 313 
276 419 418 313 303 
277 421 292 276 422 
278 309 421 422 277 
279 288 408 423 314 
280 408 287 424 423 
281 423 424 290 425 
282 314 423 425 98 
283 405 428 426 427 
284 428 404 429 426 
285 426 429 408 430 
286 427 426 430 288 
287 289 432 431 407 
288 432 246 433 431 
289 431 433 280 434 
290 407 431 434 287 
291 74 436 435 142 
292 436 136 437 435 
293 435 437 139 438 
294 142 435 438 59 
295 7 440 439 375 
296 440 12 441 439 
297 439 441 10 25 
298 375 439 25 11 
299 12 443 442 441 
300 443 2 444 442 
301 442 444 13 125 
302 441 442 125 10 
303 1 447 445 446 
304 447 17 373 445 
305 445 373 15 224 
306 446 445 224 16 
307 11 449 448 379 
308 449 25 450 448 
309 448 450 23 41 
310 379 448 41 24 
311 25 452 451 450 
312 452 10 453 451 
313 451 453 26 129 
314 450 451 129 23 
315 15 456 454 455 
316 456 33 377 454 
317 454 377 31 228 
318 455 454 228 32 
319 24 458 457 383 
320 458 41 459 457 
321 457 459 39 57 
322 383 457 57 40 
323 41 461 460 459 
324 461 23 462 460 
325 460 462 42 133 
326 459 460 133 39 
327 31 465 463 464 
328 465 49 381 463 
329 463 381 47 232 
330 464 463 232 48 
331 40 467 466 387 
332 467 57 468 466 
333 466 468 55 73 
334 387 466 73 56 
335 57 470 469 468 
336 470 39 471 469 
337 469 471 58 137 
338 468 469 137 55 
339 47 474 472 473 
340 474 65 385 472 
341 472 385 63 236 
342 473 472 236 64 
343 56 476 475 391 
344 476 73 477 475 
345 475 477 71 89 
346 391 475 89 72 
347 73 479 478 477 
348 479 55 480 478 
349 478 480 74 141 
350 477 478 141 71 
351 63 483 481 482 
352 483 81 389 481 
353 481 389 79 240 
354 482 481 240 80 
355 72 485 484 395 
356 485 89 486 484 
357 484 486 87 105 
358 395 484 105 88 
359 89 488 487 486 
360 488 71 489 487 
361 487 489 90 145 
362 486 487 145 87 
363 113 491 490 399 
364 491 88 492 490 
365 490 492 104 200 
366 399 490 200 111 
367 55 494 493 480 
368 494 137 495 493 
369 493 495 136 436 
370 480 493 436 74 
371 59 438 496 177 
372 438 139 497 496 
373 496 497 173 498 
374 177 496 498 85 
375 198 500 499 256 
376 500 120 203 499 
377 499 203 5 501 
378 256 499 501 201 
379 240 504 502 503 
380 504 79 410 502 
381 502 410 96 318 
382 503 502 318 238 
383 96 507 505 506 
384 507 244 413 505 
385 505 413 242 322 
386 506 505 322 243 
387 248 509 508 403 
388 509 111 510 508 
389 508 510 199 281 
390 403 508 281 246 
391 201 501 511 364 
392 501 5 367 511 
393 511 367 156 512 
394 364 511 512 250 
395 246 514 513 433 
396 514 281 515 513 
397 513 515 279 297 
398 433 513 297 280 
399 242 518 516 517 
400 518 285 416 516 
401 516 416 283 326 
402 517 516 326 284 
403 287 434 519 424 
404 434 280 296 519 
405 519 296 249 520 
406 424 519 520 290 
407 304 522 521 340 
408 522 303 312 521 
409 521 312 306 360 
410 340 521 360 286 
411 306 315 523 361 
412 315 98 524 523 
413 523 524 309 525 
414 361 523 525 307 
415 322 528 526 527 
416 528 242 517 526 
417 526 517 284 344 
418 527 526 344 320 
419 323 345 529 530 
420 345 245 335 529 
421 529 335 301 531 
422 530 529 531 331 
423 245 349 532 533 
424 349 327 351 532 
425 532 351 334 534 
426 533 532 534 335 
427 98 425 535 524 
428 425 290 536 535 
429 535 536 421 537 
430 524 535 537 309 
431 290 520 538 536 
432 520 249 539 538 
433 538 539 292 540 
434 536 538 540 421 
435 88 542 541 492 
436 542 105 543 541 
437 541 543 103 121 
438 492 541 121 104 
439 105 545 544 543 
440 545 87 546 544 
441 544 546 106 149 
442 543 544 149 103 
443 111 548 547 510 
444 548 200 549 547 
445 547 549 198 255 
446 510 547 255 199 
447 200 551 550 549 
448 551 104 552 550 
449 550 552 120 500 
450 549 550 500 198 
451 249 299 553 539 
452 299 282 554 553 
453 553 554 291 555 
454 539 553 555 292 
455 283 558 556 557 
456 558 305 419 556 
457 556 419 303 522 
458 557 556 522 304 
459 326 561 559 560 
460 561 283 557 559 
461 559 557 304 339 
462 560 559 339 324 
463 104 563 562 552 
464 563 121 564 562 
465 562 564 119 204 
466 552 562 204 120 
467 121 566 565 564 
468 566 103 567 565 
469 565 567 122 161 
470 564 565 161 119 
471 103 569 568 567 
472 569 149 570 568 
473 568 570 148 186 
474 567 568 186 122 
475 284 573 571 572 
476 573 326 560 571 
477 571 560 324 348 
478 572 571 348 325 
