2 0.000000 100.000000 5791.461216
573 478 
1 -20.101635 0.000000 -20.151635 96.645735 -0.000006 25.667215 0.000080 
2 20.964375 0.000000 -20.151635 96.648898 0.000003 25.644360 0.000136 
3 20.964375 0.000000 20.168012 96.670861 -0.000015 25.602998 -0.000077 
4 -20.101635 0.000000 20.168012 96.657137 -0.000003 25.666298 -0.000136 
5 0.431370 0.000000 0.008188 88.097103 0.403296 -5.445749 0.220908 
6 -20.101635 0.000000 0.008188 96.652164 -0.000012 25.673660 -0.000078 
7 0.431370 0.000000 -20.151635 96.637428 -0.000001 25.653069 0.000313 
8 20.964375 0.000000 0.008188 96.764751 0.000091 25.218676 0.000060 
9 0.431370 0.000000 20.168012 96.671731 0.000004 25.644919 -0.000309 
10 10.697873 0.000000 -10.071724 96.644898 0.000025 25.580567 0.000540 
11 0.431370 0.000000 -10.071724 96.599176 0.000017 25.614807 0.001248 
12 10.697873 0.000000 -20.151635 96.643073 0.000004 25.644082 0.000250 
13 20.964375 0.000000 -10.071724 96.657896 0.000008 25.604973 0.000164 
14 10.697873 0.000000 0.008188 97.042985 0.000769 24.122219 0.000078 
15 -9.835133 0.000000 -10.071724 96.631969 -0.000017 25.671597 0.000323 
16 -20.101635 0.000000 -10.071724 96.646232 -0.000010 25.670809 0.000052 
17 -9.835133 0.000000 -20.151635 96.640731 -0.000006 25.663950 0.000193 
18 -9.835133 0.000000 0.008188 96.657375 -0.000028 25.697700 -0.000302 
19 10.697873 0.000000 10.088100 96.729349 -0.000068 25.425897 -0.000304 
20 0.431370 0.000000 10.088100 96.734725 0.000044 25.584265 -0.001216 
21 20.964375 0.000000 10.088100 96.798801 -0.000305 25.115303 -0.000079 
22 10.697873 0.000000 20.168012 96.671167 -0.000001 25.623420 -0.000187 
23 5.564621 0.000000 -5.031768 96.628723 0.000145 25.334154 0.002107 
24 0.431370 0.000000 -5.031768 96.451310 0.000078 25.464976 0.004868 
25 5.564621 0.000000 -10.071724 96.621793 0.000033 25.579400 0.000992 
26 10.697873 0.000000 -5.031768 96.680012 0.000075 25.426496 0.000647 
27 5.564621 0.000000 0.008188 97.722471 0.001639 21.362458 -0.000604 
28 -9.835133 0.000000 10.088100 96.677692 -0.000004 25.668173 -0.000543 
29 -20.101635 0.000000 10.088100 96.657574 -0.000007 25.670094 -0.000164 
30 -9.835133 0.000000 20.168012 96.664337 -0.000001 25.661308 -0.000250 
31 -4.701881 0.000000 -5.031768 96.576414 -0.001916 25.687099 0.001317 
32 -9.835133 0.000000 -5.031768 96.633712 -0.000027 25.686020 0.000215 
33 -4.701881 0.000000 -10.071724 96.611961 -0.000011 25.658266 0.000778 
34 -4.701881 0.000000 0.008188 96.674138 -0.000077 25.793689 -0.001120 
35 5.564621 0.000000 5.048144 96.931732 0.000510 24.826135 -0.001210 
36 0.431370 0.000000 5.048144 96.972595 0.009551 25.359418 -0.004678 
37 10.697873 0.000000 5.048144 97.104662 -0.000828 23.987961 -0.000474 
38 5.564621 0.000000 10.088100 96.731593 0.000009 25.501901 -0.000735 
39 2.997996 0.000000 -2.511790 96.535955 0.001420 24.455794 0.008272 
40 0.431370 0.000000 -2.511790 95.852528 0.006852 24.918810 0.019135 
41 2.997996 0.000000 -5.031768 96.538525 -0.000460 25.328333 0.003879 
42 5.564621 0.000000 -2.511790 96.752950 -0.011582 24.771820 0.002522 
43 2.997996 0.000000 0.008188 99.079749 0.006034 15.202212 -0.004790 
44 -4.701881 0.000000 5.048144 96.758250 0.003271 25.675479 -0.002139 
45 -9.835133 0.000000 5.048144 96.679300 -0.000013 25.683466 -0.000653 
46 -4.701881 0.000000 10.088100 96.706176 0.000015 25.648419 -0.000993 
47 -2.135256 0.000000 -2.511790 96.354475 0.000582 25.737888 0.005338 
48 -4.701881 0.000000 -2.511790 96.581248 -0.000105 25.745250 0.000924 
49 -2.135256 0.000000 -5.031768 96.497823 -0.000049 25.633473 0.003110 
50 -2.135256 0.000000 0.008188 96.713055 0.003273 26.223174 -0.004107 
51 2.997996 0.000000 2.528166 97.494187 -0.000127 23.273290 -0.004676 
52 0.431370 0.000000 2.528166 97.820011 -0.003410 24.655428 -0.017664 
53 5.564621 0.000000 2.528166 97.694052 0.000477 21.849707 -0.002154 
54 2.997996 0.000000 5.048144 96.952495 0.009724 25.068800 -0.002823 
55 1.714683 0.000000 -1.251801 96.204656 -0.000213 22.170255 0.025314 
56 0.431370 0.000000 -1.251801 94.338323 0.013527 23.347436 0.055518 
57 1.714683 0.000000 -2.511790 96.238595 0.002785 24.480103 0.013886 
58 2.997996 0.000000 -1.251801 96.897013 0.003002 22.868620 0.008800 
59 1.714683 0.000000 0.008188 99.554884 0.215363 4.496713 0.006856 
60 -2.135256 0.000000 2.528166 97.061538 0.005326 25.707136 -0.008180 
61 -4.701881 0.000000 2.528166 96.763069 0.000014 25.737690 -0.002552 
62 -2.135256 0.000000 5.048144 96.867197 0.000216 25.600511 -0.003864 
63 -0.851943 0.000000 -1.251801 95.449074 0.003428 25.920777 0.021759 
64 -2.135256 0.000000 -1.251801 96.358155 -0.000070 25.964829 0.004093 
65 -0.851943 0.000000 -2.511790 96.065570 -0.004581 25.521943 0.012004 
66 -0.851943 0.000000 0.008188 96.631935 0.001739 28.079112 -0.012617 
67 1.714683 0.000000 1.268177 98.515829 0.010309 20.475719 -0.012462 
68 0.431370 0.000000 1.268177 100.094963 0.006222 22.840350 -0.054068 
69 2.997996 0.000000 1.268177 98.454226 0.002962 19.087930 -0.005758 
70 1.714683 0.000000 2.528166 97.612314 -0.000332 23.851512 -0.009706 
71 1.073026 0.000000 -0.621806 95.078865 0.026696 17.621862 0.064948 
72 0.431370 0.000000 -0.621806 90.832651 0.030070 19.429077 0.137194 
73 1.073026 0.000000 -1.251801 95.335472 0.015332 22.251451 0.041602 
74 1.714683 0.000000 -0.621806 96.809997 0.006405 18.836192 0.027302 
75 1.073026 0.000000 0.008188 98.424577 0.039469 0.716461 0.031209 
76 -0.851943 0.000000 1.268177 98.150127 0.001805 25.919825 -0.030528 
77 -2.135256 0.000000 1.268177 97.071758 0.006058 25.956776 -0.009668 
78 -0.851943 0.000000 2.528166 97.444458 0.000348 25.441917 -0.014271 
79 -0.210286 0.000000 -0.621806 91.872360 0.032910 26.106903 0.087790 
80 -0.851943 0.000000 -0.621806 95.175541 0.011495 27.010706 0.021204 
81 -0.210286 0.000000 -1.251801 94.687629 0.005663 25.052173 0.040664 
82 -0.210286 0.000000 0.008188 94.566253 0.013648 35.548606 -0.020648 
83 1.073026 0.000000 0.638183 100.134964 0.005527 15.747197 -0.027499 
84 0.431370 0.000000 0.638183 104.757454 0.013665 18.268841 -0.130787 
85 1.714683 0.000000 0.638183 99.137951 0.005517 15.545817 -0.007001 
86 1.073026 0.000000 1.268177 99.091083 -0.000485 21.238427 -0.027011 
87 0.752198 0.000000 -0.306809 92.508540 0.049620 10.431635 0.133335 
88 0.431370 0.000000 -0.306809 87.052376 0.085282 12.972065 0.225360 
89 0.752198 0.000000 -0.621806 93.099203 0.022428 17.643065 0.102126 
90 1.073026 0.000000 -0.306809 95.883995 0.019625 12.274345 0.065560 
91 0.752198 0.000000 0.008188 96.282463 0.041252 -4.182725 0.071219 
92 -0.210286 0.000000 0.638183 101.746854 0.012405 26.494417 -0.105438 
93 -0.851943 0.000000 0.638183 98.321350 -0.004095 27.163832 -0.040496 
94 -0.210286 0.000000 1.268177 99.383473 -0.006517 25.013626 -0.050276 
95 0.110542 0.000000 -0.306809 83.777743 0.041574 21.483311 0.251976 
96 -0.210286 0.000000 -0.306809 90.025975 -0.001293 28.816442 0.106494 
97 0.110542 0.000000 -0.621806 90.646055 0.030521 23.050123 0.125198 
98 0.110542 0.000000 0.008188 20.463502 -7.442650 -4.718895 0.950358 
99 0.752198 0.000000 0.323185 102.080049 0.012066 8.026459 -0.048476 
100 0.431370 0.000000 0.323185 109.074858 0.063373 9.551451 -0.198856 
101 1.073026 0.000000 0.323185 99.831725 0.012829 10.099276 -0.006837 
102 0.752198 0.000000 0.638183 101.816811 0.021649 16.138098 -0.062710 
103 0.591784 0.000000 -0.149310 89.399770 0.098741 3.708596 0.199392 
104 0.431370 0.000000 -0.149310 83.970044 0.096969 6.134960 0.291138 
105 0.591784 0.000000 -0.306809 90.030634 0.064844 11.111874 0.177101 
106 0.752198 0.000000 -0.149310 93.545856 0.082944 4.008629 0.123310 
107 0.591784 0.000000 0.008188 71.815561 1.282846 -12.926476 0.467379 
108 0.110542 0.000000 0.323185 113.280258 0.050723 23.611658 -0.338993 
109 -0.210286 0.000000 0.323185 103.098261 0.021451 30.838626 -0.158027 
110 0.110542 0.000000 0.638183 104.911811 0.011295 23.271903 -0.154807 
111 0.270956 0.000000 -0.149310 79.664606 0.076955 11.287520 0.352614 
112 0.110542 0.000000 -0.149310 76.933573 0.084372 17.942056 0.375930 
113 0.270956 0.000000 -0.306809 84.426920 0.055256 16.489758 0.260018 
114 0.270956 0.000000 0.008188 80.302951 0.107321 0.675699 0.355097 
115 0.591784 0.000000 0.165687 102.956043 0.059924 -1.310648 -0.060167 
116 0.431370 0.000000 0.165687 112.024546 0.130213 -2.665626 -0.255662 
117 0.752198 0.000000 0.165687 99.934149 0.027047 2.479629 0.000702 
118 0.591784 0.000000 0.323185 104.659283 0.058080 7.979147 -0.101724 
119 0.511577 0.000000 -0.070561 84.860383 0.170188 -1.252729 0.279712 
120 0.431370 0.000000 -0.070561 81.906257 0.157470 1.290822 0.328967 
121 0.511577 0.000000 -0.149310 86.426033 0.124547 4.158455 0.251323 
122 0.591784 0.000000 -0.070561 89.050427 0.126648 -2.135398 0.206545 
123 0.511577 0.000000 0.008188 91.279915 1.150698 -14.055505 0.146910 
124 15.831124 0.000000 -5.031768 96.681969 0.000031 25.493353 0.000269 
125 15.831124 0.000000 -10.071724 96.654728 0.000014 25.593035 0.000286 
126 20.964375 0.000000 -5.031768 96.677396 0.000014 25.536033 0.000139 
127 15.831124 0.000000 0.008188 96.845305 0.000250 24.902824 0.000084 
128 8.131247 0.000000 -2.511790 96.767923 0.000294 25.013104 0.001031 
129 8.131247 0.000000 -5.031768 96.667517 -0.002218 25.379746 0.001126 
130 10.697873 0.000000 -2.511790 96.753460 0.000172 25.167310 0.000537 
131 8.131247 0.000000 0.008188 97.265016 0.002825 23.235603 -0.000038 
132 4.281308 0.000000 -1.251801 97.008096 0.002314 23.503093 0.003703 
133 4.281308 0.000000 -2.511790 96.701284 0.000768 24.617316 0.004285 
134 5.564621 0.000000 -1.251801 96.989393 0.001154 23.954337 0.001925 
135 4.281308 0.000000 0.008188 98.171814 0.000961 19.453893 -0.001616 
136 2.356339 0.000000 -0.621806 97.322701 0.002132 19.984247 0.012892 
137 2.356339 0.000000 -1.251801 96.669126 0.003393 22.468618 0.015024 
138 2.997996 0.000000 -0.621806 97.451975 0.003050 20.924267 0.006529 
139 2.356339 0.000000 0.008188 99.460389 0.030452 10.400367 -0.000054 
140 1.393855 0.000000 -0.306809 97.075505 0.023117 13.836228 0.038490 
141 1.393855 0.000000 -0.621806 96.123644 0.012122 18.080730 0.043333 
142 1.714683 0.000000 -0.306809 97.668013 0.010653 15.383371 0.022431 
143 1.393855 0.000000 0.008188 99.190516 0.050020 2.877252 0.015296 
144 0.912612 0.000000 -0.149310 95.711985 0.067806 5.536741 0.080856 
145 0.912612 0.000000 -0.306809 94.642591 0.043579 11.299602 0.091510 
146 1.073026 0.000000 -0.149310 96.966781 0.041256 7.463313 0.054174 
147 0.912612 0.000000 0.008188 97.608913 0.049111 -1.253893 0.047093 
148 0.671991 0.000000 -0.070561 92.677655 0.094055 -1.543499 0.140846 
149 0.671991 0.000000 -0.149310 91.829120 0.084046 3.678524 0.155387 
150 0.752198 0.000000 -0.070561 94.646267 0.108059 -0.635521 0.104167 
151 0.671991 0.000000 0.008188 94.912987 0.060977 -4.918885 0.096733 
152 0.270956 0.000000 0.165687 123.689118 0.114250 5.118261 -0.532521 
153 0.110542 0.000000 0.165687 126.670175 0.129420 25.937930 -0.671813 
154 0.270956 0.000000 0.323185 113.418989 0.088890 15.155813 -0.309357 
155 0.511577 0.000000 0.086937 105.110696 0.068494 -12.222130 -0.119764 
156 0.431370 0.000000 0.086937 116.839283 0.295454 -25.226595 -0.428789 
157 0.591784 0.000000 0.086937 99.597597 0.059454 -7.433173 0.002506 
158 0.511577 0.000000 0.165687 106.649361 0.089143 -2.446412 -0.138008 
159 0.551681 0.000000 -0.031187 85.687837 0.166751 -5.985959 0.262174 
160 0.511577 0.000000 -0.031187 83.263149 0.179699 -5.207235 0.304010 
161 0.551681 0.000000 -0.070561 86.803355 0.148848 -1.997538 0.246117 
162 0.591784 0.000000 -0.031187 88.852348 0.134938 -6.225289 0.206649 
163 0.551681 0.000000 0.008188 84.775220 2.114332 -18.631529 0.246156 
164 15.831124 0.000000 5.048144 97.832669 0.000494 21.217331 -0.002141 
165 20.964375 0.000000 5.048144 101.643716 0.072734 6.861625 -0.037853 
166 15.831124 0.000000 10.088100 96.748811 -0.000159 25.317057 -0.000129 
167 8.131247 0.000000 2.528166 98.504952 0.002341 18.691974 -0.005262 
168 10.697873 0.000000 2.528166 100.897207 -0.030054 9.665171 -0.027366 
169 8.131247 0.000000 5.048144 96.979577 0.000526 24.509180 -0.000574 
170 4.281308 0.000000 1.268177 99.079715 -0.000739 16.508929 -0.008933 
171 5.564621 0.000000 1.268177 100.367271 -0.020780 11.618184 -0.020857 
172 4.281308 0.000000 2.528166 97.518805 -0.000191 22.685012 -0.002453 
173 2.356339 0.000000 0.638183 99.341199 -0.000516 14.445663 -0.007735 
174 2.997996 0.000000 0.638183 100.073931 -0.015708 12.254324 -0.016496 
175 2.356339 0.000000 1.268177 98.364987 0.004391 19.853941 -0.006985 
176 1.393855 0.000000 0.323185 99.528844 -0.002477 10.412497 -0.001441 
177 1.714683 0.000000 0.323185 99.589884 -0.009546 10.307589 -0.002439 
178 1.393855 0.000000 0.638183 99.436692 0.013180 15.657919 -0.013283 
179 0.912612 0.000000 0.165687 99.428586 0.019630 4.178167 0.009650 
180 1.073026 0.000000 0.165687 99.294025 -0.003421 5.725883 0.010791 
181 0.912612 0.000000 0.323185 100.575588 0.018084 9.178212 -0.019969 
182 0.671991 0.000000 0.086937 98.273034 0.037088 -3.149156 0.033249 
183 0.752198 0.000000 0.086937 98.206971 0.012007 -1.031282 0.035433 
184 0.671991 0.000000 0.165687 100.848088 0.043405 0.873016 -0.017110 
185 0.631888 0.000000 -0.031187 91.858110 0.105914 -5.015844 0.153692 
186 0.631888 0.000000 -0.070561 91.120927 0.098234 -1.916286 0.169329 
187 0.671991 0.000000 -0.031187 93.560689 0.088653 -4.052509 0.122997 
188 0.631888 0.000000 0.008188 93.590969 0.074972 -6.691825 0.119594 
189 0.551681 0.000000 0.047563 98.985394 0.056201 -15.556094 -0.004010 
190 0.511577 0.000000 0.047563 105.868741 0.859226 -29.491318 -0.207867 
191 0.591784 0.000000 0.047563 96.234792 0.056465 -10.718786 0.062397 
192 0.551681 0.000000 0.086937 101.745291 0.068236 -9.820761 -0.044856 
193 0.571732 0.000000 -0.011499 75.543217 1.642165 -13.495418 0.410840 
194 0.551681 0.000000 -0.011499 79.903640 1.954750 -12.168070 0.346353 
195 0.571732 0.000000 -0.031187 87.053105 0.155143 -6.192329 0.238339 
196 0.591784 0.000000 -0.011499 88.925260 0.115561 -8.195901 0.202511 
197 0.571732 0.000000 0.008188 74.091970 1.497792 -13.700844 0.432042 
198 0.351163 0.000000 -0.070561 79.206200 0.165499 3.786662 0.371201 
199 0.270956 0.000000 -0.070561 75.729485 0.061727 7.805125 0.420412 
200 0.351163 0.000000 -0.149310 81.680962 0.134575 8.227718 0.326051 
201 0.351163 0.000000 0.008188 87.397309 0.176863 -3.037561 0.235245 
202 0.471473 0.000000 -0.031187 81.474186 0.646330 -1.175859 0.336016 
203 0.431370 0.000000 -0.031187 80.399001 0.383822 -0.109906 0.353584 
204 0.471473 0.000000 -0.070561 83.250903 0.144850 -0.158859 0.306924 
205 0.471473 0.000000 0.008188 89.734208 0.599990 -8.990018 0.186659 
206 0.531629 0.000000 -0.011499 84.149891 1.772253 -7.971559 0.285211 
207 0.511577 0.000000 -0.011499 84.912033 1.108570 -5.414110 0.275941 
208 0.531629 0.000000 -0.031187 84.415216 0.175512 -5.775909 0.284068 
209 0.531629 0.000000 0.008188 90.109613 1.662594 -17.528065 0.157026 
210 0.631888 0.000000 0.047563 96.222354 0.045432 -6.726729 0.069601 
211 0.671991 0.000000 0.047563 96.587163 0.034684 -5.013345 0.064579 
212 0.631888 0.000000 0.086937 98.628477 0.045640 -4.945081 0.024797 
213 0.571732 0.000000 0.027875 94.040786 0.077875 -16.139347 0.089585 
214 0.551681 0.000000 0.027875 87.904252 1.908137 -27.278286 0.152510 
215 0.591784 0.000000 0.027875 93.627567 0.065876 -11.979476 0.109037 
216 0.571732 0.000000 0.047563 97.101873 0.059980 -13.415089 0.039126 
217 0.561706 0.000000 -0.001656 76.740176 1.673584 -13.089992 0.393680 
218 0.551681 0.000000 -0.001656 80.935951 2.162919 -11.199099 0.331927 
219 0.561706 0.000000 -0.011499 76.671343 1.767149 -11.378568 0.398891 
220 0.571732 0.000000 -0.001656 73.813187 1.473001 -13.156019 0.437636 
221 0.561706 0.000000 0.008188 78.411314 1.779615 -14.832287 0.362850 
222 -14.968384 0.000000 -5.031768 96.645367 -0.000017 25.677348 0.000035 
223 -20.101635 0.000000 -5.031768 96.648499 -0.000012 25.672868 -0.000003 
224 -14.968384 0.000000 -10.071724 96.641966 -0.000014 25.672205 0.000127 
225 -14.968384 0.000000 0.008188 96.653574 -0.000018 25.679876 -0.000137 
226 -7.268507 0.000000 -2.511790 96.629707 -0.000125 25.711031 0.000164 
227 -9.835133 0.000000 -2.511790 96.642684 -0.000030 25.694384 -0.000001 
228 -7.268507 0.000000 -5.031768 96.616315 -0.000030 25.691349 0.000524 
229 -7.268507 0.000000 0.008188 96.662342 0.000635 25.721772 -0.000522 
230 -3.418569 0.000000 -1.251801 96.558964 -0.000098 25.848185 0.000824 
231 -4.701881 0.000000 -1.251801 96.615891 -0.000103 25.779346 0.000079 
232 -3.418569 0.000000 -2.511790 96.510388 -0.000102 25.764252 0.002195 
233 -3.418569 0.000000 0.008188 96.687428 -0.000043 25.893602 -0.001894 
234 -1.493599 0.000000 -0.621806 96.250383 0.000431 26.296537 0.004436 
235 -2.135256 0.000000 -0.621806 96.482187 0.003368 26.115226 0.000918 
236 -1.493599 0.000000 -1.251801 96.073335 -0.004374 26.018637 0.009294 
237 -1.493599 0.000000 0.008188 96.719687 0.001221 26.494312 -0.005665 
238 -0.531115 0.000000 -0.306809 94.322414 0.010462 28.511372 0.029038 
239 -0.851943 0.000000 -0.306809 95.639729 0.008947 27.684918 0.008659 
240 -0.531115 0.000000 -0.621806 94.036581 0.011660 26.975175 0.042946 
241 -0.531115 0.000000 0.008188 96.402129 0.007486 29.451898 -0.016078 
242 -0.049872 0.000000 -0.149310 81.400813 0.087319 30.380080 0.245095 
243 -0.210286 0.000000 -0.149310 90.285413 0.022372 31.976591 0.082604 
244 -0.049872 0.000000 -0.306809 86.025335 0.036610 26.633702 0.189029 
245 -0.049872 0.000000 0.008188 85.570787 0.118831 54.637265 -0.030760 
246 0.190749 0.000000 -0.070561 76.710180 -0.079702 17.019604 0.382587 
247 0.110542 0.000000 -0.070561 71.128054 -0.087792 3.804243 0.492632 
248 0.190749 0.000000 -0.149310 78.523727 0.084334 14.605449 0.362070 
249 0.190749 0.000000 0.008188 80.458355 -0.407563 3.455628 0.351435 
250 0.351163 0.000000 0.086937 125.877812 0.173771 -18.584555 -0.619064 
251 0.270956 0.000000 0.086937 132.706496 0.251726 -11.326878 -0.773938 
252 0.351163 0.000000 0.165687 117.990782 0.163802 -0.310080 -0.392195 
253 0.311059 0.000000 -0.031187 76.413148 0.133953 1.994573 0.415703 
254 0.270956 0.000000 -0.031187 73.151153 0.080005 2.291810 0.464365 
255 0.311059 0.000000 -0.070561 77.575587 0.084670 5.603469 0.395062 
256 0.351163 0.000000 -0.031187 77.636716 0.172623 1.477875 0.397033 
257 0.311059 0.000000 0.008188 86.681316 0.135908 -1.506709 0.248406 
258 -14.968384 0.000000 5.048144 96.661360 -0.000013 25.676446 -0.000270 
259 -20.101635 0.000000 5.048144 96.655682 -0.000010 25.672456 -0.000140 
260 -14.968384 0.000000 10.088100 96.663774 -0.000008 25.670762 -0.000287 
261 -7.268507 0.000000 2.528166 96.693808 0.001774 25.707988 -0.001059 
262 -9.835133 0.000000 2.528166 96.671592 -0.000021 25.692951 -0.000552 
263 -7.268507 0.000000 5.048144 96.703822 -0.000001 25.686326 -0.001142 
264 -3.418569 0.000000 1.268177 96.814618 0.000053 25.841606 -0.004086 
265 -4.701881 0.000000 1.268177 96.731434 -0.000030 25.775448 -0.002134 
266 -3.418569 0.000000 2.528166 96.856997 0.000115 25.750533 -0.004437 
267 -1.493599 0.000000 0.638183 97.212415 0.001998 26.313743 -0.014267 
268 -2.135256 0.000000 0.638183 96.946700 0.002882 26.106083 -0.008019 
269 -1.493599 0.000000 1.268177 97.425841 0.002621 26.031956 -0.016946 
270 -0.531115 0.000000 0.323185 98.749597 0.005689 28.697878 -0.057505 
271 -0.851943 0.000000 0.323185 97.708260 -0.005086 27.828001 -0.032130 
272 -0.531115 0.000000 0.638183 99.540733 -0.006856 27.272297 -0.065214 
273 -0.049872 0.000000 0.165687 109.513576 0.074968 38.140359 -0.344792 
274 -0.210286 0.000000 0.165687 100.692635 -0.002246 34.047287 -0.129822 
275 -0.049872 0.000000 0.323185 107.833741 -0.005010 29.510783 -0.249900 
276 0.190749 0.000000 0.086937 140.499716 0.521622 3.038751 -0.974968 
277 0.110542 0.000000 0.086937 145.518937 0.717386 22.592414 -1.168669 
278 0.190749 0.000000 0.165687 127.738593 0.137012 14.236383 -0.651984 
279 0.230852 0.000000 -0.031187 72.308963 0.066284 2.369884 0.476579 
280 0.190749 0.000000 -0.031187 53.963663 -0.335147 48.081761 0.477596 
281 0.230852 0.000000 -0.070561 74.018549 -0.003121 11.792323 0.438220 
282 0.230852 0.000000 0.008188 73.280060 -0.122459 1.629792 0.462736 
283 0.030335 0.000000 -0.070561 64.752409 0.077634 22.286652 0.531042 
284 -0.049872 0.000000 -0.070561 77.293064 0.095574 37.160388 0.264488 
285 0.030335 0.000000 -0.149310 76.902182 0.085072 24.510937 0.348526 
286 0.030335 0.000000 0.008188 78.622617 1.038865 45.451502 0.175157 
287 0.150645 0.000000 -0.031187 86.169588 -0.325358 2.711893 0.256734 
288 0.110542 0.000000 -0.031187 46.016185 -0.412960 -36.891555 0.652135 
289 0.150645 0.000000 -0.070561 90.856632 -0.322732 1.910169 0.174132 
290 0.150645 0.000000 0.008188 16.480675 -7.126122 0.340009 0.967749 
291 0.230852 0.000000 0.047563 132.601599 0.392419 -2.414632 -0.758917 
292 0.190749 0.000000 0.047563 140.574702 0.526287 3.202675 -0.977178 
293 0.270956 0.000000 0.047563 121.471673 0.227744 -9.038332 -0.483711 
294 0.230852 0.000000 0.086937 137.675747 0.395648 -3.056469 -0.896411 
295 0.210801 0.000000 -0.011499 41.163419 -0.461329 14.387371 0.809836 
296 0.190749 0.000000 -0.011499 26.697686 -0.425134 33.323384 0.817660 
297 0.210801 0.000000 -0.031187 72.325297 0.067733 2.370417 0.476343 
298 0.230852 0.000000 -0.011499 67.815036 -0.165428 2.487219 0.539491 
299 0.210801 0.000000 0.008188 62.866926 -0.513046 2.768373 0.603982 
300 0.030335 0.000000 0.086937 127.999743 0.157964 48.101164 -0.869768 
301 -0.049872 0.000000 0.086937 106.049434 0.100551 47.832842 -0.353447 
302 0.030335 0.000000 0.165687 119.084979 0.105646 35.522219 -0.544307 
303 0.070438 0.000000 -0.031187 56.654677 0.021688 2.757843 0.678264 
304 0.030335 0.000000 -0.031187 50.406819 0.765434 -2.708070 0.745123 
305 0.070438 0.000000 -0.070561 65.530787 0.007239 12.845337 0.554071 
306 0.070438 0.000000 0.008188 55.555306 -0.135910 3.019672 0.690447 
307 0.070438 0.000000 0.047563 145.249900 0.835943 47.181667 -1.332434 
308 0.030335 0.000000 0.047563 138.960957 0.937989 69.639022 -1.416062 
309 0.110542 0.000000 0.047563 145.945487 0.779089 31.408935 -1.228721 
310 0.070438 0.000000 0.086937 146.329864 0.863333 40.674564 -1.306759 
311 0.090490 0.000000 -0.011499 53.703519 -0.515193 3.731960 0.710174 
312 0.070438 0.000000 -0.011499 55.887428 0.047449 2.291033 0.687134 
313 0.090490 0.000000 -0.031187 54.157664 -0.336265 3.352537 0.705559 
314 0.110542 0.000000 -0.011499 24.944966 -0.430718 -28.612129 0.855891 
315 0.090490 0.000000 0.008188 54.059903 -0.350280 3.375820 0.706601 
316 -0.370701 0.000000 -0.149310 93.692478 0.001282 30.507208 0.029103 
317 -0.531115 0.000000 -0.149310 95.187086 0.011846 29.092241 0.009306 
318 -0.370701 0.000000 -0.306809 93.002352 0.015403 28.666505 0.052879 
319 -0.370701 0.000000 0.008188 95.872735 0.018844 31.811491 -0.020355 
320 -0.130079 0.000000 -0.070561 87.613552 -0.011585 36.398317 0.099903 
321 -0.210286 0.000000 -0.070561 91.745740 0.018425 34.014404 0.042574 
322 -0.130079 0.000000 -0.149310 86.867153 0.003809 32.128879 0.142183 
323 -0.130079 0.000000 0.008188 92.511056 0.084248 40.673264 -0.021262 
324 -0.009769 0.000000 -0.031187 56.711742 0.140153 40.638163 0.513230 
325 -0.049872 0.000000 -0.031187 76.985961 0.108180 45.147093 0.203489 
326 -0.009769 0.000000 -0.070561 69.100814 0.100039 32.279279 0.418312 
327 -0.009769 0.000000 0.008188 34.229881 1.521754 68.030248 0.419788 
328 -0.370701 0.000000 0.165687 98.553457 0.011806 31.451356 -0.070197 
329 -0.531115 0.000000 0.165687 97.739497 0.010234 29.378610 -0.041611 
330 -0.370701 0.000000 0.323185 100.231476 0.018190 29.868315 -0.093847 
331 -0.130079 0.000000 0.086937 99.519587 0.017501 39.990131 -0.150336 
332 -0.210286 0.000000 0.086937 98.031060 -0.002182 35.545101 -0.087354 
333 -0.130079 0.000000 0.165687 103.522602 0.022880 36.310300 -0.203537 
334 -0.009769 0.000000 0.047563 111.203217 0.163327 65.727513 -0.668629 
335 -0.049872 0.000000 0.047563 98.945843 0.115117 53.865228 -0.269176 
336 -0.009769 0.000000 0.086937 115.111433 0.128333 51.091508 -0.586100 
337 0.010283 0.000000 -0.011499 26.218713 1.385103 22.895855 0.878644 
338 -0.009769 0.000000 -0.011499 12.059333 1.569358 38.268222 0.838765 
339 0.010283 0.000000 -0.031187 27.837013 1.221729 -0.408270 0.922344 
340 0.030335 0.000000 -0.011499 45.590235 0.867227 -2.139142 0.791620 
341 0.010283 0.000000 0.008188 60.463225 1.375417 79.080028 0.008866 
342 -0.089976 0.000000 -0.031187 85.500726 0.089443 41.702507 0.095052 
343 -0.130079 0.000000 -0.031187 89.427386 0.083900 38.928126 0.048734 
344 -0.089976 0.000000 -0.070561 83.665786 0.086155 37.414578 0.160018 
345 -0.089976 0.000000 0.008188 90.309023 0.090051 45.225482 -0.020107 
346 -0.029821 0.000000 -0.011499 70.232035 0.138057 55.529303 0.198394 
347 -0.049872 0.000000 -0.011499 79.732672 0.114811 50.493986 0.109305 
348 -0.029821 0.000000 -0.031187 68.720708 0.119312 45.539124 0.320364 
349 -0.029821 0.000000 0.008188 80.613801 0.150357 64.646172 -0.067774 
350 0.010283 0.000000 0.027875 110.952757 1.186101 99.606571 -1.223339 
351 -0.009769 0.000000 0.027875 73.159047 1.419761 114.553436 -0.847675 
352 0.030335 0.000000 0.027875 134.187132 0.991683 78.339002 -1.414417 
353 0.010283 0.000000 0.047563 125.087927 0.236108 66.733163 -1.010036 
354 0.000257 0.000000 -0.001656 17.019003 1.612039 58.069509 0.633569 
355 -0.009769 0.000000 -0.001656 31.197877 1.527680 63.777924 0.495674 
356 0.000257 0.000000 -0.011499 22.461806 1.457679 31.900457 0.847570 
357 0.010283 0.000000 -0.001656 33.063463 1.412764 37.037165 0.753306 
358 0.000257 0.000000 0.008188 51.174434 1.489178 96.864234 -0.200372 
359 0.050386 0.000000 0.027875 142.338835 0.900031 58.866541 -1.372642 
360 0.050386 0.000000 0.008188 56.896383 0.452886 0.802832 0.676195 
361 0.070438 0.000000 0.027875 144.692278 0.875492 50.081873 -1.344482 
362 0.050386 0.000000 0.047563 142.800329 0.894623 57.543443 -1.370398 
363 0.311059 0.000000 0.047563 116.723223 0.166382 -11.438816 -0.375519 
364 0.351163 0.000000 0.047563 119.941310 0.186847 -16.439057 -0.465620 
365 0.311059 0.000000 0.086937 129.196898 0.184241 -15.605778 -0.693541 
366 0.471473 0.000000 0.047563 112.796113 0.390756 -27.158734 -0.346071 
367 0.431370 0.000000 0.047563 113.499400 0.307839 -23.269187 -0.342366 
368 0.471473 0.000000 0.086937 108.857405 0.085087 -12.984164 -0.201853 
369 0.531629 0.000000 0.027875 100.252123 1.480730 -29.476363 -0.092154 
370 0.511577 0.000000 0.027875 103.290724 0.911711 -26.094236 -0.135071 
371 0.531629 0.000000 0.047563 101.468765 0.047718 -17.576355 -0.060484 
372 -4.701881 0.000000 -15.111679 96.630010 -0.000007 25.657561 0.000433 
373 -9.835133 0.000000 -15.111679 96.636702 -0.000010 25.665694 0.000262 
374 -4.701881 0.000000 -20.151635 96.638136 -0.000004 25.659392 0.000267 
375 0.431370 0.000000 -15.111679 96.627474 0.000002 25.643162 0.000556 
376 -2.135256 0.000000 -7.551746 96.569810 -0.002843 25.631480 0.001730 
377 -4.701881 0.000000 -7.551746 96.595610 -0.000014 25.664968 0.001060 
378 -2.135256 0.000000 -10.071724 96.601764 0.000001 25.639955 0.001069 
379 0.431370 0.000000 -7.551746 96.560590 -0.003482 25.574563 0.002199 
380 -0.851943 0.000000 -3.771779 96.333546 -0.000719 25.528675 0.006813 
381 -2.135256 0.000000 -3.771779 96.432346 -0.000040 25.658186 0.004246 
382 -0.851943 0.000000 -5.031768 96.459486 0.000007 25.561520 0.004218 
383 0.431370 0.000000 -3.771779 96.307579 -0.007573 25.311893 0.008416 
384 -0.210286 0.000000 -1.881795 95.514207 -0.004669 25.137744 0.024513 
385 -0.851943 0.000000 -1.881795 95.790508 0.000890 25.614350 0.016808 
386 -0.210286 0.000000 -2.511790 95.940949 0.003091 25.261314 0.015720 
387 0.431370 0.000000 -1.881795 95.463342 -0.004443 24.455866 0.028866 
388 0.110542 0.000000 -0.936804 92.828050 0.020725 23.815354 0.081578 
389 -0.210286 0.000000 -0.936804 93.461375 0.031567 25.318433 0.062395 
390 0.110542 0.000000 -1.251801 94.266587 0.012048 24.261271 0.052520 
391 0.431370 0.000000 -0.936804 93.092918 0.018788 22.096879 0.084544 
392 0.270956 0.000000 -0.464308 87.990014 0.035129 19.538413 0.187601 
393 0.110542 0.000000 -0.464308 87.779590 0.020515 22.539490 0.178671 
394 0.270956 0.000000 -0.621806 90.150129 0.055439 21.079932 0.142859 
395 0.431370 0.000000 -0.464308 89.132698 0.041197 17.053750 0.176453 
396 0.190749 0.000000 -0.228060 81.399986 0.086742 17.177632 0.307896 
397 0.110542 0.000000 -0.228060 81.006004 0.082116 20.585392 0.301426 
398 0.190749 0.000000 -0.306809 83.459290 0.059101 18.612521 0.268812 
399 0.270956 0.000000 -0.228060 82.268025 0.098969 14.074677 0.303387 
400 0.150645 0.000000 -0.109936 77.200424 0.037015 13.423969 0.385989 
401 0.110542 0.000000 -0.109936 74.544022 0.046536 14.232218 0.424063 
402 0.150645 0.000000 -0.149310 77.894034 0.080026 15.994358 0.367669 
403 0.190749 0.000000 -0.109936 77.467296 0.047641 13.597329 0.381393 
404 0.130593 0.000000 -0.050874 80.185294 -0.344030 -18.783268 0.321739 
405 0.110542 0.000000 -0.050874 61.949100 -0.383968 -33.260475 0.505590 
406 0.130593 0.000000 -0.070561 76.409567 -0.352138 -25.101094 0.353139 
407 0.150645 0.000000 -0.050874 87.398394 -0.324765 2.870815 0.235317 
408 0.130593 0.000000 -0.031187 71.102150 -0.363676 -24.399876 0.434900 
409 -0.049872 0.000000 -0.464308 89.116853 0.002031 25.323169 0.141692 
410 -0.210286 0.000000 -0.464308 91.375489 0.025851 26.778709 0.093342 
411 -0.049872 0.000000 -0.621806 91.234314 0.034639 24.737993 0.106433 
412 0.030335 0.000000 -0.228060 81.921653 0.080964 24.538953 0.268668 
413 -0.049872 0.000000 -0.228060 84.540184 0.008586 27.777562 0.208136 
414 0.030335 0.000000 -0.306809 84.709030 0.024107 24.252421 0.223620 
415 0.070438 0.000000 -0.109936 72.288517 0.070853 18.340410 0.443799 
416 0.030335 0.000000 -0.109936 72.382589 0.083706 23.980228 0.418570 
417 0.070438 0.000000 -0.149310 76.341939 0.080376 20.880154 0.373592 
418 0.090490 0.000000 -0.050874 60.626206 -0.180962 1.621785 0.632180 
419 0.070438 0.000000 -0.050874 60.433854 -0.067353 8.881733 0.626886 
420 0.090490 0.000000 -0.070561 67.241580 -0.047520 8.100230 0.541295 
421 0.150645 0.000000 0.047563 143.657421 0.676163 14.679953 -1.085341 
422 0.150645 0.000000 0.086937 143.541604 0.667838 14.183785 -1.080582 
423 0.130593 0.000000 -0.011499 76.409567 -0.352138 -25.101094 0.353139 
424 0.150645 0.000000 -0.011499 90.856632 -0.322732 1.910169 0.174132 
425 0.130593 0.000000 0.008188 17.440259 -7.128833 -3.317812 0.963401 
426 0.120568 0.000000 -0.041030 63.036540 -0.383212 -32.600796 0.496344 
427 0.110542 0.000000 -0.041030 54.511550 -0.397701 -35.131074 0.579414 
428 0.120568 0.000000 -0.050874 68.136136 -0.371269 -26.901627 0.463363 
429 0.130593 0.000000 -0.041030 72.551018 -0.360747 -24.150908 0.415295 
430 0.120568 0.000000 -0.031187 59.017699 -0.388490 -30.811989 0.556738 
431 0.170697 0.000000 -0.050874 85.128380 -0.309991 24.970305 0.212955 
432 0.170697 0.000000 -0.070561 83.420204 -0.306246 31.277833 0.206267 
433 0.190749 0.000000 -0.050874 70.408552 -0.307641 41.920369 0.328522 
434 0.170697 0.000000 -0.031187 75.033710 -0.309830 33.983639 0.321496 
435 2.035511 0.000000 0.323185 99.875579 -0.016398 9.476048 -0.006493 
436 2.035511 0.000000 0.008188 99.553122 0.037032 7.452882 0.003363 
437 2.356339 0.000000 0.323185 100.264705 -0.024288 8.691637 -0.012856 
438 2.035511 0.000000 0.638183 99.156409 0.005129 15.104646 -0.006014 
439 5.564621 0.000000 -15.111679 96.633151 0.000008 25.630438 0.000511 
440 5.564621 0.000000 -20.151635 96.639484 0.000002 25.647279 0.000303 
441 10.697873 0.000000 -15.111679 96.641687 0.000010 25.626139 0.000369 
442 15.831124 0.000000 -15.111679 96.647858 0.000007 25.627765 0.000241 
443 15.831124 0.000000 -20.151635 96.646455 0.000004 25.643467 0.000188 
444 20.964375 0.000000 -15.111679 96.651257 0.000005 25.631404 0.000157 
445 -14.968384 0.000000 -15.111679 96.642187 -0.000009 25.668368 0.000142 
446 -20.101635 0.000000 -15.111679 96.645526 -0.000008 25.668730 0.000076 
447 -14.968384 0.000000 -20.151635 96.643543 -0.000007 25.666307 0.000127 
448 2.997996 0.000000 -7.551746 96.583295 -0.003995 25.525063 0.002014 
449 2.997996 0.000000 -10.071724 96.607503 0.000029 25.591956 0.001204 
450 5.564621 0.000000 -7.551746 96.616774 -0.002669 25.507771 0.001455 
451 8.131247 0.000000 -7.551746 96.640726 0.000057 25.515195 0.000954 
452 8.131247 0.000000 -10.071724 96.635207 0.000030 25.577015 0.000745 
453 10.697873 0.000000 -7.551746 96.654198 0.000042 25.529443 0.000621 
454 -7.268507 0.000000 -7.551746 96.617546 -0.000022 25.676008 0.000579 
455 -9.835133 0.000000 -7.551746 96.631024 -0.000022 25.677653 0.000310 
456 -7.268507 0.000000 -10.071724 96.623167 -0.000016 25.667844 0.000513 
457 1.714683 0.000000 -3.771779 96.393715 -0.010609 25.131615 0.007665 
458 1.714683 0.000000 -5.031768 96.483362 -0.000578 25.376340 0.004700 
459 2.997996 0.000000 -3.771779 96.515525 -0.013114 25.068038 0.005635 
460 4.281308 0.000000 -3.771779 96.608989 -0.011595 25.087718 0.003731 
461 4.281308 0.000000 -5.031768 96.591565 0.003749 25.320431 0.002895 
462 5.564621 0.000000 -3.771779 96.662030 0.000124 25.140678 0.002440 
463 -3.418569 0.000000 -3.771779 96.517829 -0.000089 25.703823 0.002362 
464 -4.701881 0.000000 -3.771779 96.571680 -0.000093 25.711769 0.001282 
465 -3.418569 0.000000 -5.031768 96.541370 -0.000074 25.672146 0.002070 
466 1.073026 0.000000 -1.881795 95.759340 -0.003169 23.910074 0.025846 
467 1.073026 0.000000 -2.511790 96.048328 0.003409 24.641753 0.016750 
468 1.714683 0.000000 -1.881795 96.139391 0.002510 23.689971 0.019600 
469 2.356339 0.000000 -1.881795 96.465075 0.003198 23.745914 0.013062 
470 2.356339 0.000000 -2.511790 96.417403 0.008027 24.439259 0.010641 
471 2.997996 0.000000 -1.881795 96.652191 0.006797 23.881686 0.008802 
472 -1.493599 0.000000 -1.881795 96.126312 -0.001833 25.781545 0.009504 
473 -2.135256 0.000000 -1.881795 96.316527 0.003619 25.849192 0.005495 
474 -1.493599 0.000000 -2.511790 96.202730 0.003935 25.687066 0.008521 
475 0.752198 0.000000 -0.936804 93.892416 0.051246 20.858247 0.074915 
476 0.752198 0.000000 -1.251801 94.815896 0.019111 22.650290 0.049691 
477 1.073026 0.000000 -0.936804 94.977508 0.007364 20.482880 0.055972 
478 1.393855 0.000000 -0.936804 95.886648 0.014499 20.626524 0.038030 
479 1.393855 0.000000 -1.251801 95.789664 0.005737 22.096282 0.033609 
480 1.714683 0.000000 -0.936804 96.381634 0.005534 20.837443 0.027638 
481 -0.531115 0.000000 -0.936804 94.331527 0.018497 26.176336 0.041636 
482 -0.851943 0.000000 -0.936804 95.361466 0.009305 26.210237 0.021921 
483 -0.531115 0.000000 -1.251801 95.056519 0.011743 25.613130 0.030823 
484 0.591784 0.000000 -0.464308 90.614093 0.005701 15.199046 0.155808 
485 0.591784 0.000000 -0.621806 91.874964 0.037242 18.230806 0.122663 
486 0.752198 0.000000 -0.464308 92.713025 0.026269 14.833889 0.118425 
487 0.912612 0.000000 -0.464308 94.274086 0.034394 15.033411 0.088639 
488 0.912612 0.000000 -0.621806 94.302453 0.014584 17.589999 0.079764 
489 1.073026 0.000000 -0.464308 95.344307 0.008866 15.443380 0.067096 
490 0.351163 0.000000 -0.228060 83.620780 0.077256 11.623583 0.287245 
491 0.351163 0.000000 -0.306809 85.433431 0.079910 14.447322 0.249240 
492 0.431370 0.000000 -0.228060 85.647444 0.101287 9.967255 0.256516 
493 2.035511 0.000000 -0.306809 97.877452 0.003734 16.382966 0.015160 
494 2.035511 0.000000 -0.621806 97.143600 0.002459 19.442844 0.018510 
495 2.356339 0.000000 -0.306809 97.994701 0.002407 17.422739 0.009349 
496 0.391266 0.000000 -0.031187 78.677870 0.205792 1.036688 0.380868 
497 0.391266 0.000000 -0.070561 80.668536 0.157659 2.627057 0.348566 
498 0.391266 0.000000 0.008188 88.550757 0.274208 -4.434245 0.213903 
499 -0.370701 0.000000 -0.464308 92.981146 0.026841 27.451564 0.060092 
500 -0.531115 0.000000 -0.464308 94.008960 0.014602 27.705707 0.039471 
501 -0.370701 0.000000 -0.621806 93.082525 0.014921 26.769984 0.061901 
502 -0.130079 0.000000 -0.228060 87.502503 0.043066 29.524269 0.147163 
503 -0.210286 0.000000 -0.228060 89.532507 0.016008 30.508416 0.105317 
504 -0.130079 0.000000 -0.306809 87.961925 0.025307 28.156831 0.146989 
505 0.230852 0.000000 -0.109936 77.265832 0.067717 11.899852 0.388838 
506 0.230852 0.000000 -0.149310 78.936948 0.078898 12.933947 0.360167 
507 0.270956 0.000000 -0.109936 77.969839 0.080242 9.626141 0.382804 
508 0.391266 0.000000 0.047563 117.480150 0.221256 -21.365102 -0.425810 
509 0.391266 0.000000 0.086937 122.949336 0.167544 -21.222715 -0.556697 
510 0.210801 0.000000 -0.050874 69.653337 -0.167843 17.807969 0.483126 
511 0.210801 0.000000 -0.070561 74.332182 -0.046002 14.645944 0.426022 
512 0.230852 0.000000 -0.050874 71.883374 0.028520 2.355987 0.482723 
513 -0.009769 0.000000 -0.109936 75.092833 0.089686 29.428602 0.349502 
514 -0.049872 0.000000 -0.109936 79.427474 0.082390 32.917172 0.260773 
515 -0.009769 0.000000 -0.149310 78.751576 0.082848 27.954552 0.301673 
516 0.170697 0.000000 -0.011499 68.902081 -0.315838 40.877347 0.358145 
517 0.170697 0.000000 0.008188 141.410636 0.638646 4.978796 -1.002216 
518 0.050386 0.000000 -0.011499 53.985967 0.588271 -0.725398 0.708464 
519 0.050386 0.000000 -0.031187 56.878020 0.454286 0.787915 0.676406 
520 0.090490 0.000000 0.027875 146.293841 0.768614 37.579598 -1.281470 
521 0.110542 0.000000 0.027875 145.754441 0.755527 27.801708 -1.201786 
522 0.090490 0.000000 0.047563 145.903666 0.825508 39.040131 -1.281269 
523 -0.089976 0.000000 -0.109936 83.570547 0.085809 34.151786 0.184961 
524 -0.130079 0.000000 -0.109936 86.884589 -0.008248 34.099636 0.128828 
525 -0.089976 0.000000 -0.149310 84.260179 0.079857 31.783247 0.189004 
526 -0.089976 0.000000 0.047563 96.603119 0.086230 45.655344 -0.141658 
527 -0.130079 0.000000 0.047563 96.181935 0.006242 40.925899 -0.092589 
528 -0.089976 0.000000 0.086937 101.549509 0.083661 43.418589 -0.219748 
529 -0.029821 0.000000 0.027875 94.072594 0.143036 64.733001 -0.304003 
530 -0.049872 0.000000 0.027875 92.790917 0.118577 55.600207 -0.170155 
531 -0.029821 0.000000 0.047563 102.766337 0.132304 59.816149 -0.413891 
532 0.130593 0.000000 0.027875 145.521565 0.712191 22.594889 -1.168756 
533 0.150645 0.000000 0.027875 144.583388 0.691013 18.567264 -1.124958 
534 0.130593 0.000000 0.047563 145.034119 0.731011 20.552238 -1.145782 
535 0.170697 0.000000 0.027875 141.387414 0.540112 5.010521 -1.001580 
536 0.190749 0.000000 0.027875 141.387244 0.539392 5.010753 -1.001575 
537 0.170697 0.000000 0.047563 143.130856 0.650803 12.427027 -1.064130 
538 0.511577 0.000000 -0.228060 87.659091 0.092921 8.628302 0.224143 
539 0.511577 0.000000 -0.306809 88.542948 0.058598 11.826498 0.202028 
540 0.591784 0.000000 -0.228060 89.684353 0.064160 7.895700 0.189437 
541 0.671991 0.000000 -0.228060 91.499369 0.067815 7.706700 0.156847 
542 0.671991 0.000000 -0.306809 91.320098 0.062477 10.565905 0.154900 
543 0.752198 0.000000 -0.228060 92.835890 0.065426 7.485212 0.132546 
544 2.035511 0.000000 -0.936804 96.718738 0.001449 21.160412 0.019772 
545 2.035511 0.000000 -1.251801 96.486426 0.000310 22.311021 0.019259 
546 2.356339 0.000000 -0.936804 96.912588 0.004005 21.454112 0.014767 
547 0.311059 0.000000 -0.109936 79.217806 0.092503 7.828184 0.366325 
548 0.311059 0.000000 -0.149310 80.476414 0.096271 9.361089 0.343591 
549 0.351163 0.000000 -0.109936 80.457938 0.158202 6.116177 0.348909 
550 0.391266 0.000000 -0.109936 81.785219 0.143996 4.974247 0.328641 
551 0.391266 0.000000 -0.149310 82.688441 0.121816 6.914988 0.311479 
552 0.431370 0.000000 -0.109936 82.948419 0.118565 3.777321 0.310528 
553 0.210801 0.000000 0.027875 117.187268 0.309833 -0.070559 -0.373296 
554 0.230852 0.000000 0.027875 102.703646 0.180287 -2.695451 -0.055534 
555 0.210801 0.000000 0.047563 138.544413 0.455684 -1.221668 -0.919625 
556 0.050386 0.000000 -0.050874 59.857644 0.019332 14.181772 0.621594 
557 0.030335 0.000000 -0.050874 58.953370 0.076047 20.005601 0.612427 
558 0.050386 0.000000 -0.070561 64.755077 0.046419 17.406621 0.550379 
559 0.010283 0.000000 -0.050874 59.758475 0.104686 27.659240 0.566388 
560 -0.009769 0.000000 -0.050874 64.252980 0.110610 35.061297 0.464225 
561 0.010283 0.000000 -0.070561 66.086888 0.095527 27.531571 0.487453 
562 0.471473 0.000000 -0.109936 84.351366 0.113953 2.780768 0.287710 
563 0.471473 0.000000 -0.149310 85.249023 0.112174 5.299899 0.270450 
564 0.511577 0.000000 -0.109936 85.863476 0.144538 1.900566 0.262383 
565 0.551681 0.000000 -0.109936 87.484347 0.126653 1.240222 0.234493 
566 0.551681 0.000000 -0.149310 87.966904 0.109787 3.948508 0.224622 
567 0.591784 0.000000 -0.109936 89.244606 0.110352 1.111699 0.203415 
568 0.631888 0.000000 -0.109936 90.809210 0.086701 0.957196 0.175276 
569 0.631888 0.000000 -0.149310 90.679517 0.079992 3.544419 0.176466 
570 0.671991 0.000000 -0.109936 92.157653 0.092200 1.166060 0.150560 
571 -0.029821 0.000000 -0.050874 70.750293 0.106759 39.277596 0.345166 
572 -0.049872 0.000000 -0.050874 76.598124 0.101435 40.568156 0.248694 
573 -0.029821 0.000000 -0.070561 73.185213 0.098478 35.524583 0.338192 
1 19 21 3 22 
2 20 19 22 9 
3 28 20 9 30 
4 29 28 30 4 
5 35 37 19 38 
6 36 35 38 20 
7 44 36 20 46 
8 45 44 46 28 
9 51 53 35 54 
10 52 51 54 36 
11 60 52 36 62 
12 61 60 62 44 
13 67 69 51 70 
14 68 67 70 52 
15 76 68 52 78 
16 77 76 78 60 
17 83 85 67 86 
18 84 83 86 68 
19 92 84 68 94 
20 93 92 94 76 
21 99 101 83 102 
22 100 99 102 84 
23 108 100 84 110 
24 109 108 110 92 
25 115 117 99 118 
26 116 115 118 100 
27 10 125 124 26 
28 125 13 126 124 
29 124 126 8 127 
30 26 124 127 14 
31 23 129 128 42 
32 129 26 130 128 
33 128 130 14 131 
34 42 128 131 27 
35 39 133 132 58 
36 133 42 134 132 
37 132 134 27 135 
38 58 132 135 43 
39 137 58 138 136 
40 136 138 43 139 
41 71 141 140 90 
42 141 74 142 140 
43 140 142 59 143 
44 90 140 143 75 
45 87 145 144 106 
46 145 90 146 144 
47 144 146 75 147 
48 106 144 147 91 
49 149 106 150 148 
50 148 150 91 151 
51 152 116 100 154 
52 153 152 154 108 
53 155 157 115 158 
54 156 155 158 116 
55 119 161 159 160 
56 161 122 162 159 
57 14 127 164 37 
58 127 8 165 164 
59 164 165 21 166 
60 37 164 166 19 
61 27 131 167 53 
62 131 14 168 167 
63 167 168 37 169 
64 53 167 169 35 
65 43 135 170 69 
66 135 27 171 170 
67 170 171 53 172 
68 69 170 172 51 
69 139 43 174 173 
70 173 174 69 175 
71 85 173 175 67 
72 75 143 176 101 
73 143 59 177 176 
74 176 177 85 178 
75 101 176 178 83 
76 91 147 179 117 
77 147 75 180 179 
78 179 180 101 181 
79 117 179 181 99 
80 151 91 183 182 
81 182 183 117 184 
82 157 182 184 115 
83 122 186 185 162 
84 186 148 187 185 
85 185 187 151 188 
86 162 185 188 107 
87 189 191 157 192 
88 190 189 192 155 
89 159 195 193 194 
90 195 162 196 193 
91 193 196 107 197 
92 120 204 202 203 
93 204 119 160 202 
94 202 160 123 205 
95 203 202 205 5 
96 160 208 206 207 
97 208 159 194 206 
98 206 194 163 209 
99 207 206 209 123 
100 107 188 210 191 
101 188 151 211 210 
102 210 211 182 212 
103 191 210 212 157 
104 163 197 213 214 
105 197 107 215 213 
106 213 215 191 216 
107 214 213 216 189 
108 194 219 217 218 
109 219 193 220 217 
110 217 220 197 221 
111 218 217 221 163 
112 16 224 222 223 
113 224 15 32 222 
114 222 32 18 225 
115 223 222 225 6 
116 32 228 226 227 
117 228 31 48 226 
118 226 48 34 229 
119 227 226 229 18 
120 48 232 230 231 
121 232 47 64 230 
122 230 64 50 233 
123 231 230 233 34 
124 64 236 234 235 
125 236 63 80 234 
126 234 80 66 237 
127 235 234 237 50 
128 80 240 238 239 
129 239 238 241 66 
130 250 156 116 252 
131 251 250 252 152 
132 199 255 253 254 
133 255 198 256 253 
134 253 256 201 257 
135 254 253 257 114 
136 6 225 258 259 
137 225 18 45 258 
138 258 45 28 260 
139 259 258 260 29 
140 18 229 261 262 
141 229 34 61 261 
142 261 61 44 263 
143 262 261 263 45 
144 34 233 264 265 
145 233 50 77 264 
146 264 77 60 266 
147 265 264 266 61 
148 50 237 267 268 
149 237 66 93 267 
150 267 93 76 269 
151 268 267 269 77 
152 66 241 270 271 
153 270 109 92 272 
154 271 270 272 93 
155 273 153 108 275 
156 274 273 275 109 
157 276 251 152 278 
158 277 276 278 153 
159 281 199 254 279 
160 279 254 114 282 
161 282 114 293 291 
162 291 293 251 294 
163 292 291 294 276 
164 280 297 295 296 
165 297 279 298 295 
166 295 298 282 299 
167 296 295 299 249 
168 300 277 153 302 
169 301 300 302 273 
170 307 309 277 310 
171 308 307 310 300 
172 303 313 311 312 
173 313 288 314 311 
174 311 314 98 315 
175 312 311 315 306 
176 238 318 316 317 
177 318 96 243 316 
178 316 243 82 319 
179 317 316 319 241 
180 243 322 320 321 
181 321 320 323 82 
182 241 319 328 329 
183 319 82 274 328 
184 328 274 109 330 
185 329 328 330 270 
186 82 323 331 332 
187 331 301 273 333 
188 332 331 333 274 
189 334 308 300 336 
190 335 334 336 301 
191 324 339 337 338 
192 339 304 340 337 
193 337 340 286 341 
194 320 344 342 343 
195 344 284 325 342 
196 342 325 245 345 
197 343 342 345 323 
198 325 348 346 347 
199 348 324 338 346 
200 346 338 327 349 
201 347 346 349 245 
202 327 341 350 351 
203 341 286 352 350 
204 350 352 308 353 
205 351 350 353 334 
206 338 356 354 355 
207 356 337 357 354 
208 354 357 341 358 
209 355 354 358 327 
210 286 360 359 352 
211 360 306 361 359 
212 359 361 307 362 
213 352 359 362 308 
214 114 257 363 293 
215 257 201 364 363 
216 363 364 250 365 
217 293 363 365 251 
218 5 205 366 367 
219 205 123 190 366 
220 366 190 155 368 
221 367 366 368 156 
222 123 209 369 370 
223 209 163 214 369 
224 369 214 189 371 
225 370 369 371 190 
226 17 374 372 373 
227 374 7 375 372 
228 372 375 11 33 
229 373 372 33 15 
230 33 378 376 377 
231 378 11 379 376 
232 376 379 24 49 
233 377 376 49 31 
234 49 382 380 381 
235 382 24 383 380 
236 380 383 40 65 
237 381 380 65 47 
238 65 386 384 385 
239 386 40 387 384 
240 384 387 56 81 
241 385 384 81 63 
242 81 390 388 389 
243 390 56 391 388 
244 388 391 72 97 
245 389 388 97 79 
246 97 394 392 393 
247 394 72 395 392 
248 392 395 88 113 
249 393 392 113 95 
250 95 398 396 397 
251 398 113 399 396 
252 396 399 111 248 
253 397 396 248 112 
254 112 402 400 401 
255 402 248 403 400 
256 400 403 246 289 
257 401 400 289 247 
258 247 406 404 405 
259 406 289 407 404 
260 404 407 287 408 
261 79 411 409 410 
262 411 97 393 409 
263 409 393 95 244 
264 410 409 244 96 
265 244 414 412 413 
266 414 95 397 412 
267 412 397 112 285 
268 413 412 285 242 
269 285 417 415 416 
270 417 112 401 415 
271 415 401 247 305 
272 416 415 305 283 
273 305 420 418 419 
274 420 247 405 418 
275 418 405 288 313 
276 419 418 313 303 
277 421 292 276 422 
278 309 421 422 277 
279 288 408 423 314 
280 408 287 424 423 
281 423 424 290 425 
282 314 423 425 98 
283 405 428 426 427 
284 428 404 429 426 
285 426 429 408 430 
286 427 426 430 288 
287 289 432 431 407 
288 432 246 433 431 
289 431 433 280 434 
290 407 431 434 287 
291 59 436 435 177 
292 436 139 437 435 
293 435 437 173 438 
294 177 435 438 85 
295 7 440 439 375 
296 440 12 441 439 
297 439 441 10 25 
298 375 439 25 11 
299 12 443 442 441 
300 443 2 444 442 
301 442 444 13 125 
302 441 442 125 10 
303 1 447 445 446 
304 447 17 373 445 
305 445 373 15 224 
306 446 445 224 16 
307 11 449 448 379 
308 449 25 450 448 
309 448 450 23 41 
310 379 448 41 24 
311 25 452 451 450 
312 452 10 453 451 
313 451 453 26 129 
314 450 451 129 23 
315 15 456 454 455 
316 456 33 377 454 
317 454 377 31 228 
318 455 454 228 32 
319 24 458 457 383 
320 458 41 459 457 
321 457 459 39 57 
322 383 457 57 40 
323 41 461 460 459 
324 461 23 462 460 
325 460 462 42 133 
326 459 460 133 39 
327 31 465 463 464 
328 465 49 381 463 
329 463 381 47 232 
330 464 463 232 48 
331 40 467 466 387 
332 467 57 468 466 
333 466 468 55 73 
334 387 466 73 56 
335 57 470 469 468 
336 470 39 471 469 
337 469 471 58 137 
338 468 469 137 55 
339 47 474 472 473 
340 474 65 385 472 
341 472 385 63 236 
342 473 472 236 64 
343 56 476 475 391 
344 476 73 477 475 
345 475 477 71 89 
346 391 475 89 72 
347 73 479 478 477 
348 479 55 480 478 
349 478 480 74 141 
350 477 478 141 71 
351 63 483 481 482 
352 483 81 389 481 
353 481 389 79 240 
354 482 481 240 80 
355 72 485 484 395 
356 485 89 486 484 
357 484 486 87 105 
358 395 484 105 88 
359 89 488 487 486 
360 488 71 489 487 
361 487 489 90 145 
362 486 487 145 87 
363 113 491 490 399 
364 491 88 492 490 
365 490 492 104 200 
366 399 490 200 111 
367 74 494 493 142 
368 494 136 495 493 
369 493 495 139 436 
370 142 493 436 59 
371 198 497 496 256 
372 497 120 203 496 
373 496 203 5 498 
374 256 496 498 201 
375 240 501 499 500 
376 501 79 410 499 
377 499 410 96 318 
378 500 499 318 238 
379 96 504 502 503 
380 504 244 413 502 
381 502 413 242 322 
382 503 502 322 243 
383 248 506 505 403 
384 506 111 507 505 
385 505 507 199 281 
386 403 505 281 246 
387 201 498 508 364 
388 498 5 367 508 
389 508 367 156 509 
390 364 508 509 250 
391 246 511 510 433 
392 511 281 512 510 
393 510 512 279 297 
394 433 510 297 280 
395 242 515 513 514 
396 515 285 416 513 
397 513 416 283 326 
398 514 513 326 284 
399 287 434 516 424 
400 434 280 296 516 
401 516 296 249 517 
402 424 516 517 290 
403 304 519 518 340 
404 519 303 312 518 
405 518 312 306 360 
406 340 518 360 286 
407 306 315 520 361 
408 315 98 521 520 
409 520 521 309 522 
410 361 520 522 307 
411 322 525 523 524 
412 525 242 514 523 
413 523 514 284 344 
414 524 523 344 320 
415 323 345 526 527 
416 345 245 335 526 
417 526 335 301 528 
418 527 526 528 331 
419 245 349 529 530 
420 349 327 351 529 
421 529 351 334 531 
422 530 529 531 335 
423 98 425 532 521 
424 425 290 533 532 
425 532 533 421 534 
426 521 532 534 309 
427 290 517 535 533 
428 517 249 536 535 
429 535 536 292 537 
430 533 535 537 421 
431 88 539 538 492 
432 539 105 540 538 
433 538 540 103 121 
434 492 538 121 104 
435 105 542 541 540 
436 542 87 543 541 
437 541 543 106 149 
438 540 541 149 103 
439 55 545 544 480 
440 545 137 546 544 
441 544 546 136 494 
442 480 544 494 74 
443 111 548 547 507 
444 548 200 549 547 
445 547 549 198 255 
446 507 547 255 199 
447 200 551 550 549 
448 551 104 552 550 
449 550 552 120 497 
450 549 550 497 198 
451 249 299 553 536 
452 299 282 554 553 
453 553 554 291 555 
454 536 553 555 292 
455 283 558 556 557 
456 558 305 419 556 
457 556 419 303 519 
458 557 556 519 304 
459 326 561 559 560 
460 561 283 557 559 
461 559 557 304 339 
462 560 559 339 324 
463 104 563 562 552 
464 563 121 564 562 
465 562 564 119 204 
466 552 562 204 120 
467 121 566 565 564 
468 566 103 567 565 
469 565 567 122 161 
470 564 565 161 119 
471 103 569 568 567 
472 569 149 570 568 
473 568 570 148 186 
474 567 568 186 122 
475 284 573 571 572 
476 573 326 560 571 
477 571 560 324 348 
478 572 571 348 325 
