2 0.000000 100.000000 5791.461216
573 478 
1 -20.101635 0.000000 -20.151635 95.141095 -0.000011 -30.817161 -0.000153 
2 20.964375 0.000000 -20.151635 95.163368 0.000011 -30.735899 -0.000076 
3 20.964375 0.000000 20.168012 95.132191 0.000009 -30.794971 0.000154 
4 -20.101635 0.000000 20.168012 95.128557 -0.000006 -30.818349 0.000079 
5 0.431370 0.000000 0.008188 99.000342 0.472687 -4.584689 0.017769 
6 -20.101635 0.000000 0.008188 95.135760 -0.000022 -30.825301 -0.000101 
7 0.431370 0.000000 -20.151635 95.158333 -0.000003 -30.792900 -0.000331 
8 20.964375 0.000000 0.008188 95.236780 -0.000136 -30.479527 0.000095 
9 0.431370 0.000000 20.168012 95.119788 0.000008 -30.803567 0.000337 
10 10.697873 0.000000 -10.071724 95.245353 0.000091 -30.518104 -0.000303 
11 0.431370 0.000000 -10.071724 95.230841 0.000022 -30.725575 -0.001297 
12 10.697873 0.000000 -20.151635 95.159711 0.000008 -30.766486 -0.000195 
13 20.964375 0.000000 -10.071724 95.428679 0.000417 -29.910417 -0.000127 
14 10.697873 0.000000 0.008188 95.477676 -0.000905 -29.681502 0.000302 
15 -9.835133 0.000000 -10.071724 95.164222 -0.000035 -30.819148 -0.000605 
16 -20.101635 0.000000 -10.071724 95.141636 -0.000019 -30.821344 -0.000189 
17 -9.835133 0.000000 -20.151635 95.149310 -0.000012 -30.811561 -0.000274 
18 -9.835133 0.000000 0.008188 95.142425 -0.000075 -30.851482 -0.000390 
19 10.697873 0.000000 10.088100 95.128883 0.000033 -30.730581 0.000613 
20 0.431370 0.000000 10.088100 95.079700 0.000044 -30.764604 0.001339 
21 20.964375 0.000000 10.088100 95.142225 0.000009 -30.757843 0.000191 
22 10.697873 0.000000 20.168012 95.125941 0.000013 -30.794293 0.000277 
23 5.564621 0.000000 -5.031768 95.499839 0.000920 -29.861669 -0.001194 
24 0.431370 0.000000 -5.031768 95.493744 0.005054 -30.491943 -0.004881 
25 5.564621 0.000000 -10.071724 95.234555 0.000068 -30.626715 -0.000762 
26 10.697873 0.000000 -5.031768 95.826928 0.001851 -28.695852 -0.000625 
27 5.564621 0.000000 0.008188 95.934333 -0.004062 -28.054092 0.000957 
28 -9.835133 0.000000 10.088100 95.114243 -0.000018 -30.823519 0.000319 
29 -20.101635 0.000000 10.088100 95.129218 -0.000014 -30.822265 0.000042 
30 -9.835133 0.000000 20.168012 95.123250 -0.000003 -30.814987 0.000200 
31 -4.701881 0.000000 -5.031768 95.253144 0.000764 -30.828426 -0.002355 
32 -9.835133 0.000000 -5.031768 95.166090 -0.000062 -30.835892 -0.000744 
33 -4.701881 0.000000 -10.071724 95.196386 -0.000030 -30.797363 -0.001083 
34 -4.701881 0.000000 0.008188 95.163203 0.000269 -30.954909 -0.001424 
35 5.564621 0.000000 5.048144 95.113567 -0.000054 -30.485519 0.002404 
36 0.431370 0.000000 5.048144 94.926004 0.000600 -30.616795 0.005167 
37 10.697873 0.000000 5.048144 95.167551 0.000012 -30.586384 0.000761 
38 5.564621 0.000000 10.088100 95.104094 0.000053 -30.728061 0.001100 
39 2.997996 0.000000 -2.511790 96.065978 0.003174 -28.533052 -0.004281 
40 0.431370 0.000000 -2.511790 96.337156 0.007552 -29.852736 -0.017203 
41 2.997996 0.000000 -5.031768 95.491587 0.005397 -30.167009 -0.002869 
42 5.564621 0.000000 -2.511790 96.283154 0.004535 -27.331461 -0.001745 
43 2.997996 0.000000 0.008188 96.281507 -0.008678 -26.085582 0.004941 
44 -4.701881 0.000000 5.048144 95.056587 -0.000043 -30.842788 0.001297 
45 -9.835133 0.000000 5.048144 95.116599 -0.000045 -30.839120 0.000178 
46 -4.701881 0.000000 10.088100 95.093130 -0.000000 -30.809889 0.000805 
47 -2.135256 0.000000 -2.511790 95.585287 0.004764 -30.887096 -0.009056 
48 -4.701881 0.000000 -2.511790 95.257945 0.000226 -30.895056 -0.002858 
49 -2.135256 0.000000 -5.031768 95.373349 0.000328 -30.748268 -0.004153 
50 -2.135256 0.000000 0.008188 95.205795 0.001633 -31.389485 -0.004944 
51 2.997996 0.000000 2.528166 95.021251 0.000450 -29.679980 0.009006 
52 0.431370 0.000000 2.528166 94.354964 -0.002782 -30.127515 0.018947 
53 5.564621 0.000000 2.528166 95.243455 -0.005127 -29.985929 0.002953 
54 2.997996 0.000000 5.048144 95.018712 0.000101 -30.478090 0.004253 
55 1.714683 0.000000 -1.251801 96.945428 0.004269 -26.695239 -0.011105 
56 0.431370 0.000000 -1.251801 98.314773 0.018379 -28.483660 -0.047711 
57 1.714683 0.000000 -2.511790 96.212843 0.003676 -29.048333 -0.010072 
58 2.997996 0.000000 -1.251801 96.679823 0.008285 -26.138437 -0.003021 
59 1.714683 0.000000 0.008188 96.099928 0.003527 -24.386126 0.017012 
60 -2.135256 0.000000 2.528166 94.819754 -0.001692 -30.921226 0.005309 
61 -4.701881 0.000000 2.528166 95.063795 0.000292 -30.904291 0.000780 
62 -2.135256 0.000000 5.048144 94.974794 0.000434 -30.788482 0.003186 
63 -0.851943 0.000000 -1.251801 96.709200 0.003634 -31.198109 -0.032599 
64 -2.135256 0.000000 -1.251801 95.595261 0.003750 -31.165169 -0.010972 
65 -0.851943 0.000000 -2.511790 96.006903 0.002018 -30.625451 -0.015524 
66 -0.851943 0.000000 0.008188 95.145196 -0.000799 -33.015542 -0.014263 
67 1.714683 0.000000 1.268177 94.588073 0.009542 -27.889406 0.027528 
68 0.431370 0.000000 1.268177 93.006460 0.007425 -28.914356 0.051376 
69 2.997996 0.000000 1.268177 95.306166 -0.000819 -28.444820 0.010763 
70 1.714683 0.000000 2.528166 94.672684 0.000626 -29.676298 0.015640 
71 1.073026 0.000000 -0.621806 98.127418 0.040678 -24.019446 -0.020593 
72 0.431370 0.000000 -0.621806 101.552165 0.044103 -25.111631 -0.094344 
73 1.073026 0.000000 -1.251801 97.589550 0.021583 -27.153603 -0.026104 
74 1.714683 0.000000 -0.621806 96.998772 0.014172 -24.810561 -0.002433 
75 1.073026 0.000000 0.008188 95.442686 0.048218 -22.894164 0.036655 
76 -0.851943 0.000000 1.268177 93.891809 0.001594 -31.196213 0.021112 
77 -2.135256 0.000000 1.268177 94.823345 -0.000392 -31.175098 0.003665 
78 -0.851943 0.000000 2.528166 94.505970 -0.002718 -30.713131 0.012533 
79 -0.210286 0.000000 -0.621806 100.319341 0.036851 -31.834082 -0.107738 
80 -0.851943 0.000000 -0.621806 96.626132 0.012085 -32.105782 -0.036739 
81 -0.210286 0.000000 -1.251801 97.913066 0.007031 -30.379132 -0.050986 
82 -0.210286 0.000000 0.008188 93.335256 -0.003566 -42.146702 -0.048781 
83 1.073026 0.000000 0.638183 93.510369 0.002789 -25.150004 0.062329 
84 0.431370 0.000000 0.638183 90.744189 0.016504 -26.077190 0.108547 
85 1.714683 0.000000 0.638183 94.996343 0.002078 -26.081755 0.029544 
86 1.073026 0.000000 1.268177 93.722602 -0.001344 -27.946822 0.043505 
87 0.752198 0.000000 -0.306809 98.375792 0.067080 -20.873888 -0.011352 
88 0.431370 0.000000 -0.306809 103.802167 0.121420 -18.612641 -0.112133 
89 0.752198 0.000000 -0.621806 99.227749 0.036537 -24.161425 -0.042992 
90 1.073026 0.000000 -0.306809 97.100817 0.022168 -23.016768 0.004166 
91 0.752198 0.000000 0.008188 94.211982 0.131116 -20.552105 0.070170 
92 -0.210286 0.000000 0.638183 90.699310 0.013337 -31.301839 0.079383 
93 -0.851943 0.000000 0.638183 93.880238 -0.006415 -31.969188 0.016447 
94 -0.210286 0.000000 1.268177 93.077538 -0.007705 -30.421930 0.041108 
95 0.110542 0.000000 -0.306809 109.958383 0.036474 -27.172705 -0.282920 
96 -0.210286 0.000000 -0.306809 101.968814 -0.012116 -35.855357 -0.168325 
97 0.110542 0.000000 -0.621806 102.335862 0.038539 -28.774994 -0.130063 
98 0.110542 0.000000 0.008188 20.550816 -8.952069 -1.335792 0.949574 
99 0.752198 0.000000 0.323185 92.591618 0.019949 -22.545943 0.091847 
100 0.431370 0.000000 0.323185 89.071722 0.084820 -21.265668 0.161399 
101 1.073026 0.000000 0.323185 94.237745 0.018135 -23.514229 0.056633 
102 0.752198 0.000000 0.638183 92.327474 0.023786 -25.276239 0.083675 
103 0.591784 0.000000 -0.149310 97.549346 0.113068 -16.657217 0.020665 
104 0.431370 0.000000 -0.149310 102.123699 0.137194 -12.262486 -0.057964 
105 0.591784 0.000000 -0.306809 100.102347 0.092257 -19.633132 -0.040595 
106 0.752198 0.000000 -0.149310 96.530226 0.066337 -20.105541 0.027768 
107 0.591784 0.000000 0.008188 73.031639 1.611240 -12.836538 0.449901 
108 0.110542 0.000000 0.323185 83.371224 0.066684 -25.383367 0.240492 
109 -0.210286 0.000000 0.323185 88.392929 0.019685 -34.023534 0.102909 
110 0.110542 0.000000 0.638183 89.671813 0.014338 -28.540994 0.114438 
111 0.270956 0.000000 -0.149310 110.508250 0.113790 -11.444498 -0.234306 
112 0.110542 0.000000 -0.149310 121.488548 0.110327 -23.447272 -0.530925 
113 0.270956 0.000000 -0.306809 107.588644 0.069787 -20.995283 -0.201612 
114 0.270956 0.000000 0.008188 102.929020 0.138706 1.858478 -0.059786 
115 0.591784 0.000000 0.165687 91.967038 0.112173 -20.694881 0.111377 
116 0.431370 0.000000 0.165687 91.111512 0.195592 -18.391012 0.136042 
117 0.752198 0.000000 0.165687 93.095577 0.068120 -21.035218 0.089073 
118 0.591784 0.000000 0.323185 91.255373 0.078331 -22.052495 0.118614 
119 0.511577 0.000000 -0.070561 96.163710 0.157331 -11.529230 0.061959 
120 0.431370 0.000000 -0.070561 99.622841 0.183782 -8.303350 0.000631 
121 0.511577 0.000000 -0.149310 99.161671 0.159060 -14.586888 -0.004584 
122 0.591784 0.000000 -0.070561 94.519684 0.114328 -15.590758 0.082294 
123 0.511577 0.000000 0.008188 94.114745 1.389634 -12.999057 0.097151 
124 15.831124 0.000000 -5.031768 96.636133 0.000418 -26.176032 -0.002373 
125 15.831124 0.000000 -10.071724 95.296034 0.000157 -30.331033 -0.000131 
126 20.964375 0.000000 -5.031768 96.011378 -0.004980 -28.101447 -0.000788 
127 15.831124 0.000000 0.008188 95.308631 -0.000305 -30.243824 0.000158 
128 8.131247 0.000000 -2.511790 96.625512 -0.000570 -26.198369 -0.002284 
129 8.131247 0.000000 -5.031768 95.602814 0.000916 -29.428834 -0.000595 
130 10.697873 0.000000 -2.511790 96.514934 -0.011985 -26.531266 -0.001904 
131 8.131247 0.000000 0.008188 95.650043 -0.000901 -29.092082 0.000472 
132 4.281308 0.000000 -1.251801 96.643094 0.001283 -26.071655 -0.001962 
133 4.281308 0.000000 -2.511790 96.109308 0.003452 -28.007663 -0.002143 
134 5.564621 0.000000 -1.251801 96.670781 -0.005193 -25.977698 -0.002008 
135 4.281308 0.000000 0.008188 96.119685 -0.006127 -27.235645 0.001923 
136 2.356339 0.000000 -0.621806 96.665459 0.002002 -25.531945 0.000391 
137 2.356339 0.000000 -1.251801 96.685679 0.008468 -26.464953 -0.004851 
138 2.997996 0.000000 -0.621806 96.388867 0.099807 -26.430643 0.001060 
139 2.356339 0.000000 0.008188 96.275703 -0.006760 -25.351661 0.008828 
140 1.393855 0.000000 -0.306809 96.625218 0.014698 -24.304744 0.007285 
141 1.393855 0.000000 -0.621806 97.308164 0.022339 -24.533977 -0.007080 
142 1.714683 0.000000 -0.306809 96.319691 0.019443 -25.570781 0.006865 
143 1.393855 0.000000 0.008188 95.865693 0.019656 -23.743770 0.024600 
144 0.912612 0.000000 -0.149310 96.246423 0.032070 -22.242437 0.024190 
145 0.912612 0.000000 -0.306809 97.523837 0.054804 -22.164243 -0.000216 
146 1.073026 0.000000 -0.149310 96.137322 0.017814 -23.529609 0.020397 
147 0.912612 0.000000 0.008188 95.014814 0.089716 -22.180332 0.048021 
148 0.671991 0.000000 -0.070561 94.854427 0.071518 -19.145123 0.063610 
149 0.671991 0.000000 -0.149310 96.770603 0.077928 -18.832925 0.028077 
150 0.752198 0.000000 -0.070561 95.262707 0.064899 -20.362892 0.051037 
151 0.671991 0.000000 0.008188 93.273716 0.103356 -20.008102 0.089968 
152 0.270956 0.000000 0.165687 87.502556 0.144157 -14.692380 0.212742 
153 0.110542 0.000000 0.165687 76.587725 0.148835 -16.915380 0.384817 
154 0.270956 0.000000 0.323185 86.484234 0.117598 -21.850121 0.204304 
155 0.511577 0.000000 0.086937 92.944373 0.209613 -20.420842 0.094429 
156 0.431370 0.000000 0.086937 96.411065 0.474057 -20.878422 0.026877 
157 0.591784 0.000000 0.086937 91.990000 0.152219 -20.414812 0.112105 
158 0.511577 0.000000 0.165687 91.367795 0.146631 -19.281922 0.128011 
159 0.551681 0.000000 -0.031187 92.442582 0.134041 -12.137027 0.130704 
160 0.511577 0.000000 -0.031187 93.892340 0.128360 -10.376517 0.107654 
161 0.551681 0.000000 -0.070561 95.031104 0.131859 -13.278505 0.079275 
162 0.591784 0.000000 -0.031187 91.942985 0.132181 -15.880621 0.129428 
163 0.551681 0.000000 0.008188 84.293492 2.647978 -17.781532 0.257141 
164 15.831124 0.000000 5.048144 95.168128 -0.000006 -30.656269 0.000322 
165 20.964375 0.000000 5.048144 95.162328 -0.000009 -30.699187 0.000169 
166 15.831124 0.000000 10.088100 95.139161 0.000017 -30.744753 0.000330 
167 8.131247 0.000000 2.528166 95.258163 -0.000490 -30.219780 0.001265 
168 10.697873 0.000000 2.528166 95.241790 -0.000115 -30.370086 0.000666 
169 8.131247 0.000000 5.048144 95.154677 -0.000661 -30.536805 0.001309 
170 4.281308 0.000000 1.268177 95.456903 -0.001426 -28.978794 0.004821 
171 5.564621 0.000000 1.268177 95.460909 -0.000767 -29.370720 0.002458 
172 4.281308 0.000000 2.528166 95.187651 0.000200 -29.834234 0.004923 
173 2.356339 0.000000 0.638183 95.516209 0.000993 -26.850674 0.015570 
174 2.997996 0.000000 0.638183 95.691933 -0.003152 -27.419610 0.009122 
175 2.356339 0.000000 1.268177 95.089579 0.001718 -28.176673 0.016405 
176 1.393855 0.000000 0.323185 95.048487 0.001582 -24.306988 0.037496 
177 1.714683 0.000000 0.323185 95.497663 -0.001679 -25.054080 0.025249 
178 1.393855 0.000000 0.638183 94.478046 0.011219 -25.669249 0.041499 
179 0.912612 0.000000 0.165687 94.178280 0.053166 -22.232341 0.063617 
180 1.073026 0.000000 0.165687 94.803736 0.022934 -22.845266 0.049034 
181 0.912612 0.000000 0.323185 93.613823 0.025480 -23.162758 0.069994 
182 0.671991 0.000000 0.086937 92.766873 0.103115 -20.478194 0.097494 
183 0.752198 0.000000 0.086937 93.550097 0.087982 -20.644048 0.082219 
184 0.671991 0.000000 0.165687 92.510887 0.091641 -20.975518 0.100176 
185 0.631888 0.000000 -0.031187 93.201069 0.116009 -18.313262 0.097817 
186 0.631888 0.000000 -0.070561 94.597603 0.082671 -17.835274 0.073319 
187 0.671991 0.000000 -0.031187 93.952716 0.093128 -19.467691 0.079389 
188 0.631888 0.000000 0.008188 92.251246 0.129413 -19.448408 0.111145 
189 0.551681 0.000000 0.047563 92.112851 0.246176 -21.372391 0.105838 
190 0.511577 0.000000 0.047563 94.576465 1.171731 -26.379902 0.035802 
191 0.591784 0.000000 0.047563 91.363226 0.183071 -20.434021 0.123518 
192 0.551681 0.000000 0.086937 92.157198 0.186870 -20.158371 0.110066 
193 0.571732 0.000000 -0.011499 76.853381 2.049804 -13.255978 0.391364 
194 0.551681 0.000000 -0.011499 82.382093 2.408702 -11.847722 0.306702 
195 0.571732 0.000000 -0.031187 91.698199 0.138472 -14.001920 0.139537 
196 0.591784 0.000000 -0.011499 90.249659 0.156777 -16.768999 0.157378 
197 0.571732 0.000000 0.008188 75.236028 1.875646 -13.505092 0.415363 
198 0.351163 0.000000 -0.070561 104.043603 0.245378 -4.991911 -0.085005 
199 0.270956 0.000000 -0.070561 108.401292 0.107408 -2.255884 -0.175594 
200 0.351163 0.000000 -0.149310 106.010569 0.188259 -10.924247 -0.135762 
201 0.351163 0.000000 0.008188 101.663385 0.215463 -1.701550 -0.033839 
202 0.471473 0.000000 -0.031187 97.459541 0.692153 -1.404295 0.049919 
203 0.431370 0.000000 -0.031187 100.085518 0.432550 -0.134209 -0.001732 
204 0.471473 0.000000 -0.070561 97.755842 0.130473 -9.830104 0.034715 
205 0.471473 0.000000 0.008188 96.982290 0.704391 -8.068538 0.052884 
206 0.531629 0.000000 -0.011499 91.103635 2.108122 -7.815369 0.163460 
207 0.511577 0.000000 -0.011499 94.693855 1.262218 -5.298452 0.100341 
208 0.531629 0.000000 -0.031187 93.200991 0.118409 -11.566457 0.117978 
209 0.531629 0.000000 0.008188 89.984218 2.060010 -16.381967 0.163023 
210 0.631888 0.000000 0.047563 92.207931 0.137182 -20.219639 0.108884 
211 0.671991 0.000000 0.047563 92.935347 0.115863 -20.357714 0.094857 
212 0.631888 0.000000 0.086937 92.334006 0.118954 -20.528255 0.105301 
213 0.571732 0.000000 0.027875 90.299450 0.245669 -21.946555 0.136430 
214 0.551681 0.000000 0.027875 83.068572 2.452996 -25.809051 0.242749 
215 0.591784 0.000000 0.027875 90.554970 0.181337 -20.244867 0.138991 
216 0.571732 0.000000 0.047563 91.427353 0.215520 -21.195305 0.119175 
217 0.561706 0.000000 -0.001656 78.213674 2.083065 -12.809830 0.371419 
218 0.551681 0.000000 -0.001656 84.196316 2.653520 -10.921534 0.278466 
219 0.561706 0.000000 -0.011499 79.467312 2.178401 -11.238796 0.355389 
220 0.571732 0.000000 -0.001656 75.084419 1.843210 -12.986673 0.419028 
221 0.561706 0.000000 0.008188 79.397323 2.219695 -14.423838 0.348309 
222 -14.968384 0.000000 -5.031768 95.146031 -0.000036 -30.828288 -0.000315 
223 -20.101635 0.000000 -5.031768 95.139593 -0.000022 -30.823951 -0.000166 
224 -14.968384 0.000000 -10.071724 95.148610 -0.000026 -30.822044 -0.000326 
225 -14.968384 0.000000 0.008188 95.137578 -0.000038 -30.832097 -0.000178 
226 -7.268507 0.000000 -2.511790 95.182389 0.000502 -30.863461 -0.001224 
227 -9.835133 0.000000 -2.511790 95.157780 -0.000074 -30.846240 -0.000649 
228 -7.268507 0.000000 -5.031768 95.193221 -0.000080 -30.839001 -0.001279 
229 -7.268507 0.000000 0.008188 95.148534 0.000217 -30.878316 -0.000671 
230 -3.418569 0.000000 -1.251801 95.312402 0.000408 -31.005865 -0.004582 
231 -4.701881 0.000000 -1.251801 95.224035 0.000248 -30.935370 -0.002461 
232 -3.418569 0.000000 -2.511790 95.358254 0.000373 -30.909726 -0.004861 
233 -3.418569 0.000000 0.008188 95.179085 0.000441 -31.060356 -0.002380 
234 -1.493599 0.000000 -0.621806 95.780996 -0.000303 -31.697503 -0.017873 
235 -2.135256 0.000000 -0.621806 95.455660 0.004633 -31.332369 -0.009350 
236 -1.493599 0.000000 -1.251801 95.952356 -0.002794 -31.247228 -0.018324 
237 -1.493599 0.000000 0.008188 95.215210 0.000361 -31.914196 -0.008445 
238 -0.531115 0.000000 -0.306809 97.394732 0.007482 -34.158316 -0.065252 
239 -0.851943 0.000000 -0.306809 96.103669 0.008174 -32.724295 -0.030679 
240 -0.531115 0.000000 -0.621806 97.946885 0.011142 -32.474051 -0.064816 
241 -0.531115 0.000000 0.008188 94.935064 0.002024 -34.870680 -0.022863 
242 -0.049872 0.000000 -0.149310 110.795625 0.107189 -41.057297 -0.396138 
243 -0.210286 0.000000 -0.149310 100.209422 0.006456 -39.841186 -0.162925 
244 -0.049872 0.000000 -0.306809 106.496241 0.037619 -33.648958 -0.247370 
245 -0.049872 0.000000 0.008188 83.677667 0.139172 -66.615800 -0.143964 
246 0.190749 0.000000 -0.070561 122.141131 -0.063590 8.996153 -0.499939 
247 0.110542 0.000000 -0.070561 133.635245 -0.090953 -26.235829 -0.854671 
248 0.190749 0.000000 -0.149310 117.103347 0.117160 -14.302581 -0.391777 
249 0.190749 0.000000 0.008188 97.518134 -0.500921 4.390532 0.047069 
250 0.351163 0.000000 0.086937 95.291498 0.237371 -14.222318 0.071720 
251 0.270956 0.000000 0.086937 92.608005 0.323931 -8.104976 0.135796 
252 0.351163 0.000000 0.165687 89.877519 0.237919 -16.268548 0.165731 
253 0.311059 0.000000 -0.031187 104.390707 0.171557 2.727105 -0.090489 
254 0.270956 0.000000 -0.031187 104.360111 0.106686 3.279497 -0.090180 
255 0.311059 0.000000 -0.070561 106.063136 0.135779 -4.345112 -0.126829 
256 0.351163 0.000000 -0.031187 103.324485 0.207753 1.985073 -0.067993 
257 0.311059 0.000000 0.008188 102.280278 0.172894 -0.079296 -0.046129 
258 -14.968384 0.000000 5.048144 95.128593 -0.000029 -30.829439 0.000010 
259 -20.101635 0.000000 5.048144 95.131741 -0.000019 -30.824480 -0.000020 
260 -14.968384 0.000000 10.088100 95.124759 -0.000018 -30.823894 0.000117 
261 -7.268507 0.000000 2.528166 95.113224 0.000115 -30.867192 0.000069 
262 -9.835133 0.000000 2.528166 95.126483 -0.000063 -30.848044 -0.000065 
263 -7.268507 0.000000 5.048144 95.098536 -0.000050 -30.845296 0.000484 
264 -3.418569 0.000000 1.268177 95.044365 0.000492 -31.013690 0.000472 
265 -4.701881 0.000000 1.268177 95.101257 0.000290 -30.940111 -0.000154 
266 -3.418569 0.000000 2.528166 94.991461 0.000481 -30.926171 0.002019 
267 -1.493599 0.000000 0.638183 94.674069 0.001290 -31.680252 0.003318 
268 -2.135256 0.000000 0.638183 94.959369 -0.001605 -31.334583 0.000086 
269 -1.493599 0.000000 1.268177 94.549215 0.001464 -31.222683 0.008559 
270 -0.531115 0.000000 0.323185 92.905264 0.002015 -33.627313 0.023782 
271 -0.851943 0.000000 0.323185 94.269836 -0.008414 -32.595893 0.005071 
272 -0.531115 0.000000 0.638183 92.665893 -0.009950 -32.167643 0.037827 
273 -0.049872 0.000000 0.165687 78.259418 0.086686 -34.555355 0.268138 
274 -0.210286 0.000000 0.165687 88.203975 -0.016931 -37.978336 0.077770 
275 -0.049872 0.000000 0.323185 84.366386 -0.009854 -31.327755 0.190088 
276 0.190749 0.000000 0.086937 86.271150 0.640342 1.617252 0.255426 
277 0.110542 0.000000 0.086937 75.579780 0.862697 11.482068 0.415511 
278 0.190749 0.000000 0.165687 82.911591 0.162720 -13.821247 0.293461 
279 0.230852 0.000000 -0.031187 104.396341 0.092464 3.425383 -0.091034 
280 0.190749 0.000000 -0.031187 84.730333 -0.390785 72.152644 -0.238539 
281 0.230852 0.000000 -0.070561 111.445420 0.027675 2.352276 -0.242562 
282 0.230852 0.000000 0.008188 97.814865 -0.158187 2.879762 0.042393 
283 0.030335 0.000000 -0.070561 136.194227 0.092936 -38.318620 -1.001719 
284 -0.049872 0.000000 -0.070561 110.880422 0.113823 -53.027206 -0.510637 
285 0.030335 0.000000 -0.149310 119.072758 0.106089 -34.283102 -0.535366 
286 0.030335 0.000000 0.008188 84.108977 1.253290 -25.853820 0.225569 
287 0.150645 0.000000 -0.031187 151.366771 -0.346232 -1.135635 -1.291331 
288 0.110542 0.000000 -0.031187 92.200535 -0.415330 -78.494910 -0.466256 
289 0.150645 0.000000 -0.070561 159.421066 -0.355059 -1.220601 -1.541669 
290 0.150645 0.000000 0.008188 15.003968 -8.622368 1.194713 0.969911 
291 0.230852 0.000000 0.047563 90.034194 0.487744 -1.714126 0.189067 
292 0.190749 0.000000 0.047563 86.197030 0.645860 1.723415 0.256668 
293 0.270956 0.000000 0.047563 94.903743 0.295146 -6.157960 0.095527 
294 0.230852 0.000000 0.086937 88.972895 0.492026 -2.313011 0.207823 
295 0.210801 0.000000 -0.011499 60.718557 -0.626058 19.589467 0.592912 
296 0.190749 0.000000 -0.011499 40.296617 -0.586731 47.053932 0.616177 
297 0.210801 0.000000 -0.031187 104.430400 0.094639 3.426546 -0.091746 
298 0.230852 0.000000 -0.011499 98.346438 -0.212939 3.620687 0.031482 
299 0.210801 0.000000 0.008188 92.938322 -0.654466 4.119563 0.134507 
300 0.030335 0.000000 0.086937 55.632498 0.177617 -21.309699 0.645089 
301 -0.049872 0.000000 0.086937 72.329278 0.115660 -42.919928 0.292634 
302 0.030335 0.000000 0.165687 73.814001 0.120627 -25.889734 0.388120 
303 0.070438 0.000000 -0.031187 131.811877 0.139620 6.258003 -0.741355 
304 0.030335 0.000000 -0.031187 165.693148 0.972267 -13.088027 -1.762646 
305 0.070438 0.000000 -0.070561 134.015466 0.013074 -26.421994 -0.865827 
306 0.070438 0.000000 0.008188 125.561774 -0.037868 6.643581 -0.580990 
307 0.070438 0.000000 0.047563 53.555676 0.992792 16.274231 0.686595 
308 0.030335 0.000000 0.047563 27.622067 1.102511 11.485237 0.910390 
309 0.110542 0.000000 0.047563 68.298555 0.932839 13.899967 0.514123 
310 0.070438 0.000000 0.086937 60.576661 1.028957 16.478238 0.605788 
311 0.090490 0.000000 -0.011499 111.535774 -0.471349 7.707631 -0.249986 
312 0.070438 0.000000 -0.011499 133.323003 0.167604 4.876566 -0.779883 
313 0.090490 0.000000 -0.031187 117.615948 -0.263510 7.133771 -0.388447 
314 0.110542 0.000000 -0.011499 50.941018 -0.408599 -59.578158 0.385529 
315 0.090490 0.000000 0.008188 117.060162 -0.279293 7.168058 -0.375454 
316 -0.370701 0.000000 -0.149310 97.318926 -0.015973 -36.890652 -0.083189 
317 -0.531115 0.000000 -0.149310 96.312446 0.007723 -34.749350 -0.048360 
318 -0.370701 0.000000 -0.306809 98.806967 0.010173 -35.012599 -0.098870 
319 -0.370701 0.000000 0.008188 94.491981 0.012172 -37.421938 -0.032914 
320 -0.130079 0.000000 -0.070561 99.995337 -0.051338 -46.142104 -0.212816 
321 -0.210286 0.000000 -0.070561 97.350262 -0.003749 -41.731914 -0.121863 
322 -0.130079 0.000000 -0.149310 103.801607 -0.026872 -41.356868 -0.248516 
323 -0.130079 0.000000 0.008188 91.486158 0.100372 -47.473813 -0.062349 
324 -0.009769 0.000000 -0.031187 132.532739 0.170276 -76.305691 -1.338751 
325 -0.049872 0.000000 -0.031187 103.463400 0.127440 -63.808969 -0.477628 
326 -0.009769 0.000000 -0.070561 124.754672 0.118816 -51.703035 -0.823695 
327 -0.009769 0.000000 0.008188 60.812641 1.814694 -99.868545 -0.367520 
328 -0.370701 0.000000 0.165687 92.092974 -0.000794 -36.080486 0.021708 
329 -0.531115 0.000000 0.165687 93.657115 0.006297 -34.469738 0.004018 
330 -0.370701 0.000000 0.323185 91.439624 0.015651 -33.983667 0.048391 
331 -0.130079 0.000000 0.086937 85.164223 0.004714 -42.709862 0.092292 
332 -0.210286 0.000000 0.086937 89.964709 -0.022726 -40.254612 0.028592 
333 -0.130079 0.000000 0.165687 84.343533 0.022918 -37.611148 0.147157 
334 -0.009769 0.000000 0.047563 46.171418 0.192348 -48.572027 0.550892 
335 -0.049872 0.000000 0.047563 71.872121 0.133224 -53.524664 0.196949 
336 -0.009769 0.000000 0.086937 61.538731 0.145873 -36.155322 0.490576 
337 0.010283 0.000000 -0.011499 134.671477 1.675323 -82.290230 -1.491090 
338 -0.009769 0.000000 -0.011499 111.816868 1.885857 -114.531191 -1.562396 
339 0.010283 0.000000 -0.031187 170.950059 1.495596 -61.938415 -2.306253 
340 0.030335 0.000000 -0.011499 166.819452 1.088503 -23.538447 -1.838397 
341 0.010283 0.000000 0.008188 38.055109 1.634095 -70.078590 0.363813 
342 -0.089976 0.000000 -0.031187 97.659021 0.106107 -53.426007 -0.239163 
343 -0.130079 0.000000 -0.031187 96.094937 0.100574 -47.559055 -0.149611 
344 -0.089976 0.000000 -0.070561 103.429245 0.103326 -49.531024 -0.315094 
345 -0.089976 0.000000 0.008188 89.275117 0.105860 -53.671550 -0.085069 
346 -0.029821 0.000000 -0.011499 98.503276 0.165089 -82.618100 -0.652867 
347 -0.049872 0.000000 -0.011499 94.548460 0.134916 -67.655097 -0.351664 
348 -0.029821 0.000000 -0.031187 112.314054 0.141390 -71.573250 -0.773720 
349 -0.029821 0.000000 0.008188 75.722874 0.180064 -81.398143 -0.235964 
350 0.010283 0.000000 0.027875 -6.771647 1.389322 -23.929428 0.937960 
351 -0.009769 0.000000 0.027875 -19.548979 1.670320 -70.967196 0.457870 
352 0.030335 0.000000 0.027875 17.087571 1.162710 5.621600 0.967506 
353 0.010283 0.000000 0.047563 32.651396 0.286509 -32.215495 0.789597 
354 0.000257 0.000000 -0.001656 78.827999 1.926643 -120.063507 -1.063281 
355 -0.009769 0.000000 -0.001656 68.079893 1.823809 -101.773596 -0.499606 
356 0.000257 0.000000 -0.011499 120.018318 1.756275 -95.115224 -1.345439 
357 0.010283 0.000000 -0.001656 109.703003 1.699131 -84.593003 -0.919361 
358 0.000257 0.000000 0.008188 12.407678 1.763574 -90.523790 0.164838 
359 0.050386 0.000000 0.027875 40.261818 1.062991 14.483378 0.816809 
360 0.050386 0.000000 0.008188 150.342494 0.622236 1.351672 -1.260508 
361 0.070438 0.000000 0.027875 50.327940 1.038420 16.209951 0.720326 
362 0.050386 0.000000 0.047563 41.842294 1.057247 14.935094 0.802505 
363 0.311059 0.000000 0.047563 96.788872 0.219536 -8.127112 0.056582 
364 0.351163 0.000000 0.047563 96.324614 0.251214 -12.506424 0.056509 
365 0.311059 0.000000 0.086937 94.467032 0.245700 -11.485286 0.094401 
366 0.471473 0.000000 0.047563 95.927502 0.591312 -23.186191 0.025997 
367 0.431370 0.000000 0.047563 96.572871 0.468200 -19.335897 0.029958 
368 0.471473 0.000000 0.086937 93.451515 0.245193 -19.174916 0.089908 
369 0.531629 0.000000 0.027875 91.560265 1.935113 -26.964081 0.088591 
370 0.511577 0.000000 0.027875 94.430843 1.205935 -23.337461 0.053672 
371 0.531629 0.000000 0.047563 93.198779 0.273437 -21.977410 0.083091 
372 -4.701881 0.000000 -15.111679 95.167816 -0.000015 -30.799840 -0.000554 
373 -9.835133 0.000000 -15.111679 95.155885 -0.000020 -30.812912 -0.000408 
374 -4.701881 0.000000 -20.151635 95.154492 -0.000009 -30.804123 -0.000327 
375 0.431370 0.000000 -15.111679 95.177477 -0.000000 -30.774972 -0.000585 
376 -2.135256 0.000000 -7.551746 95.267153 0.000639 -30.753257 -0.002159 
377 -4.701881 0.000000 -7.551746 95.221764 -0.000046 -30.803224 -0.001602 
378 -2.135256 0.000000 -10.071724 95.216386 -0.000009 -30.768586 -0.001287 
379 0.431370 0.000000 -7.551746 95.302503 0.000137 -30.660322 -0.002262 
380 -0.851943 0.000000 -3.771779 95.623674 0.005408 -30.599952 -0.008024 
381 -2.135256 0.000000 -3.771779 95.464972 -0.001734 -30.774822 -0.006065 
382 -0.851943 0.000000 -5.031768 95.445122 -0.001891 -30.643749 -0.004881 
383 0.431370 0.000000 -3.771779 95.747607 0.003054 -30.294114 -0.008534 
384 -0.210286 0.000000 -1.881795 96.763288 -0.004796 -30.227073 -0.027681 
385 -0.851943 0.000000 -1.881795 96.281743 0.000651 -30.741078 -0.021519 
386 -0.210286 0.000000 -2.511790 96.223989 0.003133 -30.295951 -0.017690 
387 0.431370 0.000000 -1.881795 96.971296 -0.003849 -29.403407 -0.026799 
388 0.110542 0.000000 -0.936804 99.684512 0.027189 -29.192089 -0.078918 
389 -0.210286 0.000000 -0.936804 98.739067 0.037058 -30.712458 -0.069266 
390 0.110542 0.000000 -1.251801 98.275434 0.015559 -29.481428 -0.052722 
391 0.431370 0.000000 -0.936804 99.613998 0.026846 -27.421682 -0.067490 
392 0.270956 0.000000 -0.464308 104.556562 0.050979 -24.945971 -0.155438 
393 0.110542 0.000000 -0.464308 105.221724 0.026981 -28.337019 -0.187460 
394 0.270956 0.000000 -0.621806 102.306760 0.071632 -26.750392 -0.118226 
395 0.431370 0.000000 -0.464308 102.513226 0.061083 -22.978273 -0.103697 
396 0.190749 0.000000 -0.228060 112.213104 0.115773 -20.749150 -0.302232 
397 0.110542 0.000000 -0.228060 113.689738 0.106909 -26.040803 -0.360349 
398 0.190749 0.000000 -0.306809 109.499836 0.065873 -23.542728 -0.254448 
399 0.270956 0.000000 -0.228060 109.693755 0.125357 -16.973155 -0.232082 
400 0.150645 0.000000 -0.109936 126.132300 0.060519 -13.770550 -0.609899 
401 0.110542 0.000000 -0.109936 127.651863 0.065937 -21.870456 -0.677332 
402 0.150645 0.000000 -0.149310 120.094799 0.108570 -18.262945 -0.475631 
403 0.190749 0.000000 -0.109936 120.236709 0.077503 -7.576310 -0.451427 
404 0.130593 0.000000 -0.050874 148.471427 -0.350382 -40.246187 -1.366364 
405 0.110542 0.000000 -0.050874 120.923177 -0.359794 -69.764804 -0.948967 
406 0.130593 0.000000 -0.070561 144.217959 -0.347406 -52.322260 -1.353656 
407 0.150645 0.000000 -0.050874 153.343495 -0.348118 -0.519614 -1.351462 
408 0.130593 0.000000 -0.031187 134.017311 -0.359165 -52.041244 -1.066906 
409 -0.049872 0.000000 -0.464308 103.653179 -0.000299 -31.538227 -0.173864 
410 -0.210286 0.000000 -0.464308 101.253323 0.025250 -33.236120 -0.135688 
411 -0.049872 0.000000 -0.621806 101.715476 0.040779 -30.664790 -0.128637 
412 0.030335 0.000000 -0.228060 112.116036 0.102738 -31.867515 -0.358555 
413 -0.049872 0.000000 -0.228060 108.433931 -0.021452 -36.093396 -0.306065 
414 0.030335 0.000000 -0.306809 108.847956 0.010643 -30.904655 -0.280298 
415 0.070438 0.000000 -0.109936 127.388938 0.089977 -28.647330 -0.704862 
416 0.030335 0.000000 -0.109936 125.184466 0.102525 -36.395544 -0.699580 
417 0.070438 0.000000 -0.149310 121.177175 0.102599 -28.941180 -0.552151 
418 0.090490 0.000000 -0.050874 127.090034 -0.202853 -26.397693 -0.684876 
419 0.070438 0.000000 -0.050874 135.477600 -0.073853 -21.526673 -0.881758 
420 0.090490 0.000000 -0.070561 131.905663 -0.048325 -25.639391 -0.805648 
421 0.150645 0.000000 0.047563 79.973659 0.818644 7.627051 0.354537 
422 0.150645 0.000000 0.086937 80.252491 0.808913 7.382676 0.350438 
423 0.130593 0.000000 -0.011499 144.217959 -0.347406 -52.322260 -1.353656 
424 0.150645 0.000000 -0.011499 159.421066 -0.355059 -1.220601 -1.541669 
425 0.130593 0.000000 0.008188 16.205966 -8.602369 -1.635838 0.966069 
426 0.120568 0.000000 -0.041030 122.839346 -0.350174 -68.592738 -0.979459 
427 0.110542 0.000000 -0.041030 107.615456 -0.384346 -74.183718 -0.708446 
428 0.120568 0.000000 -0.050874 129.725520 -0.354567 -57.256641 -1.010716 
429 0.130593 0.000000 -0.041030 136.632069 -0.355543 -51.353942 -1.130568 
430 0.120568 0.000000 -0.031187 114.168764 -0.379791 -65.641803 -0.734350 
431 0.170697 0.000000 -0.050874 142.370171 -0.329621 37.350845 -1.166446 
432 0.170697 0.000000 -0.070561 137.485464 -0.322593 47.866223 -1.119353 
433 0.190749 0.000000 -0.050874 113.159401 -0.336583 63.861083 -0.688340 
434 0.170697 0.000000 -0.031187 123.243219 -0.338360 51.038520 -0.779394 
435 2.035511 0.000000 -0.306809 96.334396 0.067009 -25.746233 0.005681 
436 2.035511 0.000000 -0.621806 96.812884 0.005875 -25.117301 -0.000361 
437 2.356339 0.000000 -0.306809 96.466637 0.016471 -25.484732 0.004472 
438 2.035511 0.000000 0.008188 96.218953 -0.004825 -24.994868 0.011717 
439 5.564621 0.000000 -15.111679 95.179798 0.000015 -30.744231 -0.000440 
440 5.564621 0.000000 -20.151635 95.159678 0.000004 -30.779743 -0.000276 
441 10.697873 0.000000 -15.111679 95.180179 0.000022 -30.713256 -0.000257 
442 15.831124 0.000000 -15.111679 95.185676 0.000026 -30.676354 -0.000135 
443 15.831124 0.000000 -20.151635 95.160498 0.000010 -30.752628 -0.000124 
444 20.964375 0.000000 -15.111679 95.200066 0.000036 -30.621242 -0.000071 
445 -14.968384 0.000000 -15.111679 95.147133 -0.000018 -30.817654 -0.000270 
446 -20.101635 0.000000 -15.111679 95.141861 -0.000014 -30.818878 -0.000178 
447 -14.968384 0.000000 -20.151635 95.144594 -0.000012 -30.815459 -0.000209 
448 2.997996 0.000000 -7.551746 95.308780 0.000655 -30.548295 -0.001696 
449 2.997996 0.000000 -10.071724 95.235348 0.000051 -30.675848 -0.001078 
450 5.564621 0.000000 -7.551746 95.306557 0.000499 -30.440480 -0.000996 
451 8.131247 0.000000 -7.551746 95.320773 0.000208 -30.320328 -0.000537 
452 8.131247 0.000000 -10.071724 95.236309 0.000078 -30.576694 -0.000489 
453 10.697873 0.000000 -7.551746 95.361654 0.000282 -30.153042 -0.000305 
454 -7.268507 0.000000 -7.551746 95.187794 -0.000054 -30.821407 -0.001068 
455 -9.835133 0.000000 -7.551746 95.167153 -0.000048 -30.826040 -0.000703 
456 -7.268507 0.000000 -10.071724 95.177976 -0.000037 -30.812523 -0.000826 
457 1.714683 0.000000 -3.771779 95.744309 0.003090 -29.948974 -0.006391 
458 1.714683 0.000000 -5.031768 95.503295 0.005777 -30.323792 -0.004041 
459 2.997996 0.000000 -3.771779 95.691153 0.001133 -29.664868 -0.003680 
460 4.281308 0.000000 -3.771779 95.691385 0.000995 -29.390733 -0.002066 
461 4.281308 0.000000 -5.031768 95.485654 0.004218 -30.019614 -0.001869 
462 5.564621 0.000000 -3.771779 95.748164 0.004243 -29.066309 -0.001256 
463 -3.418569 0.000000 -3.771779 95.340827 0.000303 -30.840102 -0.004099 
464 -4.701881 0.000000 -3.771779 95.263496 0.000195 -30.856130 -0.002723 
465 -3.418569 0.000000 -5.031768 95.305130 0.000224 -30.804071 -0.003196 
466 1.073026 0.000000 -1.881795 96.822263 -0.001890 -28.645155 -0.019510 
467 1.073026 0.000000 -2.511790 96.311723 0.004036 -29.408755 -0.014082 
468 1.714683 0.000000 -1.881795 96.538324 0.004575 -28.175656 -0.011352 
469 2.356339 0.000000 -1.881795 96.406382 0.005630 -27.812981 -0.006775 
470 2.356339 0.000000 -2.511790 96.135306 0.010233 -28.754405 -0.006881 
471 2.997996 0.000000 -1.881795 96.363276 0.010611 -27.495957 -0.004191 
472 -1.493599 0.000000 -1.881795 95.897495 0.006085 -30.956214 -0.015462 
473 -2.135256 0.000000 -1.881795 95.629558 0.009586 -31.011847 -0.010675 
474 -1.493599 0.000000 -2.511790 95.785572 0.013896 -30.815649 -0.012448 
475 0.752198 0.000000 -0.936804 98.745405 0.065368 -26.327113 -0.044378 
476 0.752198 0.000000 -1.251801 98.009067 0.025532 -27.671022 -0.037146 
477 1.073026 0.000000 -0.936804 97.884563 0.014377 -25.936367 -0.025408 
478 1.393855 0.000000 -0.936804 97.397523 0.023303 -25.754280 -0.014956 
479 1.393855 0.000000 -1.251801 97.227933 0.010919 -26.853316 -0.017437 
480 1.714683 0.000000 -0.936804 97.068659 0.013049 -25.713493 -0.008351 
481 -0.531115 0.000000 -0.936804 97.553517 0.021268 -31.372171 -0.050090 
482 -0.851943 0.000000 -0.936804 96.813691 0.009818 -31.613129 -0.037228 
483 -0.531115 0.000000 -1.251801 97.256275 0.013298 -30.928402 -0.041535 
484 0.591784 0.000000 -0.464308 100.663346 0.019477 -22.238611 -0.062767 
485 0.591784 0.000000 -0.621806 100.232392 0.053867 -24.397705 -0.064178 
486 0.752198 0.000000 -0.464308 99.224452 0.042921 -22.463842 -0.035012 
487 0.912612 0.000000 -0.464308 98.287441 0.051084 -22.970142 -0.018805 
488 0.912612 0.000000 -0.621806 98.722917 0.027551 -23.936180 -0.031916 
489 1.073026 0.000000 -0.464308 97.835824 0.020187 -23.193746 -0.010980 
490 0.351163 0.000000 -0.228060 106.021112 0.107926 -16.042905 -0.149786 
491 0.351163 0.000000 -0.306809 105.593556 0.115833 -19.408028 -0.152668 
492 0.431370 0.000000 -0.228060 103.216728 0.146536 -15.981786 -0.090913 
493 2.035511 0.000000 -0.936804 96.887656 0.007970 -25.693040 -0.004735 
494 2.035511 0.000000 -1.251801 96.787061 0.004991 -26.561302 -0.007324 
495 2.356339 0.000000 -0.936804 96.794708 0.010071 -25.685758 -0.002897 
496 2.035511 0.000000 0.323185 95.750232 -0.001787 -25.692800 0.017177 
497 2.356339 0.000000 0.323185 95.870343 -0.002717 -26.085130 0.012844 
498 2.035511 0.000000 0.638183 95.325457 0.003520 -26.500918 0.021076 
499 0.391266 0.000000 -0.031187 102.402495 0.238183 1.351263 -0.048815 
500 0.391266 0.000000 -0.070561 101.730312 0.224314 -6.608197 -0.039277 
501 0.391266 0.000000 0.008188 100.228983 0.323588 -3.318033 -0.005696 
502 -0.370701 0.000000 -0.464308 99.135418 0.027064 -33.411908 -0.094419 
503 -0.531115 0.000000 -0.464308 97.869952 0.013865 -33.234204 -0.068304 
504 -0.370701 0.000000 -0.621806 99.011866 0.015458 -32.340404 -0.084925 
505 -0.130079 0.000000 -0.228060 104.337533 0.045747 -37.533552 -0.229509 
506 -0.210286 0.000000 -0.228060 101.680383 0.004302 -37.823302 -0.176950 
507 -0.130079 0.000000 -0.306809 104.475083 0.018547 -35.534320 -0.217773 
508 0.230852 0.000000 -0.109936 114.202605 0.104465 -6.446709 -0.308381 
509 0.230852 0.000000 -0.149310 113.649094 0.113277 -12.137841 -0.306346 
510 0.270956 0.000000 -0.109936 110.268909 0.122361 -7.074259 -0.220929 
511 0.391266 0.000000 0.047563 96.608796 0.329935 -17.166281 0.037195 
512 0.391266 0.000000 0.086937 96.029142 0.234106 -16.644026 0.050133 
513 0.210801 0.000000 -0.050874 108.000172 -0.162807 16.056934 -0.192189 
514 0.210801 0.000000 -0.070561 114.983317 -0.024503 5.954245 -0.325662 
515 0.230852 0.000000 -0.050874 103.508860 0.035792 3.395078 -0.072561 
516 -0.009769 0.000000 -0.109936 119.051315 0.108682 -43.000978 -0.602231 
517 -0.049872 0.000000 -0.109936 111.614234 0.099821 -45.481851 -0.452635 
518 -0.009769 0.000000 -0.149310 115.223367 0.102330 -38.534144 -0.476131 
519 0.170697 0.000000 -0.011499 111.065743 -0.349602 61.991207 -0.617863 
520 0.170697 0.000000 0.008188 85.384745 0.781522 2.900110 0.270042 
521 0.050386 0.000000 -0.011499 156.979697 0.774059 -5.108212 -1.466932 
522 0.050386 0.000000 -0.031187 150.412516 0.623781 1.309095 -1.262603 
523 0.090490 0.000000 0.027875 63.273667 0.917587 15.557929 0.575355 
524 0.110542 0.000000 0.027875 71.261037 0.905881 12.919861 0.475412 
525 0.090490 0.000000 0.047563 61.512209 0.984678 15.470118 0.597595 
526 -0.089976 0.000000 -0.109936 105.990916 0.104098 -45.111541 -0.326914 
527 -0.130079 0.000000 -0.109936 102.457763 -0.045270 -43.662409 -0.240400 
528 -0.089976 0.000000 -0.149310 106.697491 0.097883 -41.532666 -0.310933 
529 -0.089976 0.000000 0.047563 82.757078 0.100694 -49.253692 0.072533 
530 -0.130079 0.000000 0.047563 87.488411 -0.016580 -45.711101 0.025627 
531 -0.089976 0.000000 0.086937 80.336427 0.097630 -43.799799 0.162763 
532 -0.029821 0.000000 0.027875 62.712388 0.168729 -66.913090 0.158977 
533 -0.049872 0.000000 0.027875 75.495769 0.138048 -60.732048 0.061199 
534 -0.029821 0.000000 0.047563 61.263531 0.153373 -53.978126 0.333312 
535 0.130593 0.000000 0.027875 75.582418 0.856423 11.480673 0.415476 
536 0.150645 0.000000 0.027875 77.826922 0.834030 9.516691 0.385171 
537 0.130593 0.000000 0.047563 76.697939 0.880755 10.499388 0.400641 
538 0.170697 0.000000 0.027875 85.385182 0.660546 2.878160 0.270065 
539 0.190749 0.000000 0.027875 85.385185 0.659662 2.878000 0.270065 
540 0.170697 0.000000 0.047563 81.233659 0.789600 6.522925 0.335792 
541 0.511577 0.000000 -0.228060 101.124324 0.128188 -16.467338 -0.049732 
542 0.511577 0.000000 -0.306809 101.621959 0.086954 -19.034180 -0.068933 
543 0.591784 0.000000 -0.228060 99.190905 0.084826 -18.171589 -0.016905 
544 0.671991 0.000000 -0.228060 98.154730 0.083217 -19.411063 -0.001115 
545 0.671991 0.000000 -0.306809 99.169065 0.085361 -20.057483 -0.023681 
546 0.752198 0.000000 -0.228060 97.589204 0.074678 -20.327935 0.006312 
547 0.311059 0.000000 -0.109936 107.453502 0.138301 -7.858146 -0.160802 
548 0.311059 0.000000 -0.149310 108.236396 0.138096 -10.742535 -0.183054 
549 0.351163 0.000000 -0.109936 105.279235 0.225059 -8.027315 -0.114821 
550 0.391266 0.000000 -0.109936 103.044309 0.202839 -9.125442 -0.070144 
551 0.391266 0.000000 -0.149310 103.824028 0.170780 -11.752584 -0.091758 
552 0.431370 0.000000 -0.109936 100.997137 0.162342 -10.426120 -0.030915 
553 0.210801 0.000000 0.027875 93.398465 0.386886 0.331226 0.127647 
554 0.230852 0.000000 0.027875 98.037713 0.232630 -0.918430 0.038771 
555 0.210801 0.000000 0.047563 88.165276 0.564079 -1.119877 0.222531 
556 0.050386 0.000000 -0.050874 143.422514 0.025987 -25.753831 -1.123328 
557 0.030335 0.000000 -0.050874 146.710418 0.092302 -37.289876 -1.291449 
558 0.050386 0.000000 -0.070561 136.383284 0.057101 -30.904677 -0.955550 
559 0.010283 0.000000 -0.050874 141.279799 0.125390 -51.428211 -1.260486 
560 -0.009769 0.000000 -0.050874 128.702229 0.131313 -60.162576 -1.018382 
561 0.010283 0.000000 -0.070561 132.004586 0.113639 -46.232376 -0.956266 
562 0.471473 0.000000 -0.109936 99.322654 0.121556 -11.571445 0.000110 
563 0.471473 0.000000 -0.149310 100.532517 0.154977 -13.222217 -0.028164 
564 0.511577 0.000000 -0.109936 97.931090 0.159157 -12.911819 0.024276 
565 0.551681 0.000000 -0.109936 96.960396 0.134890 -14.186930 0.039739 
566 0.551681 0.000000 -0.149310 98.350785 0.131234 -15.216628 0.009556 
567 0.591784 0.000000 -0.109936 96.270934 0.116272 -15.992548 0.047613 
568 0.631888 0.000000 -0.109936 95.924436 0.084834 -17.746425 0.048356 
569 0.631888 0.000000 -0.149310 97.032393 0.078106 -17.932533 0.026313 
570 0.671991 0.000000 -0.109936 95.861391 0.071329 -18.798498 0.045721 
571 -0.029821 0.000000 -0.050874 116.601333 0.126235 -61.044715 -0.732234 
572 -0.049872 0.000000 -0.050874 108.573418 0.120013 -58.207514 -0.517632 
573 -0.029821 0.000000 -0.070561 117.090362 0.117039 -53.603729 -0.658353 
1 19 21 3 22 
2 20 19 22 9 
3 28 20 9 30 
4 29 28 30 4 
5 35 37 19 38 
6 36 35 38 20 
7 44 36 20 46 
8 45 44 46 28 
9 51 53 35 54 
10 52 51 54 36 
11 60 52 36 62 
12 61 60 62 44 
13 67 69 51 70 
14 68 67 70 52 
15 76 68 52 78 
16 77 76 78 60 
17 83 85 67 86 
18 84 83 86 68 
19 92 84 68 94 
20 93 92 94 76 
21 99 101 83 102 
22 100 99 102 84 
23 108 100 84 110 
24 109 108 110 92 
25 115 117 99 118 
26 116 115 118 100 
27 10 125 124 26 
28 125 13 126 124 
29 124 126 8 127 
30 26 124 127 14 
31 23 129 128 42 
32 129 26 130 128 
33 128 130 14 131 
34 42 128 131 27 
35 39 133 132 58 
36 133 42 134 132 
37 132 134 27 135 
38 58 132 135 43 
39 137 58 138 136 
40 136 138 43 139 
41 71 141 140 90 
42 141 74 142 140 
43 140 142 59 143 
44 90 140 143 75 
45 87 145 144 106 
46 145 90 146 144 
47 144 146 75 147 
48 106 144 147 91 
49 149 106 150 148 
50 148 150 91 151 
51 152 116 100 154 
52 153 152 154 108 
53 155 157 115 158 
54 156 155 158 116 
55 119 161 159 160 
56 161 122 162 159 
57 14 127 164 37 
58 127 8 165 164 
59 164 165 21 166 
60 37 164 166 19 
61 27 131 167 53 
62 131 14 168 167 
63 167 168 37 169 
64 53 167 169 35 
65 43 135 170 69 
66 135 27 171 170 
67 170 171 53 172 
68 69 170 172 51 
69 139 43 174 173 
70 173 174 69 175 
71 85 173 175 67 
72 75 143 176 101 
73 143 59 177 176 
74 176 177 85 178 
75 101 176 178 83 
76 91 147 179 117 
77 147 75 180 179 
78 179 180 101 181 
79 117 179 181 99 
80 151 91 183 182 
81 182 183 117 184 
82 157 182 184 115 
83 122 186 185 162 
84 186 148 187 185 
85 185 187 151 188 
86 162 185 188 107 
87 189 191 157 192 
88 190 189 192 155 
89 159 195 193 194 
90 195 162 196 193 
91 193 196 107 197 
92 120 204 202 203 
93 204 119 160 202 
94 202 160 123 205 
95 203 202 205 5 
96 160 208 206 207 
97 208 159 194 206 
98 206 194 163 209 
99 207 206 209 123 
100 107 188 210 191 
101 188 151 211 210 
102 210 211 182 212 
103 191 210 212 157 
104 163 197 213 214 
105 197 107 215 213 
106 213 215 191 216 
107 214 213 216 189 
108 194 219 217 218 
109 219 193 220 217 
110 217 220 197 221 
111 218 217 221 163 
112 16 224 222 223 
113 224 15 32 222 
114 222 32 18 225 
115 223 222 225 6 
116 32 228 226 227 
117 228 31 48 226 
118 226 48 34 229 
119 227 226 229 18 
120 48 232 230 231 
121 232 47 64 230 
122 230 64 50 233 
123 231 230 233 34 
124 64 236 234 235 
125 236 63 80 234 
126 234 80 66 237 
127 235 234 237 50 
128 80 240 238 239 
129 239 238 241 66 
130 250 156 116 252 
131 251 250 252 152 
132 199 255 253 254 
133 255 198 256 253 
134 253 256 201 257 
135 254 253 257 114 
136 6 225 258 259 
137 225 18 45 258 
138 258 45 28 260 
139 259 258 260 29 
140 18 229 261 262 
141 229 34 61 261 
142 261 61 44 263 
143 262 261 263 45 
144 34 233 264 265 
145 233 50 77 264 
146 264 77 60 266 
147 265 264 266 61 
148 50 237 267 268 
149 237 66 93 267 
150 267 93 76 269 
151 268 267 269 77 
152 66 241 270 271 
153 270 109 92 272 
154 271 270 272 93 
155 273 153 108 275 
156 274 273 275 109 
157 276 251 152 278 
158 277 276 278 153 
159 281 199 254 279 
160 279 254 114 282 
161 282 114 293 291 
162 291 293 251 294 
163 292 291 294 276 
164 280 297 295 296 
165 297 279 298 295 
166 295 298 282 299 
167 296 295 299 249 
168 300 277 153 302 
169 301 300 302 273 
170 307 309 277 310 
171 308 307 310 300 
172 303 313 311 312 
173 313 288 314 311 
174 311 314 98 315 
175 312 311 315 306 
176 238 318 316 317 
177 318 96 243 316 
178 316 243 82 319 
179 317 316 319 241 
180 243 322 320 321 
181 321 320 323 82 
182 241 319 328 329 
183 319 82 274 328 
184 328 274 109 330 
185 329 328 330 270 
186 82 323 331 332 
187 331 301 273 333 
188 332 331 333 274 
189 334 308 300 336 
190 335 334 336 301 
191 324 339 337 338 
192 339 304 340 337 
193 337 340 286 341 
194 320 344 342 343 
195 344 284 325 342 
196 342 325 245 345 
197 343 342 345 323 
198 325 348 346 347 
199 348 324 338 346 
200 346 338 327 349 
201 347 346 349 245 
202 327 341 350 351 
203 341 286 352 350 
204 350 352 308 353 
205 351 350 353 334 
206 338 356 354 355 
207 356 337 357 354 
208 354 357 341 358 
209 355 354 358 327 
210 286 360 359 352 
211 360 306 361 359 
212 359 361 307 362 
213 352 359 362 308 
214 114 257 363 293 
215 257 201 364 363 
216 363 364 250 365 
217 293 363 365 251 
218 5 205 366 367 
219 205 123 190 366 
220 366 190 155 368 
221 367 366 368 156 
222 123 209 369 370 
223 209 163 214 369 
224 369 214 189 371 
225 370 369 371 190 
226 17 374 372 373 
227 374 7 375 372 
228 372 375 11 33 
229 373 372 33 15 
230 33 378 376 377 
231 378 11 379 376 
232 376 379 24 49 
233 377 376 49 31 
234 49 382 380 381 
235 382 24 383 380 
236 380 383 40 65 
237 381 380 65 47 
238 65 386 384 385 
239 386 40 387 384 
240 384 387 56 81 
241 385 384 81 63 
242 81 390 388 389 
243 390 56 391 388 
244 388 391 72 97 
245 389 388 97 79 
246 97 394 392 393 
247 394 72 395 392 
248 392 395 88 113 
249 393 392 113 95 
250 95 398 396 397 
251 398 113 399 396 
252 396 399 111 248 
253 397 396 248 112 
254 112 402 400 401 
255 402 248 403 400 
256 400 403 246 289 
257 401 400 289 247 
258 247 406 404 405 
259 406 289 407 404 
260 404 407 287 408 
261 79 411 409 410 
262 411 97 393 409 
263 409 393 95 244 
264 410 409 244 96 
265 244 414 412 413 
266 414 95 397 412 
267 412 397 112 285 
268 413 412 285 242 
269 285 417 415 416 
270 417 112 401 415 
271 415 401 247 305 
272 416 415 305 283 
273 305 420 418 419 
274 420 247 405 418 
275 418 405 288 313 
276 419 418 313 303 
277 421 292 276 422 
278 309 421 422 277 
279 288 408 423 314 
280 408 287 424 423 
281 423 424 290 425 
282 314 423 425 98 
283 405 428 426 427 
284 428 404 429 426 
285 426 429 408 430 
286 427 426 430 288 
287 289 432 431 407 
288 432 246 433 431 
289 431 433 280 434 
290 407 431 434 287 
291 74 436 435 142 
292 436 136 437 435 
293 435 437 139 438 
294 142 435 438 59 
295 7 440 439 375 
296 440 12 441 439 
297 439 441 10 25 
298 375 439 25 11 
299 12 443 442 441 
300 443 2 444 442 
301 442 444 13 125 
302 441 442 125 10 
303 1 447 445 446 
304 447 17 373 445 
305 445 373 15 224 
306 446 445 224 16 
307 11 449 448 379 
308 449 25 450 448 
309 448 450 23 41 
310 379 448 41 24 
311 25 452 451 450 
312 452 10 453 451 
313 451 453 26 129 
314 450 451 129 23 
315 15 456 454 455 
316 456 33 377 454 
317 454 377 31 228 
318 455 454 228 32 
319 24 458 457 383 
320 458 41 459 457 
321 457 459 39 57 
322 383 457 57 40 
323 41 461 460 459 
324 461 23 462 460 
325 460 462 42 133 
326 459 460 133 39 
327 31 465 463 464 
328 465 49 381 463 
329 463 381 47 232 
330 464 463 232 48 
331 40 467 466 387 
332 467 57 468 466 
333 466 468 55 73 
334 387 466 73 56 
335 57 470 469 468 
336 470 39 471 469 
337 469 471 58 137 
338 468 469 137 55 
339 47 474 472 473 
340 474 65 385 472 
341 472 385 63 236 
342 473 472 236 64 
343 56 476 475 391 
344 476 73 477 475 
345 475 477 71 89 
346 391 475 89 72 
347 73 479 478 477 
348 479 55 480 478 
349 478 480 74 141 
350 477 478 141 71 
351 63 483 481 482 
352 483 81 389 481 
353 481 389 79 240 
354 482 481 240 80 
355 72 485 484 395 
356 485 89 486 484 
357 484 486 87 105 
358 395 484 105 88 
359 89 488 487 486 
360 488 71 489 487 
361 487 489 90 145 
362 486 487 145 87 
363 113 491 490 399 
364 491 88 492 490 
365 490 492 104 200 
366 399 490 200 111 
367 55 494 493 480 
368 494 137 495 493 
369 493 495 136 436 
370 480 493 436 74 
371 59 438 496 177 
372 438 139 497 496 
373 496 497 173 498 
374 177 496 498 85 
375 198 500 499 256 
376 500 120 203 499 
377 499 203 5 501 
378 256 499 501 201 
379 240 504 502 503 
380 504 79 410 502 
381 502 410 96 318 
382 503 502 318 238 
383 96 507 505 506 
384 507 244 413 505 
385 505 413 242 322 
386 506 505 322 243 
387 248 509 508 403 
388 509 111 510 508 
389 508 510 199 281 
390 403 508 281 246 
391 201 501 511 364 
392 501 5 367 511 
393 511 367 156 512 
394 364 511 512 250 
395 246 514 513 433 
396 514 281 515 513 
397 513 515 279 297 
398 433 513 297 280 
399 242 518 516 517 
400 518 285 416 516 
401 516 416 283 326 
402 517 516 326 284 
403 287 434 519 424 
404 434 280 296 519 
405 519 296 249 520 
406 424 519 520 290 
407 304 522 521 340 
408 522 303 312 521 
409 521 312 306 360 
410 340 521 360 286 
411 306 315 523 361 
412 315 98 524 523 
413 523 524 309 525 
414 361 523 525 307 
415 322 528 526 527 
416 528 242 517 526 
417 526 517 284 344 
418 527 526 344 320 
419 323 345 529 530 
420 345 245 335 529 
421 529 335 301 531 
422 530 529 531 331 
423 245 349 532 533 
424 349 327 351 532 
425 532 351 334 534 
426 533 532 534 335 
427 98 425 535 524 
428 425 290 536 535 
429 535 536 421 537 
430 524 535 537 309 
431 290 520 538 536 
432 520 249 539 538 
433 538 539 292 540 
434 536 538 540 421 
435 88 542 541 492 
436 542 105 543 541 
437 541 543 103 121 
438 492 541 121 104 
439 105 545 544 543 
440 545 87 546 544 
441 544 546 106 149 
442 543 544 149 103 
443 111 548 547 510 
444 548 200 549 547 
445 547 549 198 255 
446 510 547 255 199 
447 200 551 550 549 
448 551 104 552 550 
449 550 552 120 500 
450 549 550 500 198 
451 249 299 553 539 
452 299 282 554 553 
453 553 554 291 555 
454 539 553 555 292 
455 283 558 556 557 
456 558 305 419 556 
457 556 419 303 522 
458 557 556 522 304 
459 326 561 559 560 
460 561 283 557 559 
461 559 557 304 339 
462 560 559 339 324 
463 104 563 562 552 
464 563 121 564 562 
465 562 564 119 204 
466 552 562 204 120 
467 121 566 565 564 
468 566 103 567 565 
469 565 567 122 161 
470 564 565 161 119 
471 103 569 568 567 
472 569 149 570 568 
473 568 570 148 186 
474 567 568 186 122 
475 284 573 571 572 
476 573 326 560 571 
477 571 560 324 348 
478 572 571 348 325 
