2 0.000000 100.000000 5791.461216
573 478 
1 -20.101635 0.000000 -20.151635 97.512126 -0.000010 -22.190289 -0.000102 
2 20.964375 0.000000 -20.151635 97.520020 0.000009 -22.146743 -0.000063 
3 20.964375 0.000000 20.168012 97.505663 0.000009 -22.172418 0.000103 
4 -20.101635 0.000000 20.168012 97.503412 -0.000005 -22.190876 0.000065 
5 0.431370 0.000000 0.008188 99.030191 0.416779 -4.802821 0.016978 
6 -20.101635 0.000000 0.008188 97.508218 -0.000022 -22.195861 -0.000051 
7 0.431370 0.000000 -20.151635 97.522807 -0.000002 -22.174475 -0.000241 
8 20.964375 0.000000 0.008188 97.601629 -0.000270 -21.761430 0.000036 
9 0.431370 0.000000 20.168012 97.496818 0.000009 -22.179755 0.000243 
10 10.697873 0.000000 -10.071724 97.556568 0.000063 -22.027470 -0.000249 
11 0.431370 0.000000 -10.071724 97.568817 0.000017 -22.130794 -0.000945 
12 10.697873 0.000000 -20.151635 97.521620 0.000008 -22.159248 -0.000150 
13 20.964375 0.000000 -10.071724 97.578392 0.000093 -21.885591 -0.000052 
14 10.697873 0.000000 0.008188 97.771701 -0.001376 -20.974756 0.000075 
15 -9.835133 0.000000 -10.071724 97.527307 -0.000035 -22.192011 -0.000406 
16 -20.101635 0.000000 -10.071724 97.512389 -0.000018 -22.193191 -0.000120 
17 -9.835133 0.000000 -20.151635 97.517490 -0.000011 -22.186602 -0.000191 
18 -9.835133 0.000000 0.008188 97.511367 -0.000074 -22.214128 -0.000193 
19 10.697873 0.000000 10.088100 97.501574 0.000036 -22.121056 0.000410 
20 0.431370 0.000000 10.088100 97.466673 0.000048 -22.150061 0.000962 
21 20.964375 0.000000 10.088100 97.512308 0.000009 -22.138856 0.000122 
22 10.697873 0.000000 20.168012 97.501103 0.000014 -22.172490 0.000192 
23 5.564621 0.000000 -5.031768 97.678024 -0.000477 -21.646977 -0.000959 
24 0.431370 0.000000 -5.031768 97.737110 0.002660 -21.978550 -0.003560 
25 5.564621 0.000000 -10.071724 97.563581 0.000058 -22.073107 -0.000587 
26 10.697873 0.000000 -5.031768 97.717339 0.000430 -21.301303 -0.000242 
27 5.564621 0.000000 0.008188 97.970610 -0.002734 -19.941200 0.000411 
28 -9.835133 0.000000 10.088100 97.492581 -0.000017 -22.194105 0.000262 
29 -20.101635 0.000000 10.088100 97.503735 -0.000013 -22.193636 0.000046 
30 -9.835133 0.000000 20.168012 97.499488 -0.000002 -22.188301 0.000153 
31 -4.701881 0.000000 -5.031768 97.585788 0.000120 -22.199933 -0.001582 
32 -9.835133 0.000000 -5.031768 97.528154 -0.000061 -22.203629 -0.000474 
33 -4.701881 0.000000 -10.071724 97.548370 -0.000030 -22.177652 -0.000753 
34 -4.701881 0.000000 0.008188 97.520261 0.000050 -22.286217 -0.000688 
35 5.564621 0.000000 5.048144 97.483593 0.000016 -21.929203 0.001606 
36 0.431370 0.000000 5.048144 97.352447 0.001520 -22.039418 0.003677 
37 10.697873 0.000000 5.048144 97.526668 0.000012 -21.993067 0.000485 
38 5.564621 0.000000 10.088100 97.483549 0.000057 -22.121530 0.000760 
39 2.997996 0.000000 -2.511790 97.985473 0.001685 -20.809073 -0.003417 
40 0.431370 0.000000 -2.511790 98.284395 0.006660 -21.561047 -0.012470 
41 2.997996 0.000000 -5.031768 97.711772 0.002985 -21.783838 -0.002213 
42 5.564621 0.000000 -2.511790 97.943804 0.000424 -20.394809 -0.000894 
43 2.997996 0.000000 0.008188 97.978663 0.001656 -19.248823 0.002966 
44 -4.701881 0.000000 5.048144 97.449294 0.000178 -22.206267 0.001052 
45 -9.835133 0.000000 5.048144 97.493690 -0.000043 -22.205085 0.000191 
46 -4.701881 0.000000 10.088100 97.477026 0.000002 -22.183747 0.000611 
47 -2.135256 0.000000 -2.511790 97.807114 0.003003 -22.248997 -0.006125 
48 -4.701881 0.000000 -2.511790 97.587368 0.000041 -22.246090 -0.001818 
49 -2.135256 0.000000 -5.031768 97.664966 0.000165 -22.146965 -0.002893 
50 -2.135256 0.000000 0.008188 97.529508 0.000791 -22.585837 -0.002212 
51 2.997996 0.000000 2.528166 97.393442 0.000595 -21.334662 0.005935 
52 0.431370 0.000000 2.528166 96.944463 -0.002379 -21.693584 0.013116 
53 5.564621 0.000000 2.528166 97.564048 -0.002455 -21.511896 0.001849 
54 2.997996 0.000000 5.048144 97.415421 0.000287 -21.933102 0.002917 
55 1.714683 0.000000 -1.251801 98.530364 -0.001386 -19.630268 -0.009358 
56 0.431370 0.000000 -1.251801 99.619884 0.014565 -20.674041 -0.035154 
57 1.714683 0.000000 -2.511790 98.160067 0.002558 -21.054639 -0.007870 
58 2.997996 0.000000 -1.251801 98.186366 -0.001867 -19.552576 -0.002287 
59 1.714683 0.000000 0.008188 97.669927 0.024767 -19.050106 0.009768 
60 -2.135256 0.000000 2.528166 97.272878 -0.001411 -22.258950 0.004253 
61 -4.701881 0.000000 2.528166 97.452410 0.000110 -22.249337 0.000799 
62 -2.135256 0.000000 5.048144 97.389628 0.000274 -22.165585 0.002395 
63 -0.851943 0.000000 -1.251801 98.561553 0.002707 -22.495191 -0.022041 
64 -2.135256 0.000000 -1.251801 97.807684 0.001967 -22.444164 -0.007008 
65 -0.851943 0.000000 -2.511790 98.090993 0.001613 -22.075891 -0.010919 
66 -0.851943 0.000000 0.008188 97.401289 -0.001489 -23.669532 -0.004726 
67 1.714683 0.000000 1.268177 97.023792 0.010682 -20.146174 0.018052 
68 0.431370 0.000000 1.268177 96.060305 0.008414 -20.905260 0.033539 
69 2.997996 0.000000 1.268177 97.538774 -0.000061 -20.428867 0.006885 
70 1.714683 0.000000 2.528166 97.144452 0.000964 -21.356437 0.010686 
71 1.073026 0.000000 -0.621806 99.263038 0.025780 -18.000293 -0.017716 
72 0.431370 0.000000 -0.621806 101.718451 0.033723 -18.417100 -0.068583 
73 1.073026 0.000000 -1.251801 99.054892 0.016417 -19.829253 -0.020507 
74 1.714683 0.000000 -0.621806 98.396351 -0.003841 -18.819874 -0.003603 
75 1.073026 0.000000 0.008188 97.075479 0.070776 -18.844656 0.022123 
76 -0.851943 0.000000 1.268177 96.604661 0.001802 -22.442144 0.016389 
77 -2.135256 0.000000 1.268177 97.268437 -0.000159 -22.437948 0.003539 
78 -0.851943 0.000000 2.528166 97.046913 -0.001024 -22.108754 0.009310 
79 -0.210286 0.000000 -0.621806 100.980878 0.031884 -23.015774 -0.072686 
80 -0.851943 0.000000 -0.621806 98.433468 0.010314 -23.082378 -0.022194 
81 -0.210286 0.000000 -1.251801 99.415099 0.005031 -21.960899 -0.036564 
82 -0.210286 0.000000 0.008188 95.430823 -0.009188 -30.261055 -0.002277 
83 1.073026 0.000000 0.638183 96.226027 0.008874 -18.592027 0.039489 
84 0.431370 0.000000 0.638183 94.774381 0.020650 -19.204021 0.064902 
85 1.714683 0.000000 0.638183 97.211082 0.007338 -19.064299 0.018656 
86 1.073026 0.000000 1.268177 96.438591 0.000630 -20.229268 0.029037 
87 0.752198 0.000000 -0.306809 99.030212 0.044512 -16.330447 -0.007367 
88 0.431370 0.000000 -0.306809 102.966498 0.100109 -13.859636 -0.079420 
89 0.752198 0.000000 -0.621806 99.992326 0.023899 -17.982028 -0.032182 
90 1.073026 0.000000 -0.306809 98.328279 0.000611 -18.086797 0.000442 
91 0.752198 0.000000 0.008188 95.881518 0.161545 -17.823612 0.048903 
92 -0.210286 0.000000 0.638183 94.374148 0.012917 -22.421821 0.059078 
93 -0.851943 0.000000 0.638183 96.605057 -0.005935 -22.908272 0.014267 
94 -0.210286 0.000000 1.268177 96.066897 -0.006513 -21.899739 0.029155 
95 0.110542 0.000000 -0.306809 107.827813 0.025695 -19.767510 -0.201759 
96 -0.210286 0.000000 -0.306809 102.080981 -0.016121 -25.996144 -0.109633 
97 0.110542 0.000000 -0.621806 102.444266 0.031459 -20.916741 -0.093234 
98 0.110542 0.000000 0.008188 20.909444 -8.291133 -1.743495 0.949101 
99 0.752198 0.000000 0.323185 95.684287 0.030888 -17.691849 0.053151 
100 0.431370 0.000000 0.323185 93.950626 0.087459 -16.512380 0.090061 
101 1.073026 0.000000 0.323185 96.599181 0.030306 -17.949291 0.034642 
102 0.752198 0.000000 0.638183 95.567007 0.028784 -18.770309 0.051462 
103 0.591784 0.000000 -0.149310 97.847804 0.083871 -13.657714 0.023927 
104 0.431370 0.000000 -0.149310 101.004579 0.108545 -9.477087 -0.029175 
105 0.591784 0.000000 -0.306809 100.197139 0.069669 -15.081036 -0.026691 
106 0.752198 0.000000 -0.149310 97.509995 0.041063 -16.665893 0.021405 
107 0.591784 0.000000 0.008188 74.057565 1.445785 -13.048731 0.434312 
108 0.110542 0.000000 0.323185 89.888076 0.065747 -17.819794 0.160258 
109 -0.210286 0.000000 0.323185 92.602019 0.017664 -24.055791 0.084618 
110 0.110542 0.000000 0.638183 93.956155 0.015533 -20.553668 0.074979 
111 0.270956 0.000000 -0.149310 107.555910 0.089146 -7.927818 -0.163113 
112 0.110542 0.000000 -0.149310 116.580719 0.093535 -17.120472 -0.388418 
113 0.270956 0.000000 -0.306809 105.849572 0.055489 -15.304702 -0.143837 
114 0.270956 0.000000 0.008188 101.151658 0.092086 1.700868 -0.023456 
115 0.591784 0.000000 0.165687 95.266450 0.114762 -17.683463 0.061159 
116 0.431370 0.000000 0.165687 96.096681 0.187808 -16.053966 0.050766 
117 0.752198 0.000000 0.165687 95.655170 0.079180 -17.242858 0.055277 
118 0.591784 0.000000 0.323185 95.029241 0.083031 -17.369084 0.066775 
119 0.511577 0.000000 -0.070561 96.003115 0.112663 -9.938696 0.068461 
120 0.431370 0.000000 -0.070561 98.528474 0.142393 -6.805859 0.024580 
121 0.511577 0.000000 -0.149310 98.814378 0.126229 -11.792785 0.009663 
122 0.591784 0.000000 -0.070561 95.181585 0.077795 -13.569511 0.075633 
123 0.511577 0.000000 0.008188 95.284455 1.259174 -13.365956 0.074064 
124 15.831124 0.000000 -5.031768 97.869201 0.000383 -20.604850 -0.000294 
125 15.831124 0.000000 -10.071724 97.561572 0.000069 -21.972387 -0.000105 
126 20.964375 0.000000 -5.031768 98.070943 -0.012954 -19.711985 -0.000647 
127 15.831124 0.000000 0.008188 97.658805 -0.000567 -21.500187 0.000050 
128 8.131247 0.000000 -2.511790 98.037810 -0.002868 -19.877304 -0.000652 
129 8.131247 0.000000 -5.031768 97.682721 0.000292 -21.501885 -0.000424 
130 10.697873 0.000000 -2.511790 97.997350 -0.024010 -20.033742 -0.000483 
131 8.131247 0.000000 0.008188 97.862449 -0.001746 -20.533923 0.000130 
132 4.281308 0.000000 -1.251801 98.115930 -0.010448 -19.558127 -0.000926 
133 4.281308 0.000000 -2.511790 97.931666 0.001087 -20.615634 -0.001562 
134 5.564621 0.000000 -1.251801 97.884102 -0.026426 -20.513198 -0.000209 
135 4.281308 0.000000 0.008188 98.009536 -0.001923 -19.584819 0.001057 
136 2.356339 0.000000 -0.621806 98.107873 -0.020015 -19.481652 -0.000469 
137 2.356339 0.000000 -1.251801 98.268225 0.000822 -19.619796 -0.004158 
138 2.997996 0.000000 -0.621806 97.805927 -0.020992 -20.676686 0.000647 
139 2.356339 0.000000 0.008188 97.885349 0.008760 -19.157851 0.005144 
140 1.393855 0.000000 -0.306809 98.004145 -0.003934 -19.199171 0.002658 
141 1.393855 0.000000 -0.621806 98.634290 0.006326 -18.528550 -0.007203 
142 1.714683 0.000000 -0.306809 97.764879 -0.024334 -20.349084 0.002794 
143 1.393855 0.000000 0.008188 97.451278 0.042537 -19.004173 0.014209 
144 0.912612 0.000000 -0.149310 97.501633 0.010623 -18.406659 0.015463 
145 0.912612 0.000000 -0.306809 98.562356 0.032137 -17.394899 -0.001712 
146 1.073026 0.000000 -0.149310 97.513312 -0.038770 -19.408080 0.011448 
147 0.912612 0.000000 0.008188 96.673688 0.112117 -18.702252 0.030441 
148 0.671991 0.000000 -0.070561 95.947719 0.044970 -16.571821 0.051941 
149 0.671991 0.000000 -0.149310 97.503119 0.050861 -15.567756 0.025078 
150 0.752198 0.000000 -0.070561 96.534694 -0.017897 -17.507813 0.037453 
151 0.671991 0.000000 0.008188 94.942232 0.089390 -17.673593 0.067361 
152 0.270956 0.000000 0.165687 95.024626 0.135391 -11.697555 0.083347 
153 0.110542 0.000000 0.165687 86.263068 0.140311 -10.226688 0.245408 
154 0.270956 0.000000 0.323185 92.514562 0.115928 -16.149153 0.118025 
155 0.511577 0.000000 0.086937 96.402976 0.206046 -19.213402 0.033727 
156 0.431370 0.000000 0.086937 101.344113 0.453156 -21.938631 -0.075214 
157 0.591784 0.000000 0.086937 94.691267 0.151373 -18.394014 0.069520 
158 0.511577 0.000000 0.165687 95.392373 0.143621 -16.716852 0.062082 
159 0.551681 0.000000 -0.031187 92.969137 0.081730 -11.069336 0.123420 
160 0.511577 0.000000 -0.031187 93.848707 0.054538 -9.500147 0.110216 
161 0.551681 0.000000 -0.070561 95.310016 0.089748 -11.553450 0.078251 
162 0.591784 0.000000 -0.031187 92.948864 0.106681 -14.333841 0.115504 
163 0.551681 0.000000 0.008188 85.688828 2.395170 -18.169494 0.232156 
164 15.831124 0.000000 5.048144 97.530093 -0.000011 -22.043064 0.000198 
165 20.964375 0.000000 5.048144 97.527507 -0.000014 -22.076467 0.000102 
166 15.831124 0.000000 10.088100 97.509552 0.000019 -22.129936 0.000215 
167 8.131247 0.000000 2.528166 97.584915 -0.000366 -21.665959 0.000777 
168 10.697873 0.000000 2.528166 97.580189 -0.000152 -21.774697 0.000397 
169 8.131247 0.000000 5.048144 97.515213 -0.000178 -21.960311 0.000853 
170 4.281308 0.000000 1.268177 97.673230 -0.001180 -20.734850 0.003001 
171 5.564621 0.000000 1.268177 97.700363 -0.000779 -20.976255 0.001464 
172 4.281308 0.000000 2.528166 97.515588 0.000176 -21.419402 0.003192 
173 2.356339 0.000000 0.638183 97.591336 0.004634 -19.468000 0.009693 
174 2.997996 0.000000 0.638183 97.742906 -0.000653 -19.756408 0.005601 
175 2.356339 0.000000 1.268177 97.380247 0.002682 -20.299068 0.010504 
176 1.393855 0.000000 0.323185 97.142522 0.013559 -18.288356 0.022887 
177 1.714683 0.000000 0.323185 97.459557 0.008913 -18.623323 0.015481 
178 1.393855 0.000000 0.638183 96.871411 0.016562 -18.882111 0.025940 
179 0.912612 0.000000 0.165687 96.408126 0.067298 -17.847233 0.038695 
180 1.073026 0.000000 0.165687 96.842398 0.039518 -17.950860 0.029932 
181 0.912612 0.000000 0.323185 96.247153 0.036616 -17.923180 0.041524 
182 0.671991 0.000000 0.086937 95.093387 0.106685 -17.706023 0.064373 
183 0.752198 0.000000 0.086937 95.699282 0.099419 -17.420620 0.053816 
184 0.671991 0.000000 0.165687 95.347641 0.098796 -17.512868 0.060212 
185 0.631888 0.000000 -0.031187 94.442971 0.097648 -16.243124 0.081668 
186 0.631888 0.000000 -0.070561 95.526701 0.052085 -15.483534 0.063491 
187 0.671991 0.000000 -0.031187 95.307339 0.080195 -17.094032 0.062430 
188 0.631888 0.000000 0.008188 93.917056 0.107331 -17.395088 0.087699 
189 0.551681 0.000000 0.047563 94.681068 0.253224 -20.407044 0.061898 
190 0.511577 0.000000 0.047563 97.830523 1.102597 -27.279874 -0.031622 
191 0.591784 0.000000 0.047563 93.603174 0.185124 -18.878103 0.088203 
192 0.551681 0.000000 0.086937 95.188219 0.183794 -18.567988 0.059440 
193 0.571732 0.000000 -0.011499 77.916922 1.842557 -13.493287 0.374349 
194 0.551681 0.000000 -0.011499 83.382700 2.163875 -12.076204 0.289681 
195 0.571732 0.000000 -0.031187 92.499268 0.098838 -12.700770 0.128257 
196 0.591784 0.000000 -0.011499 91.512161 0.127614 -15.403088 0.138825 
197 0.571732 0.000000 0.008188 76.297645 1.685674 -13.740778 0.398702 
198 0.351163 0.000000 -0.070561 101.912691 0.213773 -3.575929 -0.039903 
199 0.270956 0.000000 -0.070561 105.092673 0.075558 -0.577933 -0.104481 
200 0.351163 0.000000 -0.149310 104.001713 0.161535 -7.984037 -0.088013 
201 0.351163 0.000000 0.008188 101.206862 0.171266 -1.946808 -0.024665 
202 0.471473 0.000000 -0.031187 96.732776 0.603664 -1.394143 0.064046 
203 0.431370 0.000000 -0.031187 98.734703 0.374891 -0.132790 0.025130 
204 0.471473 0.000000 -0.070561 97.127243 0.089972 -8.318741 0.049709 
205 0.471473 0.000000 0.008188 97.568859 0.631450 -8.350061 0.041020 
206 0.531629 0.000000 -0.011499 91.636111 1.886083 -7.960504 0.153590 
207 0.511577 0.000000 -0.011499 94.889059 1.122467 -5.405351 0.096559 
208 0.531629 0.000000 -0.031187 93.441911 0.040394 -10.575816 0.115676 
209 0.531629 0.000000 0.008188 91.480247 1.867986 -16.805574 0.134545 
210 0.631888 0.000000 0.047563 94.297239 0.139532 -18.072715 0.078139 
211 0.671991 0.000000 0.047563 94.939476 0.119014 -17.874737 0.066698 
212 0.631888 0.000000 0.086937 94.807470 0.121225 -18.070729 0.068498 
213 0.571732 0.000000 0.027875 92.364621 0.238022 -20.933398 0.103051 
214 0.551681 0.000000 0.027875 85.010185 2.239330 -26.407244 0.207091 
215 0.591784 0.000000 0.027875 92.501070 0.165426 -18.869139 0.108748 
216 0.571732 0.000000 0.047563 93.802141 0.219954 -19.937969 0.080359 
217 0.561706 0.000000 -0.001656 79.282058 1.872562 -13.046767 0.354063 
218 0.551681 0.000000 -0.001656 85.117041 2.381812 -11.128743 0.262557 
219 0.561706 0.000000 -0.011499 80.377991 1.953644 -11.431960 0.340487 
220 0.571732 0.000000 -0.001656 76.130585 1.655608 -13.211109 0.402686 
221 0.561706 0.000000 0.008188 80.538637 1.999054 -14.702216 0.329338 
222 -14.968384 0.000000 -5.031768 97.515052 -0.000035 -22.198073 -0.000194 
223 -20.101635 0.000000 -5.031768 97.510913 -0.000021 -22.194975 -0.000100 
224 -14.968384 0.000000 -10.071724 97.516985 -0.000026 -22.193775 -0.000213 
225 -14.968384 0.000000 0.008188 97.509092 -0.000037 -22.200604 -0.000089 
226 -7.268507 0.000000 -2.511790 97.537959 0.000058 -22.223128 -0.000752 
227 -9.835133 0.000000 -2.511790 97.522155 -0.000073 -22.210702 -0.000389 
228 -7.268507 0.000000 -5.031768 97.546051 -0.000081 -22.206181 -0.000835 
229 -7.268507 0.000000 0.008188 97.514116 -0.000012 -22.232942 -0.000331 
230 -3.418569 0.000000 -1.251801 97.619572 0.000090 -22.323852 -0.002794 
231 -4.701881 0.000000 -1.251801 97.562925 0.000037 -22.273582 -0.001464 
232 -3.418569 0.000000 -2.511790 97.653654 0.000108 -22.257853 -0.003165 
233 -3.418569 0.000000 0.008188 97.525919 0.000110 -22.359496 -0.001125 
234 -1.493599 0.000000 -0.621806 97.924797 -0.000529 -22.843496 -0.011109 
235 -2.135256 0.000000 -0.621806 97.706160 0.003188 -22.559854 -0.005544 
236 -1.493599 0.000000 -1.251801 98.047776 -0.003058 -22.510852 -0.012010 
237 -1.493599 0.000000 0.008188 97.516831 0.000115 -22.988549 -0.003801 
238 -0.531115 0.000000 -0.306809 98.915458 0.005096 -24.588580 -0.038887 
239 -0.851943 0.000000 -0.306809 98.059280 0.006663 -23.493637 -0.016757 
240 -0.531115 0.000000 -0.621806 99.347559 0.009262 -23.410194 -0.041797 
241 -0.531115 0.000000 0.008188 97.150077 0.000346 -25.032040 -0.006474 
242 -0.049872 0.000000 -0.149310 108.194537 0.096634 -30.179249 -0.261685 
243 -0.210286 0.000000 -0.149310 100.616565 -0.000313 -28.882247 -0.095788 
244 -0.049872 0.000000 -0.306809 105.271731 0.027964 -24.466882 -0.168077 
245 -0.049872 0.000000 0.008188 85.654072 0.127461 -48.083669 0.035132 
246 0.190749 0.000000 -0.070561 117.089724 -0.089944 10.593591 -0.382224 
247 0.110542 0.000000 -0.070561 126.034801 -0.105423 -21.757144 -0.635816 
248 0.190749 0.000000 -0.149310 113.053698 0.095621 -9.830103 -0.287778 
249 0.190749 0.000000 0.008188 96.503519 -0.501748 4.317556 0.066818 
250 0.351163 0.000000 0.086937 101.932670 0.221276 -15.181403 -0.062079 
251 0.270956 0.000000 0.086937 100.829598 0.301795 -8.777158 -0.024374 
252 0.351163 0.000000 0.165687 96.070620 0.228341 -13.899325 0.057719 
253 0.311059 0.000000 -0.031187 101.770284 0.122223 2.658412 -0.036427 
254 0.270956 0.000000 -0.031187 101.218029 0.056963 3.179684 -0.025520 
255 0.311059 0.000000 -0.070561 103.386251 0.103346 -2.733711 -0.069620 
256 0.351163 0.000000 -0.031187 101.064958 0.157963 1.939416 -0.021791 
257 0.311059 0.000000 0.008188 101.619464 0.129273 -0.311351 -0.032663 
258 -14.968384 0.000000 5.048144 97.502896 -0.000028 -22.198610 0.000041 
259 -20.101635 0.000000 5.048144 97.505437 -0.000018 -22.195227 0.000006 
260 -14.968384 0.000000 10.088100 97.500379 -0.000017 -22.194662 0.000107 
261 -7.268507 0.000000 2.528166 97.489789 0.000028 -22.224649 0.000181 
262 -9.835133 0.000000 2.528166 97.500348 -0.000061 -22.211485 0.000033 
263 -7.268507 0.000000 5.048144 97.480189 -0.000048 -22.208966 0.000437 
264 -3.418569 0.000000 1.268177 97.433636 0.000193 -22.324828 0.000829 
265 -4.701881 0.000000 1.268177 97.477572 0.000082 -22.274924 0.000195 
266 -3.418569 0.000000 2.528166 97.399164 0.000237 -22.263023 0.001776 
267 -1.493599 0.000000 0.638183 97.138951 0.001300 -22.810204 0.004372 
268 -2.135256 0.000000 0.638183 97.359726 -0.001836 -22.552067 0.001249 
269 -1.493599 0.000000 1.268177 97.075275 0.001740 -22.459496 0.007196 
270 -0.531115 0.000000 0.323185 95.801653 0.001324 -24.078096 0.024229 
271 -0.851943 0.000000 0.323185 96.831588 -0.008200 -23.343201 0.007874 
272 -0.531115 0.000000 0.638183 95.736273 -0.009392 -23.051113 0.030321 
273 -0.049872 0.000000 0.165687 84.940587 0.081297 -23.321398 0.224120 
274 -0.210286 0.000000 0.165687 92.041516 -0.019173 -26.926738 0.080331 
275 -0.049872 0.000000 0.323185 89.895338 -0.009291 -21.956185 0.143675 
276 0.190749 0.000000 0.086937 96.729486 0.597984 1.878597 0.063952 
277 0.110542 0.000000 0.086937 88.424824 0.804393 13.511959 0.199783 
278 0.190749 0.000000 0.165687 91.804887 0.153425 -9.485542 0.148186 
279 0.230852 0.000000 -0.031187 101.113293 0.043238 3.317287 -0.023490 
280 0.190749 0.000000 -0.031187 81.521222 -0.431510 69.842434 -0.152386 
281 0.230852 0.000000 -0.070561 107.434253 -0.001519 4.048233 -0.155851 
282 0.230852 0.000000 0.008188 95.578451 -0.193098 2.726727 0.085729 
283 0.030335 0.000000 -0.070561 127.229663 0.078824 -29.145523 -0.703685 
284 -0.049872 0.000000 -0.070561 107.597334 0.103447 -39.317023 -0.312303 
285 0.030335 0.000000 -0.149310 114.530952 0.093351 -25.334856 -0.375920 
286 0.030335 0.000000 0.008188 84.888372 1.171118 -14.700027 0.257650 
287 0.150645 0.000000 -0.031187 143.681482 -0.367468 -0.495046 -1.064475 
288 0.110542 0.000000 -0.031187 86.328529 -0.436669 -73.064486 -0.279122 
289 0.150645 0.000000 -0.070561 151.340981 -0.373152 -0.713105 -1.290474 
290 0.150645 0.000000 0.008188 15.479964 -7.979910 1.174704 0.969531 
291 0.230852 0.000000 0.047563 98.656718 0.452151 -1.860970 0.026318 
292 0.190749 0.000000 0.047563 96.678343 0.603163 1.996162 0.064895 
293 0.270956 0.000000 0.047563 100.967011 0.268030 -6.738418 -0.023982 
294 0.230852 0.000000 0.086937 98.576954 0.459003 -2.478156 0.027623 
295 0.210801 0.000000 -0.011499 58.624244 -0.659591 19.369074 0.618760 
296 0.190749 0.000000 -0.011499 38.937870 -0.637065 46.164185 0.635230 
297 0.210801 0.000000 -0.031187 101.145287 0.045400 3.318376 -0.024138 
298 0.230852 0.000000 -0.011499 95.136509 -0.248417 3.500242 0.093673 
299 0.210801 0.000000 0.008188 89.634114 -0.664157 3.969647 0.194953 
300 0.030335 0.000000 0.086937 68.591381 0.165900 -10.368029 0.518770 
301 -0.049872 0.000000 0.086937 79.296286 0.107721 -28.902100 0.287676 
302 0.030335 0.000000 0.165687 82.679628 0.113569 -16.336604 0.289718 
303 0.070438 0.000000 -0.031187 122.217548 0.102961 5.815010 -0.497095 
304 0.030335 0.000000 -0.031187 150.150072 0.895453 -11.651121 -1.268159 
305 0.070438 0.000000 -0.070561 125.491833 -0.000851 -20.460094 -0.616682 
306 0.070438 0.000000 0.008188 116.708038 -0.065135 6.190006 -0.365909 
307 0.070438 0.000000 0.047563 69.567401 0.928798 21.637101 0.469135 
308 0.030335 0.000000 0.047563 46.362020 1.035954 21.218233 0.739928 
309 0.110542 0.000000 0.047563 82.278342 0.870998 17.024104 0.293970 
310 0.070438 0.000000 0.086937 75.747657 0.962527 20.746607 0.383094 
311 0.090490 0.000000 -0.011499 104.438574 -0.474119 7.221788 -0.095979 
312 0.070438 0.000000 -0.011499 123.387619 0.129895 4.555665 -0.524528 
313 0.090490 0.000000 -0.031187 109.703737 -0.278838 6.666743 -0.207943 
314 0.110542 0.000000 -0.011499 47.599754 -0.446065 -55.406418 0.466419 
315 0.090490 0.000000 0.008188 109.213808 -0.293786 6.700089 -0.197263 
316 -0.370701 0.000000 -0.149310 98.724969 -0.018266 -26.596115 -0.045397 
317 -0.531115 0.000000 -0.149310 98.129966 0.005391 -24.993719 -0.025418 
318 -0.370701 0.000000 -0.306809 99.887430 0.006631 -25.297733 -0.061747 
319 -0.370701 0.000000 0.008188 96.661860 0.008459 -26.830580 -0.006340 
320 -0.130079 0.000000 -0.070561 99.981752 -0.059611 -33.550605 -0.112200 
321 -0.210286 0.000000 -0.070561 98.407101 -0.009736 -30.162300 -0.059372 
322 -0.130079 0.000000 -0.149310 103.118773 -0.034953 -30.155590 -0.154284 
323 -0.130079 0.000000 0.008188 93.496297 0.092561 -33.979145 0.010385 
324 -0.009769 0.000000 -0.031187 122.756670 0.148708 -58.695634 -0.851440 
325 -0.049872 0.000000 -0.031187 101.192944 0.116217 -47.240382 -0.247168 
326 -0.009769 0.000000 -0.070561 118.135430 0.106465 -38.982896 -0.547566 
327 -0.009769 0.000000 0.008188 57.670688 1.702406 -74.370289 0.114025 
328 -0.370701 0.000000 0.165687 95.048836 -0.002771 -25.731544 0.030361 
329 -0.531115 0.000000 0.165687 96.276861 0.004813 -24.694232 0.012096 
330 -0.370701 0.000000 0.323185 94.768443 0.013794 -24.187047 0.043393 
331 -0.130079 0.000000 0.086937 89.229824 -0.003260 -30.012169 0.113731 
332 -0.210286 0.000000 0.086937 93.112162 -0.026147 -28.636917 0.051005 
333 -0.130079 0.000000 0.165687 89.183012 0.017143 -26.241619 0.135777 
334 -0.009769 0.000000 0.047563 57.736801 0.174686 -30.804009 0.571754 
335 -0.049872 0.000000 0.047563 77.739772 0.123248 -36.996035 0.258781 
336 -0.009769 0.000000 0.086937 71.537047 0.135983 -22.578552 0.437264 
337 0.010283 0.000000 -0.011499 119.604024 1.565914 -66.710269 -0.875783 
338 -0.009769 0.000000 -0.011499 97.713221 1.765452 -91.796871 -0.797766 
339 0.010283 0.000000 -0.031187 150.938109 1.393152 -53.100958 -1.560397 
340 0.030335 0.000000 -0.011499 150.322159 1.006014 -20.505806 -1.301825 
341 0.010283 0.000000 0.008188 42.479858 1.534526 -47.056418 0.597880 
342 -0.089976 0.000000 -0.031187 97.625523 0.097313 -38.909383 -0.104469 
343 -0.130079 0.000000 -0.031187 96.937296 0.092385 -34.340610 -0.057613 
344 -0.089976 0.000000 -0.070561 102.266176 0.094316 -36.279009 -0.177455 
345 -0.089976 0.000000 0.008188 91.234085 0.097540 -38.539496 0.019104 
346 -0.029821 0.000000 -0.011499 95.827336 0.147971 -61.647300 -0.298329 
347 -0.049872 0.000000 -0.011499 94.006857 0.123208 -49.655781 -0.130300 
348 -0.029821 0.000000 -0.031187 107.413122 0.127302 -53.829193 -0.443518 
349 -0.029821 0.000000 0.008188 78.019351 0.161773 -59.100671 0.042007 
350 0.010283 0.000000 0.027875 12.355182 1.309633 -4.186619 0.982811 
351 -0.009769 0.000000 0.027875 -4.765241 1.572931 -42.008788 0.821008 
352 0.030335 0.000000 0.027875 36.571281 1.094139 17.625999 0.835067 
353 0.010283 0.000000 0.047563 48.443985 0.255848 -16.628419 0.737661 
354 0.000257 0.000000 -0.001656 70.277662 1.806083 -93.291287 -0.364548 
355 -0.009769 0.000000 -0.001656 63.396865 1.710432 -76.697562 0.009540 
356 0.000257 0.000000 -0.011499 106.440806 1.643050 -76.216200 -0.714125 
357 0.010283 0.000000 -0.001656 99.343059 1.590377 -66.366768 -0.427612 
358 0.000257 0.000000 0.008188 18.998229 1.657378 -61.648720 0.583576 
359 0.050386 0.000000 0.027875 57.721944 0.996965 22.018072 0.618239 
360 0.050386 0.000000 0.008188 138.079187 0.561297 1.289238 -0.906784 
361 0.070438 0.000000 0.027875 66.714476 0.972523 22.056416 0.506175 
362 0.050386 0.000000 0.047563 59.148708 0.991322 22.187652 0.600816 
363 0.311059 0.000000 0.047563 101.765630 0.194084 -8.810250 -0.043390 
364 0.351163 0.000000 0.047563 101.861494 0.230504 -13.364838 -0.055444 
365 0.311059 0.000000 0.086937 101.789064 0.228623 -12.359984 -0.051384 
366 0.471473 0.000000 0.047563 100.239072 0.563545 -24.212451 -0.063443 
367 0.431370 0.000000 0.047563 100.949985 0.443199 -20.301026 -0.060323 
368 0.471473 0.000000 0.086937 97.454799 0.242709 -18.334987 0.016633 
369 0.531629 0.000000 0.027875 94.279003 1.787878 -27.755400 0.033791 
370 0.511577 0.000000 0.027875 97.345675 1.123208 -24.137735 -0.006007 
371 0.531629 0.000000 0.047563 95.982547 0.282590 -21.246263 0.033587 
372 -4.701881 0.000000 -15.111679 97.529481 -0.000015 -22.178974 -0.000391 
373 -9.835133 0.000000 -15.111679 97.521839 -0.000019 -22.187610 -0.000280 
374 -4.701881 0.000000 -20.151635 97.520730 -0.000008 -22.181706 -0.000232 
375 0.431370 0.000000 -15.111679 97.534924 -0.000000 -22.162863 -0.000425 
376 -2.135256 0.000000 -7.551746 97.594447 -0.000069 -22.148988 -0.001525 
377 -4.701881 0.000000 -7.551746 97.565184 -0.000049 -22.182007 -0.001101 
378 -2.135256 0.000000 -10.071724 97.560940 -0.000012 -22.158653 -0.000914 
379 0.431370 0.000000 -7.551746 97.614588 0.000105 -22.088302 -0.001650 
380 -0.851943 0.000000 -3.771779 97.828461 0.002704 -22.050763 -0.005664 
381 -2.135256 0.000000 -3.771779 97.725757 -0.001004 -22.166630 -0.004168 
382 -0.851943 0.000000 -5.031768 97.710495 -0.001077 -22.077648 -0.003476 
383 0.431370 0.000000 -3.771779 97.905898 0.002813 -21.849288 -0.006296 
384 -0.210286 0.000000 -1.881795 98.598924 -0.005426 -21.819621 -0.019784 
385 -0.851943 0.000000 -1.881795 98.267259 0.000231 -22.158893 -0.014747 
386 -0.210286 0.000000 -2.511790 98.232559 0.002498 -21.854684 -0.012726 
387 0.431370 0.000000 -1.881795 98.719564 -0.004904 -21.267639 -0.019786 
388 0.110542 0.000000 -0.936804 100.562235 0.022666 -21.164754 -0.056071 
389 -0.210286 0.000000 -0.936804 99.904539 0.033342 -22.195954 -0.047358 
390 0.110542 0.000000 -1.251801 99.619374 0.012532 -21.344502 -0.037961 
391 0.431370 0.000000 -0.936804 100.484957 0.021384 -19.970565 -0.049605 
392 0.270956 0.000000 -0.464308 103.853675 0.039771 -18.215100 -0.111738 
393 0.110542 0.000000 -0.464308 104.435487 0.019058 -20.611578 -0.133161 
394 0.270956 0.000000 -0.621806 102.298909 0.061236 -19.523337 -0.084623 
395 0.431370 0.000000 -0.464308 102.234081 0.047079 -16.962398 -0.073953 
396 0.190749 0.000000 -0.228060 109.337715 0.097587 -14.958492 -0.217850 
397 0.110542 0.000000 -0.228060 110.565011 0.091845 -18.930927 -0.258301 
398 0.190749 0.000000 -0.306809 107.357163 0.052661 -17.132292 -0.181908 
399 0.270956 0.000000 -0.228060 107.294673 0.107017 -12.233031 -0.166181 
400 0.150645 0.000000 -0.109936 120.589392 0.040787 -9.548768 -0.463298 
401 0.110542 0.000000 -0.109936 121.472145 0.049558 -16.356266 -0.502301 
402 0.150645 0.000000 -0.149310 115.529033 0.089614 -12.996134 -0.351587 
403 0.190749 0.000000 -0.109936 115.565987 0.053987 -4.208989 -0.337322 
404 0.130593 0.000000 -0.050874 140.172203 -0.370380 -37.486440 -1.105362 
405 0.110542 0.000000 -0.050874 113.554251 -0.384189 -65.067665 -0.712852 
406 0.130593 0.000000 -0.070561 135.897367 -0.368534 -48.850229 -1.085458 
407 0.150645 0.000000 -0.050874 145.574775 -0.368678 0.054764 -1.119215 
408 0.130593 0.000000 -0.031187 126.289444 -0.380926 -48.471741 -0.829868 
409 -0.049872 0.000000 -0.464308 103.348910 -0.005092 -22.888029 -0.120486 
410 -0.210286 0.000000 -0.464308 101.693455 0.020240 -24.097899 -0.092227 
411 -0.049872 0.000000 -0.621806 102.041533 0.034304 -22.247067 -0.090741 
412 0.030335 0.000000 -0.228060 109.390636 0.090455 -23.274655 -0.250803 
413 -0.049872 0.000000 -0.228060 106.688949 -0.029927 -26.365958 -0.207770 
414 0.030335 0.000000 -0.306809 107.051351 0.001850 -22.508009 -0.196660 
415 0.070438 0.000000 -0.109936 120.895824 0.075540 -21.497608 -0.507795 
416 0.030335 0.000000 -0.109936 119.032646 0.089765 -27.223416 -0.490989 
417 0.070438 0.000000 -0.149310 116.230560 0.088283 -21.348711 -0.396532 
418 0.090490 0.000000 -0.050874 118.760460 -0.214920 -22.191019 -0.459653 
419 0.070438 0.000000 -0.050874 125.950069 -0.089722 -16.886798 -0.614859 
420 0.090490 0.000000 -0.070561 123.945364 -0.061542 -20.544785 -0.578455 
421 0.150645 0.000000 0.047563 91.869423 0.764330 8.921292 0.147984 
422 0.150645 0.000000 0.086937 92.088548 0.755194 8.631174 0.144463 
423 0.130593 0.000000 -0.011499 135.897367 -0.368534 -48.850229 -1.085458 
424 0.150645 0.000000 -0.011499 151.340981 -0.373152 -0.713105 -1.290474 
425 0.130593 0.000000 0.008188 16.705214 -7.968608 -1.836350 0.965406 
426 0.120568 0.000000 -0.041030 115.375250 -0.375946 -63.962537 -0.740280 
427 0.110542 0.000000 -0.041030 100.930607 -0.407532 -69.124075 -0.496529 
428 0.120568 0.000000 -0.050874 122.121547 -0.378151 -53.338332 -0.775879 
429 0.130593 0.000000 -0.041030 128.767543 -0.377300 -47.848728 -0.887072 
430 0.120568 0.000000 -0.031187 107.291740 -0.402460 -61.119182 -0.524723 
431 0.170697 0.000000 -0.050874 135.864135 -0.356539 36.108026 -0.976298 
432 0.170697 0.000000 -0.070561 131.418886 -0.351951 46.150108 -0.940088 
433 0.190749 0.000000 -0.050874 108.509242 -0.372019 61.645806 -0.557460 
434 0.170697 0.000000 -0.031187 117.874258 -0.370245 49.347830 -0.632969 
435 2.035511 0.000000 -0.306809 97.570160 0.069643 -21.290868 0.002676 
436 2.035511 0.000000 -0.621806 98.228659 -0.013599 -19.137590 -0.001512 
437 2.356339 0.000000 -0.306809 97.623867 0.103813 -21.088457 0.002485 
438 2.035511 0.000000 0.008188 97.800196 0.013777 -19.199492 0.006650 
439 5.564621 0.000000 -15.111679 97.534340 0.000014 -22.144365 -0.000332 
440 5.564621 0.000000 -20.151635 97.522848 0.000004 -22.166452 -0.000206 
441 10.697873 0.000000 -15.111679 97.531231 0.000020 -22.128819 -0.000203 
442 15.831124 0.000000 -15.111679 97.529821 0.000021 -22.114545 -0.000112 
443 15.831124 0.000000 -20.151635 97.520453 0.000009 -22.152960 -0.000099 
444 20.964375 0.000000 -15.111679 97.531019 0.000021 -22.097852 -0.000061 
445 -14.968384 0.000000 -15.111679 97.516089 -0.000017 -22.190720 -0.000182 
446 -20.101635 0.000000 -15.111679 97.512605 -0.000014 -22.191485 -0.000117 
447 -14.968384 0.000000 -20.151635 97.514428 -0.000012 -22.189177 -0.000142 
448 2.997996 0.000000 -7.551746 97.611285 -0.000035 -22.020036 -0.001284 
449 2.997996 0.000000 -10.071724 97.568674 0.000044 -22.100200 -0.000807 
450 5.564621 0.000000 -7.551746 97.598272 0.000175 -21.964447 -0.000786 
451 8.131247 0.000000 -7.551746 97.591384 0.000134 -21.915881 -0.000438 
452 8.131247 0.000000 -10.071724 97.558690 0.000062 -22.049911 -0.000390 
453 10.697873 0.000000 -7.551746 97.593705 0.000139 -21.861494 -0.000246 
454 -7.268507 0.000000 -7.551746 97.542793 -0.000054 -22.193934 -0.000717 
455 -9.835133 0.000000 -7.551746 97.529131 -0.000047 -22.196814 -0.000463 
456 -7.268507 0.000000 -10.071724 97.536374 -0.000036 -22.187680 -0.000564 
457 1.714683 0.000000 -3.771779 97.882765 0.002793 -21.631394 -0.004895 
458 1.714683 0.000000 -5.031768 97.733544 0.003108 -21.873251 -0.003028 
459 2.997996 0.000000 -3.771779 97.813992 0.000802 -21.478227 -0.002889 
460 4.281308 0.000000 -3.771779 97.777115 0.000424 -21.357262 -0.001650 
461 4.281308 0.000000 -5.031768 97.690281 0.001389 -21.711975 -0.001480 
462 5.564621 0.000000 -3.771779 97.767634 0.002311 -21.237366 -0.000954 
463 -3.418569 0.000000 -3.771779 97.643536 0.000106 -22.209354 -0.002752 
464 -4.701881 0.000000 -3.771779 97.592176 0.000045 -22.219168 -0.001792 
465 -3.418569 0.000000 -5.031768 97.620226 0.000086 -22.183945 -0.002184 
466 1.073026 0.000000 -1.881795 98.578896 -0.003418 -20.778013 -0.014952 
467 1.073026 0.000000 -2.511790 98.256596 0.003057 -21.272071 -0.010686 
468 1.714683 0.000000 -1.881795 98.328752 0.002473 -20.516052 -0.008945 
469 2.356339 0.000000 -1.881795 98.194655 0.002793 -20.335667 -0.005573 
470 2.356339 0.000000 -2.511790 98.076957 0.008831 -20.894067 -0.005565 
471 2.997996 0.000000 -1.881795 98.111413 0.006939 -20.212744 -0.003440 
472 -1.493599 0.000000 -1.881795 98.015415 0.002923 -22.305075 -0.010454 
473 -2.135256 0.000000 -1.881795 97.835327 0.007698 -22.336717 -0.007068 
474 -1.493599 0.000000 -2.511790 97.942702 0.010883 -22.202681 -0.008573 
475 0.752198 0.000000 -0.936804 99.800944 0.056764 -19.298668 -0.033267 
476 0.752198 0.000000 -1.251801 99.384673 0.020776 -20.141305 -0.028299 
477 1.073026 0.000000 -0.936804 99.163433 0.006760 -19.116599 -0.019883 
478 1.393855 0.000000 -0.936804 98.818778 0.013749 -19.051549 -0.012811 
479 1.393855 0.000000 -1.251801 98.761763 0.005611 -19.680344 -0.014120 
480 1.714683 0.000000 -0.936804 98.544281 0.002520 -19.116856 -0.007643 
481 -0.531115 0.000000 -0.936804 99.067595 0.018523 -22.606145 -0.032543 
482 -0.851943 0.000000 -0.936804 98.629843 0.008463 -22.798179 -0.024760 
483 -0.531115 0.000000 -1.251801 98.942779 0.011577 -22.324308 -0.028805 
484 0.591784 0.000000 -0.464308 100.826356 0.005823 -16.673923 -0.044397 
485 0.591784 0.000000 -0.621806 100.707056 0.041376 -18.038768 -0.046731 
486 0.752198 0.000000 -0.464308 99.867000 0.026052 -16.986066 -0.026194 
487 0.912612 0.000000 -0.464308 99.251306 0.032372 -17.463668 -0.015580 
488 0.912612 0.000000 -0.621806 99.700848 0.014407 -17.860268 -0.025925 
489 1.073026 0.000000 -0.464308 98.974214 0.002178 -17.681550 -0.010853 
490 0.351163 0.000000 -0.228060 104.333305 0.087948 -11.844969 -0.102575 
491 0.351163 0.000000 -0.306809 104.274226 0.096687 -14.287644 -0.107726 
492 0.431370 0.000000 -0.228060 102.221480 0.120841 -12.072797 -0.059500 
493 2.035511 0.000000 -0.936804 98.374079 -0.003839 -19.194270 -0.004588 
494 2.035511 0.000000 -1.251801 98.383063 -0.001562 -19.604074 -0.006355 
495 2.356339 0.000000 -0.936804 98.259664 -0.003535 -19.293932 -0.002722 
496 2.035511 0.000000 0.323185 97.659013 0.007084 -18.974625 0.010268 
497 2.356339 0.000000 0.323185 97.760056 0.004691 -19.116254 0.007754 
498 2.035511 0.000000 0.638183 97.447075 0.007851 -19.287019 0.013208 
499 0.391266 0.000000 -0.031187 100.452186 0.187785 1.325305 -0.009243 
500 0.391266 0.000000 -0.070561 100.150644 0.190627 -5.149293 -0.005670 
501 0.391266 0.000000 0.008188 100.161781 0.275915 -3.556006 -0.004510 
502 -0.370701 0.000000 -0.464308 100.168308 0.023057 -24.133808 -0.061613 
503 -0.531115 0.000000 -0.464308 99.273727 0.011373 -23.936031 -0.042821 
504 -0.370701 0.000000 -0.621806 100.083461 0.012487 -23.334750 -0.056121 
505 -0.130079 0.000000 -0.228060 103.681320 0.035078 -27.312663 -0.149580 
506 -0.210286 0.000000 -0.228060 101.753158 -0.001584 -27.399329 -0.110443 
507 -0.130079 0.000000 -0.306809 103.875204 0.011483 -25.830575 -0.145728 
508 0.230852 0.000000 -0.109936 110.341674 0.078127 -3.518978 -0.218767 
509 0.230852 0.000000 -0.149310 110.144824 0.090208 -8.249833 -0.219995 
510 0.270956 0.000000 -0.109936 107.069123 0.094271 -4.435098 -0.148348 
511 0.391266 0.000000 0.047563 101.658695 0.309940 -18.143374 -0.066377 
512 0.391266 0.000000 0.086937 102.067913 0.218855 -17.678142 -0.073042 
513 0.210801 0.000000 -0.050874 103.783983 -0.191165 16.852867 -0.105517 
514 0.210801 0.000000 -0.070561 110.540111 -0.051727 7.610213 -0.227703 
515 0.230852 0.000000 -0.050874 100.279629 -0.013091 3.288910 -0.006682 
516 -0.009769 0.000000 -0.109936 114.228531 0.097340 -31.996061 -0.407191 
517 -0.049872 0.000000 -0.109936 108.574473 0.090064 -33.551637 -0.291414 
518 -0.009769 0.000000 -0.149310 111.545629 0.091201 -28.415655 -0.324989 
519 0.170697 0.000000 -0.011499 106.470608 -0.384995 59.885420 -0.492240 
520 0.170697 0.000000 0.008188 96.118276 0.731751 3.292679 0.074990 
521 0.050386 0.000000 -0.011499 143.281082 0.706225 -4.492890 -1.055015 
522 0.050386 0.000000 -0.031187 138.136101 0.562774 1.250329 -0.908346 
523 0.090490 0.000000 0.027875 78.046998 0.856484 19.453161 0.352951 
524 0.110542 0.000000 0.027875 84.776058 0.845480 15.594870 0.256911 
525 0.090490 0.000000 0.047563 76.474551 0.920501 19.616605 0.376598 
526 -0.089976 0.000000 -0.109936 104.443998 0.094660 -33.031696 -0.199965 
527 -0.130079 0.000000 -0.109936 101.971111 -0.053230 -31.805566 -0.140970 
528 -0.089976 0.000000 -0.149310 105.161194 0.088545 -30.357947 -0.198049 
529 -0.089976 0.000000 0.047563 86.684655 0.093213 -34.683230 0.128284 
530 -0.130079 0.000000 0.047563 90.673551 -0.024999 -32.432103 0.072647 
531 -0.089976 0.000000 0.086937 85.423038 0.090805 -30.377463 0.178011 
532 -0.029821 0.000000 0.027875 69.089130 0.153296 -46.677602 0.304787 
533 -0.049872 0.000000 0.027875 79.832327 0.127047 -42.884753 0.178768 
534 -0.029821 0.000000 0.047563 69.278207 0.141078 -36.406968 0.387504 
535 0.130593 0.000000 0.027875 88.427637 0.798444 13.511183 0.199736 
536 0.150645 0.000000 0.027875 90.189236 0.778203 11.173040 0.174046 
537 0.130593 0.000000 0.047563 89.298942 0.822010 12.337928 0.187280 
538 0.170697 0.000000 0.027875 96.117914 0.616157 3.278916 0.075022 
539 0.190749 0.000000 0.027875 96.117911 0.615312 3.278815 0.075022 
540 0.170697 0.000000 0.047563 92.858751 0.737256 7.608663 0.131882 
541 0.511577 0.000000 -0.228060 100.709937 0.101499 -12.721422 -0.030434 
542 0.511577 0.000000 -0.306809 101.300770 0.066112 -14.425812 -0.046995 
543 0.591784 0.000000 -0.228060 99.330527 0.059697 -14.324782 -0.007176 
544 0.671991 0.000000 -0.228060 98.682138 0.057742 -15.455180 0.002297 
545 0.671991 0.000000 -0.306809 99.561784 0.062259 -15.567627 -0.015490 
546 0.752198 0.000000 -0.228060 98.361645 0.049593 -16.325801 0.005845 
547 0.311059 0.000000 -0.109936 104.847206 0.108502 -5.405193 -0.102216 
548 0.311059 0.000000 -0.149310 105.725831 0.110751 -7.645162 -0.123641 
549 0.351163 0.000000 -0.109936 103.174589 0.195543 -5.825726 -0.067897 
550 0.391266 0.000000 -0.109936 101.458346 0.171583 -6.954210 -0.034219 
551 0.391266 0.000000 -0.149310 102.274078 0.142882 -8.910404 -0.053940 
552 0.431370 0.000000 -0.109936 99.874140 0.130735 -8.263425 -0.004315 
553 0.210801 0.000000 0.027875 99.023138 0.346974 0.271416 0.019422 
554 0.230852 0.000000 0.027875 100.627941 0.194659 -1.225687 -0.012752 
555 0.210801 0.000000 0.047563 98.028119 0.527171 -1.158030 0.038887 
556 0.050386 0.000000 -0.050874 132.653914 0.007743 -19.691871 -0.798483 
557 0.030335 0.000000 -0.050874 135.301537 0.073444 -28.647809 -0.912721 
558 0.050386 0.000000 -0.070561 127.396738 0.043001 -23.577240 -0.678582 
559 0.010283 0.000000 -0.050874 130.764437 0.108058 -39.511390 -0.866050 
560 -0.009769 0.000000 -0.050874 120.720894 0.116839 -45.776709 -0.666905 
561 0.010283 0.000000 -0.070561 123.854033 0.100074 -35.072894 -0.656994 
562 0.471473 0.000000 -0.109936 98.643762 0.086531 -9.392532 0.018118 
563 0.471473 0.000000 -0.149310 99.825698 0.123596 -10.436350 -0.007410 
564 0.511577 0.000000 -0.109936 97.668255 0.121757 -10.677516 0.034689 
565 0.551681 0.000000 -0.109936 97.063698 0.099447 -11.882660 0.043743 
566 0.551681 0.000000 -0.149310 98.337224 0.099577 -12.372459 0.017670 
567 0.591784 0.000000 -0.109936 96.716666 0.083741 -13.464011 0.046460 
568 0.631888 0.000000 -0.109936 96.628681 0.057698 -15.013792 0.043748 
569 0.631888 0.000000 -0.149310 97.576572 0.050395 -14.793975 0.025995 
570 0.671991 0.000000 -0.109936 96.750621 0.050367 -15.901062 0.038647 
571 -0.029821 0.000000 -0.050874 111.421596 0.114070 -45.837989 -0.451591 
572 -0.049872 0.000000 -0.050874 105.507113 0.109299 -43.194634 -0.299754 
573 -0.029821 0.000000 -0.070561 112.240656 0.105804 -40.079253 -0.420432 
1 19 21 3 22 
2 20 19 22 9 
3 28 20 9 30 
4 29 28 30 4 
5 35 37 19 38 
6 36 35 38 20 
7 44 36 20 46 
8 45 44 46 28 
9 51 53 35 54 
10 52 51 54 36 
11 60 52 36 62 
12 61 60 62 44 
13 67 69 51 70 
14 68 67 70 52 
15 76 68 52 78 
16 77 76 78 60 
17 83 85 67 86 
18 84 83 86 68 
19 92 84 68 94 
20 93 92 94 76 
21 99 101 83 102 
22 100 99 102 84 
23 108 100 84 110 
24 109 108 110 92 
25 115 117 99 118 
26 116 115 118 100 
27 10 125 124 26 
28 125 13 126 124 
29 124 126 8 127 
30 26 124 127 14 
31 23 129 128 42 
32 129 26 130 128 
33 128 130 14 131 
34 42 128 131 27 
35 39 133 132 58 
36 133 42 134 132 
37 132 134 27 135 
38 58 132 135 43 
39 137 58 138 136 
40 136 138 43 139 
41 71 141 140 90 
42 141 74 142 140 
43 140 142 59 143 
44 90 140 143 75 
45 87 145 144 106 
46 145 90 146 144 
47 144 146 75 147 
48 106 144 147 91 
49 149 106 150 148 
50 148 150 91 151 
51 152 116 100 154 
52 153 152 154 108 
53 155 157 115 158 
54 156 155 158 116 
55 119 161 159 160 
56 161 122 162 159 
57 14 127 164 37 
58 127 8 165 164 
59 164 165 21 166 
60 37 164 166 19 
61 27 131 167 53 
62 131 14 168 167 
63 167 168 37 169 
64 53 167 169 35 
65 43 135 170 69 
66 135 27 171 170 
67 170 171 53 172 
68 69 170 172 51 
69 139 43 174 173 
70 173 174 69 175 
71 85 173 175 67 
72 75 143 176 101 
73 143 59 177 176 
74 176 177 85 178 
75 101 176 178 83 
76 91 147 179 117 
77 147 75 180 179 
78 179 180 101 181 
79 117 179 181 99 
80 151 91 183 182 
81 182 183 117 184 
82 157 182 184 115 
83 122 186 185 162 
84 186 148 187 185 
85 185 187 151 188 
86 162 185 188 107 
87 189 191 157 192 
88 190 189 192 155 
89 159 195 193 194 
90 195 162 196 193 
91 193 196 107 197 
92 120 204 202 203 
93 204 119 160 202 
94 202 160 123 205 
95 203 202 205 5 
96 160 208 206 207 
97 208 159 194 206 
98 206 194 163 209 
99 207 206 209 123 
100 107 188 210 191 
101 188 151 211 210 
102 210 211 182 212 
103 191 210 212 157 
104 163 197 213 214 
105 197 107 215 213 
106 213 215 191 216 
107 214 213 216 189 
108 194 219 217 218 
109 219 193 220 217 
110 217 220 197 221 
111 218 217 221 163 
112 16 224 222 223 
113 224 15 32 222 
114 222 32 18 225 
115 223 222 225 6 
116 32 228 226 227 
117 228 31 48 226 
118 226 48 34 229 
119 227 226 229 18 
120 48 232 230 231 
121 232 47 64 230 
122 230 64 50 233 
123 231 230 233 34 
124 64 236 234 235 
125 236 63 80 234 
126 234 80 66 237 
127 235 234 237 50 
128 80 240 238 239 
129 239 238 241 66 
130 250 156 116 252 
131 251 250 252 152 
132 199 255 253 254 
133 255 198 256 253 
134 253 256 201 257 
135 254 253 257 114 
136 6 225 258 259 
137 225 18 45 258 
138 258 45 28 260 
139 259 258 260 29 
140 18 229 261 262 
141 229 34 61 261 
142 261 61 44 263 
143 262 261 263 45 
144 34 233 264 265 
145 233 50 77 264 
146 264 77 60 266 
147 265 264 266 61 
148 50 237 267 268 
149 237 66 93 267 
150 267 93 76 269 
151 268 267 269 77 
152 66 241 270 271 
153 270 109 92 272 
154 271 270 272 93 
155 273 153 108 275 
156 274 273 275 109 
157 276 251 152 278 
158 277 276 278 153 
159 281 199 254 279 
160 279 254 114 282 
161 282 114 293 291 
162 291 293 251 294 
163 292 291 294 276 
164 280 297 295 296 
165 297 279 298 295 
166 295 298 282 299 
167 296 295 299 249 
168 300 277 153 302 
169 301 300 302 273 
170 307 309 277 310 
171 308 307 310 300 
172 303 313 311 312 
173 313 288 314 311 
174 311 314 98 315 
175 312 311 315 306 
176 238 318 316 317 
177 318 96 243 316 
178 316 243 82 319 
179 317 316 319 241 
180 243 322 320 321 
181 321 320 323 82 
182 241 319 328 329 
183 319 82 274 328 
184 328 274 109 330 
185 329 328 330 270 
186 82 323 331 332 
187 331 301 273 333 
188 332 331 333 274 
189 334 308 300 336 
190 335 334 336 301 
191 324 339 337 338 
192 339 304 340 337 
193 337 340 286 341 
194 320 344 342 343 
195 344 284 325 342 
196 342 325 245 345 
197 343 342 345 323 
198 325 348 346 347 
199 348 324 338 346 
200 346 338 327 349 
201 347 346 349 245 
202 327 341 350 351 
203 341 286 352 350 
204 350 352 308 353 
205 351 350 353 334 
206 338 356 354 355 
207 356 337 357 354 
208 354 357 341 358 
209 355 354 358 327 
210 286 360 359 352 
211 360 306 361 359 
212 359 361 307 362 
213 352 359 362 308 
214 114 257 363 293 
215 257 201 364 363 
216 363 364 250 365 
217 293 363 365 251 
218 5 205 366 367 
219 205 123 190 366 
220 366 190 155 368 
221 367 366 368 156 
222 123 209 369 370 
223 209 163 214 369 
224 369 214 189 371 
225 370 369 371 190 
226 17 374 372 373 
227 374 7 375 372 
228 372 375 11 33 
229 373 372 33 15 
230 33 378 376 377 
231 378 11 379 376 
232 376 379 24 49 
233 377 376 49 31 
234 49 382 380 381 
235 382 24 383 380 
236 380 383 40 65 
237 381 380 65 47 
238 65 386 384 385 
239 386 40 387 384 
240 384 387 56 81 
241 385 384 81 63 
242 81 390 388 389 
243 390 56 391 388 
244 388 391 72 97 
245 389 388 97 79 
246 97 394 392 393 
247 394 72 395 392 
248 392 395 88 113 
249 393 392 113 95 
250 95 398 396 397 
251 398 113 399 396 
252 396 399 111 248 
253 397 396 248 112 
254 112 402 400 401 
255 402 248 403 400 
256 400 403 246 289 
257 401 400 289 247 
258 247 406 404 405 
259 406 289 407 404 
260 404 407 287 408 
261 79 411 409 410 
262 411 97 393 409 
263 409 393 95 244 
264 410 409 244 96 
265 244 414 412 413 
266 414 95 397 412 
267 412 397 112 285 
268 413 412 285 242 
269 285 417 415 416 
270 417 112 401 415 
271 415 401 247 305 
272 416 415 305 283 
273 305 420 418 419 
274 420 247 405 418 
275 418 405 288 313 
276 419 418 313 303 
277 421 292 276 422 
278 309 421 422 277 
279 288 408 423 314 
280 408 287 424 423 
281 423 424 290 425 
282 314 423 425 98 
283 405 428 426 427 
284 428 404 429 426 
285 426 429 408 430 
286 427 426 430 288 
287 289 432 431 407 
288 432 246 433 431 
289 431 433 280 434 
290 407 431 434 287 
291 74 436 435 142 
292 436 136 437 435 
293 435 437 139 438 
294 142 435 438 59 
295 7 440 439 375 
296 440 12 441 439 
297 439 441 10 25 
298 375 439 25 11 
299 12 443 442 441 
300 443 2 444 442 
301 442 444 13 125 
302 441 442 125 10 
303 1 447 445 446 
304 447 17 373 445 
305 445 373 15 224 
306 446 445 224 16 
307 11 449 448 379 
308 449 25 450 448 
309 448 450 23 41 
310 379 448 41 24 
311 25 452 451 450 
312 452 10 453 451 
313 451 453 26 129 
314 450 451 129 23 
315 15 456 454 455 
316 456 33 377 454 
317 454 377 31 228 
318 455 454 228 32 
319 24 458 457 383 
320 458 41 459 457 
321 457 459 39 57 
322 383 457 57 40 
323 41 461 460 459 
324 461 23 462 460 
325 460 462 42 133 
326 459 460 133 39 
327 31 465 463 464 
328 465 49 381 463 
329 463 381 47 232 
330 464 463 232 48 
331 40 467 466 387 
332 467 57 468 466 
333 466 468 55 73 
334 387 466 73 56 
335 57 470 469 468 
336 470 39 471 469 
337 469 471 58 137 
338 468 469 137 55 
339 47 474 472 473 
340 474 65 385 472 
341 472 385 63 236 
342 473 472 236 64 
343 56 476 475 391 
344 476 73 477 475 
345 475 477 71 89 
346 391 475 89 72 
347 73 479 478 477 
348 479 55 480 478 
349 478 480 74 141 
350 477 478 141 71 
351 63 483 481 482 
352 483 81 389 481 
353 481 389 79 240 
354 482 481 240 80 
355 72 485 484 395 
356 485 89 486 484 
357 484 486 87 105 
358 395 484 105 88 
359 89 488 487 486 
360 488 71 489 487 
361 487 489 90 145 
362 486 487 145 87 
363 113 491 490 399 
364 491 88 492 490 
365 490 492 104 200 
366 399 490 200 111 
367 55 494 493 480 
368 494 137 495 493 
369 493 495 136 436 
370 480 493 436 74 
371 59 438 496 177 
372 438 139 497 496 
373 496 497 173 498 
374 177 496 498 85 
375 198 500 499 256 
376 500 120 203 499 
377 499 203 5 501 
378 256 499 501 201 
379 240 504 502 503 
380 504 79 410 502 
381 502 410 96 318 
382 503 502 318 238 
383 96 507 505 506 
384 507 244 413 505 
385 505 413 242 322 
386 506 505 322 243 
387 248 509 508 403 
388 509 111 510 508 
389 508 510 199 281 
390 403 508 281 246 
391 201 501 511 364 
392 501 5 367 511 
393 511 367 156 512 
394 364 511 512 250 
395 246 514 513 433 
396 514 281 515 513 
397 513 515 279 297 
398 433 513 297 280 
399 242 518 516 517 
400 518 285 416 516 
401 516 416 283 326 
402 517 516 326 284 
403 287 434 519 424 
404 434 280 296 519 
405 519 296 249 520 
406 424 519 520 290 
407 304 522 521 340 
408 522 303 312 521 
409 521 312 306 360 
410 340 521 360 286 
411 306 315 523 361 
412 315 98 524 523 
413 523 524 309 525 
414 361 523 525 307 
415 322 528 526 527 
416 528 242 517 526 
417 526 517 284 344 
418 527 526 344 320 
419 323 345 529 530 
420 345 245 335 529 
421 529 335 301 531 
422 530 529 531 331 
423 245 349 532 533 
424 349 327 351 532 
425 532 351 334 534 
426 533 532 534 335 
427 98 425 535 524 
428 425 290 536 535 
429 535 536 421 537 
430 524 535 537 309 
431 290 520 538 536 
432 520 249 539 538 
433 538 539 292 540 
434 536 538 540 421 
435 88 542 541 492 
436 542 105 543 541 
437 541 543 103 121 
438 492 541 121 104 
439 105 545 544 543 
440 545 87 546 544 
441 544 546 106 149 
442 543 544 149 103 
443 111 548 547 510 
444 548 200 549 547 
445 547 549 198 255 
446 510 547 255 199 
447 200 551 550 549 
448 551 104 552 550 
449 550 552 120 500 
450 549 550 500 198 
451 249 299 553 539 
452 299 282 554 553 
453 553 554 291 555 
454 539 553 555 292 
455 283 558 556 557 
456 558 305 419 556 
457 556 419 303 522 
458 557 556 522 304 
459 326 561 559 560 
460 561 283 557 559 
461 559 557 304 339 
462 560 559 339 324 
463 104 563 562 552 
464 563 121 564 562 
465 562 564 119 204 
466 552 562 204 120 
467 121 566 565 564 
468 566 103 567 565 
469 565 567 122 161 
470 564 565 161 119 
471 103 569 568 567 
472 569 149 570 568 
473 568 570 148 186 
474 567 568 186 122 
475 284 573 571 572 
476 573 326 560 571 
477 571 560 324 348 
478 572 571 348 325 
